45.249 7.769
57.750 7.748
70.257 7.773
82.738 7.768
32.757 20.244
45.238 20.244
57.764 20.252
70.253 20.243
82.768 20.241
95.250 20.249
20.248 32.771
32.760 32.744
45.230 32.742
57.749 32.757
70.240 32.769
82.755 32.765
95.254 32.755
107.763 32.752
7.752 45.227
20.260 45.246
32.772 45.250
45.247 45.270
57.755 45.238
70.253 45.242
82.766 45.251
95.242 45.243
107.740 45.236
120.244 45.247
7.758 57.755
20.259 57.762
32.746 57.756
47.817 56.637
55.732 60.384
69.904 61.346
83.882 57.478
92.398 56.687
108.741 59.400
121.150 56.750
6.014 70.986
18.927 70.178
31.583 68.932
46.068 67.167
59.000 69.872
72.786 68.629
83.986 70.215
94.365 69.901
109.280 68.396
121.047 69.845
8.824 84.824
20.215 83.914
33.157 83.022
46.124 83.081
59.255 79.576
69.301 81.689
85.826 84.094
95.986 82.700
107.138 84.172
120.032 82.437
18.196 94.776
31.403 93.876
44.420 96.784
56.083 95.000
68.940 94.865
84.244 96.047
93.927 93.091
108.147 94.563
34.654 110.069
44.760 110.438
57.156 107.367
67.529 107.721
81.865 109.778
95.000 107.000
46.385 120.615
59.827 119.986
67.844 118.792
82.553 119.668
