45.257 7.746
57.756 7.766
70.255 7.766
82.748 7.761
32.750 20.235
45.242 20.247
57.747 20.232
70.261 20.239
82.762 20.246
95.243 20.243
20.249 32.756
32.754 32.756
45.234 32.736
57.770 32.759
70.249 32.764
82.746 32.767
95.242 32.762
107.739 32.758
7.762 45.233
20.246 45.251
32.746 45.243
45.243 45.240
57.756 45.236
70.251 45.243
82.740 45.238
95.234 45.245
107.764 45.240
120.252 45.250
7.756 57.754
20.230 57.756
32.756 57.747
45.261 57.751
57.757 57.772
70.234 57.756
82.758 57.762
95.241 57.767
107.744 57.753
120.255 57.759
7.755 70.240
20.247 70.250
32.752 70.246
45.230 70.255
57.764 70.249
70.265 70.241
82.752 70.243
95.239 70.245
107.758 70.233
120.249 70.244
7.748 82.745
20.246 82.762
32.764 82.755
45.255 82.741
57.741 82.751
70.244 82.755
82.756 82.758
95.232 82.763
107.747 82.755
120.257 82.746
20.253 95.249
32.748 95.251
45.242 95.247
57.764 95.234
70.264 95.253
82.766 95.256
95.240 95.245
107.757 95.258
32.754 107.745
45.257 107.752
57.765 107.761
64.497 109.430
82.739 107.759
95.238 107.751
45.265 120.243
57.799 120.212
70.261 120.234
82.750 120.259
