45.276 7.738
57.754 7.746
70.238 7.779
82.755 7.755
32.760 20.209
45.168 20.276
57.758 20.223
70.241 20.276
82.781 20.219
95.210 20.214
20.223 32.775
32.730 32.726
45.317 32.782
57.573 33.108
69.908 31.201
82.682 33.977
94.716 33.090
106.450 32.616
7.260 45.391
20.303 45.236
34.453 45.460
45.994 46.667
58.467 44.982
70.220 44.471
83.048 45.350
94.807 45.209
108.516 44.736
120.175 45.369
8.719 57.970
19.520 57.055
32.780 57.817
44.262 57.086
58.732 58.317
69.575 56.678
81.987 58.924
95.132 58.049
108.069 57.974
120.564 57.532
8.842 71.076
20.232 70.010
32.965 70.431
46.318 71.699
58.257 70.381
68.436 69.401
82.143 70.678
95.423 71.217
108.178 69.726
119.990 69.498
6.861 83.101
18.982 82.477
32.474 84.291
44.843 81.446
57.375 83.462
70.360 82.861
82.172 83.260
94.885 82.175
108.285 83.267
119.700 82.925
20.122 94.966
33.012 93.609
45.523 96.360
59.035 94.528
69.847 93.359
82.887 93.030
95.008 95.211
108.859 94.554
33.313 107.870
44.794 108.320
58.132 107.728
71.297 108.433
81.989 106.859
94.477 108.689
45.002 121.316
57.800 119.038
70.174 119.879
82.616 119.603
