45.255 7.761
57.750 7.755
70.245 7.758
82.766 7.762
32.751 20.246
45.227 20.242
57.762 20.248
70.252 20.235
82.760 20.233
95.258 20.240
20.258 32.734
32.743 32.744
45.243 32.764
57.765 32.748
70.248 32.742
82.750 32.751
95.244 32.753
107.746 32.760
7.748 45.272
20.248 45.235
32.763 45.251
45.237 45.245
57.753 45.251
70.246 45.242
82.756 45.236
95.249 45.236
107.747 45.233
120.249 45.244
7.735 57.753
20.260 57.743
32.754 57.763
45.248 57.745
57.756 57.762
70.249 57.758
82.758 57.753
95.244 57.761
107.755 57.762
120.257 57.753
7.755 70.248
20.246 70.238
32.742 70.233
45.227 70.256
57.742 70.257
70.253 70.248
82.748 70.243
95.242 70.244
107.747 70.239
120.237 70.243
7.760 82.773
20.248 82.739
32.747 82.758
45.253 82.754
57.750 82.745
70.248 82.753
82.750 82.748
95.246 82.763
107.746 82.759
120.236 82.747
20.246 95.251
32.758 95.249
45.250 95.260
57.757 95.241
70.248 95.246
82.759 95.262
95.240 95.251
107.745 95.250
32.756 107.756
45.242 107.771
57.744 107.757
70.248 107.747
82.746 107.759
95.235 107.745
45.242 120.245
57.764 120.255
70.237 120.257
82.758 120.241
