45.256 7.780
57.746 7.750
70.249 7.762
82.746 7.744
32.752 20.253
45.242 20.230
57.772 20.229
70.261 20.235
82.766 20.241
95.244 20.250
20.254 32.730
32.747 32.749
45.245 32.751
57.748 32.749
70.256 32.758
82.745 32.758
95.247 32.758
107.742 32.752
7.756 45.260
20.239 45.249
32.761 45.258
45.246 45.238
57.744 45.256
70.249 45.253
82.749 45.243
95.251 45.239
107.765 45.249
120.268 45.256
7.751 57.747
20.251 57.758
32.746 57.743
45.245 57.748
57.764 57.747
70.253 57.741
82.744 57.757
95.245 57.749
107.758 57.751
120.260 57.750
7.741 70.232
20.242 70.258
32.755 70.248
45.237 70.243
57.757 70.236
70.243 70.256
82.755 70.264
95.247 70.254
107.747 70.264
120.230 70.248
7.751 82.750
20.247 82.743
32.765 82.763
45.251 82.743
57.761 82.748
70.254 82.738
82.749 82.758
95.250 82.748
107.745 82.754
120.260 82.762
21.281 95.306
33.264 93.332
45.138 94.701
58.097 94.903
70.700 94.796
82.782 94.960
95.159 95.000
109.281 95.128
34.705 108.112
44.449 108.722
59.273 108.010
64.078 107.615
83.050 108.132
95.058 107.912
44.568 120.068
57.371 120.302
71.062 120.267
82.718 120.376
