45.251 7.771
57.740 7.753
70.255 7.754
82.747 7.753
32.759 20.240
45.242 20.239
57.731 20.234
70.246 20.248
82.762 20.222
95.241 20.251
18.665 33.096
32.754 32.332
46.652 32.722
59.223 33.227
70.837 34.837
83.911 33.551
94.755 32.000
108.138 33.083
8.401 46.308
19.730 44.656
31.000 44.010
44.444 44.514
58.235 45.177
69.347 45.333
83.454 43.896
95.680 45.247
107.792 43.916
120.508 44.044
7.642 59.605
19.849 57.817
32.803 57.237
45.972 56.389
56.000 60.000
70.188 59.640
83.419 58.467
94.135 57.135
108.771 58.521
120.429 57.054
5.577 71.092
19.234 70.404
32.847 68.873
45.874 68.869
58.223 69.185
72.337 68.778
83.720 69.873
95.062 70.244
108.974 68.755
119.571 70.305
9.009 84.716
19.991 83.142
33.157 82.729
46.235 83.494
59.088 81.000
69.609 82.251
85.142 84.447
95.741 83.141
107.092 83.939
120.412 82.872
18.902 95.121
31.208 94.138
45.286 96.619
57.955 94.318
69.097 95.402
84.087 94.946
93.135 93.829
109.199 94.970
35.444 109.087
45.129 109.500
57.011 107.022
67.197 107.838
81.823 110.271
95.155 108.021
45.924 119.614
58.743 120.029
69.436 119.840
82.450 120.200
