45.256 7.743
57.756 7.773
69.637 8.311
82.460 8.159
34.295 19.914
45.494 20.955
57.652 19.741
69.884 20.528
83.347 18.653
95.582 20.418
21.574 33.000
33.227 31.470
44.823 34.071
58.341 33.298
70.424 33.413
82.568 32.566
94.951 31.781
108.338 33.331
7.307 46.000
20.387 44.973
33.998 43.636
45.400 45.593
57.000 44.192
69.569 45.411
82.345 44.000
94.509 45.735
108.418 44.873
119.256 45.270
7.417 57.806
20.571 57.859
33.000 57.125
44.417 58.329
58.112 59.320
70.394 58.000
83.170 57.604
95.812 58.028
108.120 59.000
119.802 57.802
8.000 71.743
20.127 71.206
33.560 69.809
45.335 70.276
58.349 71.619
71.285 69.907
82.249 69.365
93.293 71.293
107.937 70.044
120.250 69.963
7.880 82.804
19.667 83.178
32.808 82.548
43.750 83.048
57.807 83.153
69.645 83.094
82.863 82.350
94.838 82.302
108.107 82.698
120.044 82.455
20.185 94.562
32.784 95.143
45.794 94.735
56.870 94.725
69.356 95.599
84.709 94.699
94.851 95.807
108.208 95.528
33.000 108.081
43.663 107.755
55.797 106.084
64.811 108.243
81.577 110.050
94.696 107.490
45.763 120.113
60.914 120.199
67.629 119.928
82.966 120.417
