45.243 7.765
57.759 7.742
70.238 7.758
82.753 7.744
32.770 20.242
45.239 20.219
57.757 20.244
70.240 20.246
82.727 20.240
95.235 20.257
20.245 32.763
32.767 32.753
45.247 32.753
57.743 32.768
70.247 32.756
82.754 32.744
95.241 32.765
107.737 32.766
7.741 45.247
20.248 45.249
32.760 45.247
45.255 45.267
57.741 45.239
70.257 45.247
82.752 45.233
95.222 45.236
107.751 45.239
120.231 45.255
7.745 57.780
20.246 57.743
32.762 57.749
45.239 57.758
57.485 59.269
70.148 57.538
83.821 57.860
94.450 57.432
108.671 57.981
120.270 56.730
6.298 70.080
19.862 70.378
33.000 69.333
46.153 69.649
58.124 68.895
69.840 70.010
84.040 70.211
94.923 69.839
108.856 69.144
120.502 69.516
7.980 84.411
19.309 83.122
33.477 81.640
45.645 83.000
58.622 82.000
70.456 82.058
83.628 83.866
96.244 82.854
107.733 83.569
121.522 83.111
19.452 95.172
33.495 94.473
46.000 96.167
58.030 95.273
68.838 95.011
83.587 94.750
94.248 94.390
108.088 95.421
34.866 109.000
44.921 108.803
58.284 108.162
69.050 108.132
82.306 108.650
94.853 108.000
46.198 119.190
58.209 119.801
69.710 120.497
82.891 119.959
