45.241 7.755
57.745 7.745
70.250 7.768
82.749 7.755
32.762 20.242
45.250 20.239
57.759 20.246
70.256 20.243
82.754 20.250
95.256 20.234
20.265 32.758
32.755 32.746
45.254 32.750
57.770 32.751
70.243 32.764
82.747 32.762
95.234 32.750
107.753 32.757
7.749 45.251
20.251 45.256
32.753 45.241
45.246 45.233
57.752 45.235
70.240 45.263
82.746 45.248
95.245 45.245
107.741 45.240
120.227 45.242
7.746 57.752
20.251 57.735
32.733 57.756
45.202 57.775
57.758 57.760
70.217 57.786
82.765 57.749
95.222 57.784
107.767 57.764
120.249 57.771
7.758 70.237
20.249 70.224
32.755 70.231
45.205 70.217
57.751 70.245
70.225 70.221
82.750 70.250
95.251 70.261
107.774 70.235
120.244 70.254
7.749 82.749
20.239 82.747
32.759 82.749
45.237 82.762
57.788 82.779
70.249 82.755
82.775 82.771
95.255 82.757
107.748 82.762
120.245 82.761
20.247 95.234
32.750 95.246
45.237 95.240
57.752 95.253
70.239 95.256
82.754 95.236
95.234 95.239
107.754 95.246
32.759 107.770
45.239 107.761
56.000 106.297
66.334 108.315
81.621 109.702
94.370 107.042
45.734 120.288
59.450 120.067
68.367 120.114
83.440 119.852
