45.243 7.763
57.736 7.736
70.256 7.763
82.760 7.754
32.754 20.236
45.247 20.236
57.759 20.251
70.260 20.272
82.731 20.241
95.246 20.249
20.236 32.759
32.757 32.756
45.253 32.756
57.754 32.758
70.259 32.744
82.748 32.755
95.249 32.755
107.754 32.761
7.751 45.241
20.236 45.260
32.752 45.236
45.247 45.238
57.765 45.245
70.251 45.236
82.753 45.253
95.251 45.260
107.743 45.240
120.255 45.229
7.757 57.744
20.242 57.755
32.753 57.739
45.249 57.749
57.759 57.753
70.243 57.752
82.762 57.753
95.254 57.769
107.765 57.755
120.249 57.756
7.760 70.245
20.239 70.248
32.757 70.251
45.244 70.251
57.749 70.252
70.233 70.244
82.767 70.248
95.236 70.233
107.751 70.243
120.245 70.246
7.759 82.760
20.262 82.758
32.766 82.752
45.241 82.750
57.756 82.761
70.234 82.734
82.751 82.754
95.246 82.759
107.752 82.776
120.248 82.750
20.249 95.228
32.768 95.242
45.245 95.248
57.754 95.258
70.237 95.233
82.741 95.259
95.243 95.230
107.743 95.236
32.746 107.761
45.258 107.758
57.753 107.769
64.642 108.346
82.761 107.748
95.234 107.745
45.236 120.247
57.747 120.246
70.258 120.239
82.760 120.245
