45.238 7.763
57.756 7.747
70.230 7.749
82.757 7.754
32.766 20.254
45.237 20.232
57.809 20.258
70.244 20.243
82.710 20.267
95.227 20.234
20.253 32.747
32.803 32.720
45.207 32.823
57.765 32.747
70.249 32.752
82.768 32.755
95.232 32.789
107.756 32.757
7.761 45.248
20.280 45.237
32.729 45.240
45.284 45.326
57.771 45.216
70.259 45.241
82.778 45.223
95.227 45.234
107.714 45.278
120.203 45.207
7.724 57.760
20.260 57.775
32.753 57.827
45.245 57.772
57.755 57.785
70.274 57.751
82.754 57.775
95.223 57.765
107.744 57.762
120.250 57.783
7.788 70.232
20.260 70.242
32.777 70.221
45.222 70.186
57.723 70.237
70.237 70.220
82.766 70.266
95.209 70.230
107.766 70.220
120.272 70.220
7.754 82.770
20.222 82.768
32.759 82.781
45.237 82.756
57.809 82.793
70.209 82.807
82.751 82.793
95.263 82.778
107.757 82.764
120.211 82.768
20.246 95.259
32.770 95.227
45.252 95.227
57.766 95.218
70.243 95.240
82.739 95.200
95.246 95.223
107.802 95.229
32.764 107.747
45.228 107.761
57.775 107.773
70.236 107.768
82.762 107.741
95.240 107.773
45.251 120.245
57.736 120.218
70.204 120.237
82.790 120.226
