45.250 7.750
57.750 7.750
70.250 7.750
82.750 7.750
32.750 20.250
45.250 20.250
57.750 20.250
70.250 20.250
82.750 20.250
95.250 20.250
20.250 32.750
32.750 32.750
45.250 32.750
57.750 32.750
70.250 32.750
82.750 32.750
95.250 32.750
107.750 32.750
7.750 45.250
20.250 45.250
32.750 45.250
45.250 45.250
57.750 45.250
70.250 45.250
82.750 45.250
95.250 45.250
107.750 45.250
120.250 45.250
7.750 57.750
20.250 57.750
32.750 57.750
45.250 57.750
57.750 57.750
70.250 57.750
82.750 57.750
95.250 57.750
107.750 57.750
120.250 57.750
7.750 70.250
20.250 70.250
32.750 70.250
45.250 70.250
57.750 70.250
70.250 70.250
82.750 70.250
95.250 70.250
107.750 70.250
120.250 70.250
7.750 82.750
20.250 82.750
32.750 82.750
45.250 82.750
57.750 82.750
70.250 82.750
82.750 82.750
95.250 82.750
107.750 82.750
120.250 82.750
20.250 95.250
32.750 95.250
45.250 95.250
57.750 95.250
70.250 95.250
82.750 95.250
95.250 95.250
107.750 95.250
32.750 107.750
45.250 107.750
57.750 107.750
70.250 107.750
82.750 107.750
95.250 107.750
45.250 120.250
57.750 120.250
70.250 120.250
82.750 120.250
