0.08690398
0.06072821
0.02951486
0.05318021
0.06438956
0.09777803
0.01245480
0.00730083
0.00682986
0.00530015
0.02801485
0.10408842
0.03759868
-0.03074734
-0.04053188
-0.04135284
-0.03858264
-0.04094868
-0.01952880
-0.00765427
0.05082051
0.07647835
-0.03040764
-0.03362506
-0.05114872
-0.04673535
-0.05386327
-0.04721709
-0.03948503
-0.02749482
-0.00321407
0.01933188
-0.01204455
-0.03973009
-0.05410890
-0.05666486
-0.06019715
-0.06817638
-0.06559576
-0.06679001
-0.05230371
-0.01990403
0.00863267
-0.00853047
-0.02312485
-0.02464706
-0.05143539
-0.05983642
-0.05788277
-0.06010302
-0.06087431
-0.06334799
-0.03407918
-0.02140943
-0.01807915
-0.03315480
-0.04559789
-0.07371034
-0.07808295
-0.07972109
-0.07674538
-0.06964361
-0.07063628
-0.04620797
0.00632525
0.10573750
-0.06034120
-0.02289542
-0.05779027
-0.05101576
-0.05061949
-0.03870515
-0.04768808
-0.04188521
-0.02520447
0.03910798
0.03919965
-0.02532337
-0.01702602
-0.03911951
-0.04270238
-0.04890000
-0.02917331
-0.02347923
0.03407432
0.03541599
-0.04946941
-0.00006560
-0.03802111
0.01074418
-0.02313993
0.08701477
0.19569725
-0.05487403
0.09211710
-0.06758205
-0.17356641
