100.714 18.927
109.828 18.870
118.888 18.912
127.993 18.937
137.046 18.843
146.175 18.937
155.220 18.911
82.550 27.964
91.641 27.943
100.739 28.007
109.832 28.031
118.897 28.054
128.006 27.981
137.066 27.950
146.255 27.968
155.227 27.999
164.297 27.983
173.454 28.056
64.360 37.067
73.480 37.151
82.603 37.047
91.680 37.108
100.706 37.101
109.838 37.048
118.882 37.065
128.010 37.061
137.097 37.078
146.176 37.062
155.270 37.098
164.310 37.036
173.383 37.101
182.496 37.083
191.650 37.045
55.237 46.139
64.309 46.177
73.336 46.102
82.446 46.127
91.662 46.134
100.715 46.139
109.868 46.219
118.902 46.110
128.008 46.186
137.093 46.187
146.161 46.206
155.313 46.163
164.300 46.217
173.390 46.173
182.526 46.144
191.642 46.153
200.759 46.202
46.122 55.218
55.236 55.208
64.374 55.198
73.402 55.221
82.573 55.273
91.662 55.297
100.695 55.204
109.866 55.280
118.874 55.261
127.990 55.243
137.022 55.302
146.188 55.202
155.276 55.329
164.310 55.258
173.419 55.348
182.550 55.307
191.697 55.212
200.714 55.191
209.885 55.213
37.129 64.265
46.061 64.354
55.269 64.281
64.369 64.316
73.345 64.325
82.675 64.299
91.653 64.339
100.774 64.310
109.853 64.257
118.928 64.379
128.023 64.302
137.101 64.311
146.148 64.307
155.194 64.315
164.302 64.283
173.479 64.332
182.552 64.320
191.656 64.272
200.823 64.360
209.807 64.310
218.872 64.301
37.018 73.487
46.206 73.380
55.259 73.415
64.257 73.431
73.447 73.400
82.584 73.431
91.645 73.506
100.718 73.399
109.772 73.427
118.937 73.533
128.015 73.472
137.075 73.401
146.176 73.390
155.234 73.420
164.259 73.464
173.391 73.371
182.636 73.419
191.705 73.398
200.786 73.377
209.819 73.506
218.978 73.357
27.992 82.630
37.014 82.552
46.215 82.548
55.226 82.626
64.239 82.602
73.453 82.559
82.548 82.633
91.740 82.562
100.755 82.568
109.853 82.627
119.038 82.653
127.948 82.580
137.117 82.548
146.205 82.607
155.216 82.479
164.336 82.594
173.415 82.584
182.555 82.570
191.638 82.636
200.754 82.601
209.860 82.547
218.964 82.571
227.971 82.574
28.005 91.621
37.091 91.688
46.217 91.630
55.269 91.455
64.378 91.720
73.409 91.670
82.568 91.673
91.665 91.665
100.735 91.680
109.917 91.584
118.981 91.682
127.937 91.650
137.069 91.714
146.187 91.692
155.247 91.663
164.314 91.664
173.440 91.675
182.595 91.639
191.663 91.707
200.774 91.686
209.792 91.683
218.971 91.711
227.986 91.691
18.903 100.785
28.007 100.737
37.111 100.777
46.105 100.720
55.305 100.833
64.355 100.768
73.410 100.677
82.605 100.726
91.688 100.681
100.715 100.759
109.819 100.705
118.843 100.786
127.989 100.716
136.991 100.732
146.152 100.700
155.243 100.736
164.272 100.762
173.378 100.782
182.590 100.753
191.645 100.745
200.767 100.748
209.807 100.775
218.942 100.762
228.065 100.736
237.089 100.789
18.947 109.876
27.992 109.857
37.099 109.776
46.155 109.846
55.232 109.854
64.352 109.929
73.432 109.810
82.517 109.877
91.647 109.819
100.702 109.823
109.792 109.837
118.917 109.857
128.021 109.874
137.061 109.869
146.174 109.784
155.265 109.865
164.328 109.856
173.412 109.847
182.586 109.825
191.669 109.800
200.789 109.829
209.809 109.914
218.883 109.835
227.964 109.811
237.069 109.832
18.933 118.969
28.026 118.933
37.072 118.886
46.076 118.945
55.268 118.860
64.346 118.942
73.388 118.967
82.598 118.956
91.716 118.994
100.802 118.979
109.947 118.996
118.879 118.927
127.992 118.919
137.081 118.931
146.143 118.883
155.216 118.917
164.331 118.942
173.450 118.955
182.508 118.912
191.644 118.925
200.727 118.926
209.804 118.891
218.905 118.927
228.006 118.914
237.052 118.944
18.972 127.968
28.030 128.029
37.111 128.050
46.164 128.028
55.215 128.020
64.370 127.956
73.437 127.941
82.608 127.931
91.739 128.031
100.761 128.037
109.837 127.951
118.906 128.087
127.960 128.014
137.085 127.995
146.185 127.953
155.258 128.013
164.393 127.947
173.425 127.975
182.621 128.005
191.667 128.061
200.785 128.036
209.858 127.961
218.897 128.024
227.991 128.047
237.071 128.004
18.858 137.077
28.049 137.083
37.012 137.084
46.170 137.112
55.261 137.076
64.303 137.073
73.421 137.099
82.529 137.129
91.677 137.066
100.760 137.115
109.843 137.035
118.934 137.083
127.984 137.067
137.119 137.010
146.167 137.041
155.239 137.023
164.319 137.126
173.439 137.126
182.604 137.008
191.640 137.049
200.715 137.034
209.847 137.070
218.956 137.083
228.017 137.086
237.079 137.169
18.962 146.160
28.025 146.140
37.090 146.187
46.162 146.218
55.266 146.192
64.452 146.132
73.350 146.097
82.555 146.157
91.680 146.129
100.705 146.153
109.777 146.228
118.910 146.154
127.981 146.165
137.086 146.158
146.115 146.223
155.218 146.156
164.312 146.150
173.379 146.132
182.542 146.207
191.652 146.134
200.672 146.109
209.895 146.209
218.917 146.152
228.014 146.167
237.004 146.203
18.909 155.209
28.011 155.189
37.137 155.273
46.110 155.191
55.268 155.226
64.293 155.217
73.406 155.309
82.605 155.232
91.643 155.237
100.803 155.246
109.857 155.295
118.849 155.242
127.958 155.244
137.066 155.261
146.134 155.225
155.298 155.199
164.358 155.321
173.448 155.272
182.577 155.259
191.630 155.279
200.732 155.239
209.795 155.207
218.936 155.181
227.975 155.224
237.046 155.239
27.999 164.321
37.075 164.318
46.170 164.287
55.249 164.376
64.327 164.285
73.436 164.369
82.678 164.304
91.668 164.372
100.789 164.386
109.841 164.350
118.907 164.347
128.024 164.261
137.047 164.352
146.141 164.349
155.246 164.344
164.336 164.299
173.425 164.339
182.553 164.309
191.734 164.291
200.753 164.335
209.859 164.321
218.983 164.285
227.996 164.311
28.012 173.417
37.031 173.446
46.176 173.415
55.247 173.420
64.385 173.389
73.393 173.384
82.610 173.427
91.638 173.403
100.812 173.446
109.851 173.378
118.905 173.431
127.975 173.376
137.046 173.387
146.100 173.408
155.246 173.405
164.279 173.429
173.382 173.397
182.677 173.398
191.672 173.362
200.712 173.465
209.804 173.351
218.893 173.439
228.009 173.473
37.060 182.558
46.125 182.552
55.265 182.551
64.308 182.582
73.367 182.647
82.634 182.518
91.617 182.577
100.693 182.612
109.828 182.606
118.947 182.640
128.020 182.602
137.078 182.585
146.196 182.580
155.248 182.603
164.298 182.588
173.390 182.561
182.598 182.570
191.645 182.586
200.759 182.569
209.786 182.585
218.886 182.591
37.135 191.694
46.135 191.702
55.201 191.629
64.367 191.703
73.380 191.659
82.582 191.673
91.651 191.628
100.743 191.650
109.849 191.701
118.918 191.630
128.009 191.654
137.111 191.728
146.096 191.641
155.163 191.662
164.389 191.658
173.411 191.678
182.568 191.655
191.634 191.678
200.837 191.639
209.860 191.586
218.916 191.642
46.183 200.768
55.277 200.781
64.334 200.747
73.388 200.856
82.577 200.812
91.658 200.732
100.801 200.756
109.899 200.736
118.963 200.800
128.018 200.756
137.029 200.752
146.147 200.780
155.252 200.754
164.311 200.789
173.462 200.798
182.615 200.724
191.623 200.730
200.772 200.734
209.965 200.787
55.250 209.906
64.407 209.850
73.369 209.851
82.617 209.869
91.589 209.871
100.737 209.860
109.814 209.820
118.854 209.829
128.001 209.862
137.127 209.812
146.178 209.908
155.241 209.836
164.317 209.866
173.403 209.825
182.736 209.851
191.642 209.817
200.737 209.883
64.387 218.937
73.434 218.896
82.641 218.929
91.707 218.924
100.806 218.973
109.931 219.027
118.965 218.962
128.011 218.929
137.067 218.932
146.160 218.895
155.239 218.872
164.300 218.957
173.403 218.903
182.482 218.922
191.719 218.927
82.465 227.967
91.657 228.042
100.795 227.994
109.851 227.983
118.920 227.961
128.032 228.045
137.069 228.006
146.166 227.973
155.289 227.996
164.272 228.005
173.475 227.987
100.703 237.114
109.908 237.014
118.891 237.051
128.018 237.083
137.216 237.092
146.171 237.059
155.348 237.092
