100.774 18.966
109.829 18.865
118.863 18.993
128.019 18.972
137.091 18.935
146.166 18.885
155.292 18.970
82.659 27.995
91.730 28.014
100.807 27.986
109.848 27.959
118.931 27.961
127.960 27.991
137.055 28.039
146.188 28.026
155.237 27.972
164.329 27.985
173.401 27.969
64.345 37.110
73.419 37.084
82.605 37.054
91.695 37.045
100.742 37.101
109.822 37.069
118.935 37.121
127.966 37.066
137.117 37.093
146.197 37.162
155.267 37.122
164.332 37.063
173.391 37.088
182.447 37.100
191.709 37.041
55.252 46.149
64.338 46.107
73.480 46.184
82.599 46.218
91.600 46.154
100.884 46.212
109.844 46.163
118.838 46.177
127.997 46.125
137.083 46.114
146.108 46.115
155.273 46.127
164.285 46.146
173.400 46.086
182.649 46.177
191.708 46.169
200.707 46.110
46.157 55.194
55.234 55.253
64.368 55.285
73.430 55.262
82.595 55.220
91.731 55.203
100.813 55.231
109.815 55.196
118.922 55.254
128.016 55.219
137.139 55.270
146.199 55.263
155.229 55.258
164.330 55.228
173.414 55.344
182.606 55.269
191.716 55.359
200.799 55.217
209.839 55.213
37.050 64.340
46.123 64.271
55.200 64.345
64.248 64.374
73.407 64.306
82.471 64.349
91.705 64.321
100.759 64.438
109.835 64.354
118.943 64.332
128.087 64.401
137.132 64.310
146.220 64.373
155.287 64.384
164.324 64.342
173.423 64.305
182.560 64.313
191.678 64.351
200.686 64.293
209.873 64.291
218.887 64.327
37.072 73.556
46.127 73.414
55.288 73.486
64.356 73.451
73.328 73.449
82.687 73.434
91.667 73.451
100.740 73.399
109.867 73.497
118.897 73.324
127.960 73.521
137.082 73.586
146.111 73.408
155.264 73.436
164.340 73.440
173.381 73.338
182.527 73.421
191.643 73.412
200.713 73.405
209.848 73.579
218.888 73.435
27.971 82.568
37.123 82.519
46.259 82.600
55.245 82.587
64.332 82.572
73.489 82.614
82.634 82.620
91.734 82.542
100.716 82.611
110.013 82.634
118.938 82.558
127.981 82.571
137.145 82.541
146.193 82.586
155.284 82.454
164.369 82.485
173.409 82.582
182.537 82.586
191.748 82.657
200.722 82.586
209.843 82.642
218.899 82.611
227.940 82.563
27.996 91.665
37.149 91.744
46.125 91.670
55.217 91.680
64.253 91.609
73.403 91.609
82.660 91.684
91.693 91.642
100.728 91.687
109.904 91.712
118.905 91.709
127.984 91.692
137.035 91.685
146.214 91.662
155.210 91.719
164.316 91.690
173.469 91.634
182.494 91.676
191.650 91.593
200.728 91.685
209.828 91.672
218.923 91.603
228.079 91.763
18.923 100.714
27.958 100.780
37.134 100.745
46.181 100.723
55.256 100.770
64.299 100.771
73.355 100.774
82.596 100.722
91.662 100.804
100.719 100.770
109.811 100.766
118.966 100.721
127.980 100.712
137.052 100.747
146.161 100.751
155.286 100.785
164.316 100.706
173.447 100.791
182.628 100.662
191.605 100.693
200.746 100.794
209.809 100.705
218.903 100.804
228.025 100.723
237.085 100.707
19.036 109.759
28.018 109.851
37.109 109.789
46.174 109.825
55.248 109.820
64.399 109.819
73.336 109.857
82.508 109.777
91.678 109.905
100.825 109.783
109.886 109.842
118.915 109.838
128.036 109.808
137.093 109.833
146.168 109.810
155.222 109.840
164.315 109.890
173.432 109.879
182.637 109.817
191.716 109.830
200.730 109.817
209.853 109.879
218.996 109.789
228.029 109.809
237.076 109.816
18.877 118.868
27.930 118.952
37.055 118.908
46.192 118.927
55.245 118.951
64.341 118.930
73.401 118.922
82.554 118.951
91.722 118.946
100.701 118.934
109.846 118.884
118.874 118.894
127.962 118.953
137.030 118.891
146.184 118.884
155.254 118.908
164.314 118.935
173.426 118.907
182.609 118.875
191.694 118.969
200.736 118.926
209.849 118.947
218.948 118.935
228.049 118.963
237.011 118.908
18.916 127.969
27.974 128.012
37.100 128.012
46.188 127.990
55.199 128.022
64.347 127.973
73.437 128.042
82.575 127.935
91.729 127.978
100.777 127.952
109.945 128.035
118.998 128.053
127.977 128.008
137.105 128.064
146.145 127.995
155.324 128.047
164.359 127.977
173.390 128.083
182.556 128.000
191.688 128.022
200.704 127.895
209.814 127.955
218.915 127.959
228.059 127.989
237.076 127.996
18.911 137.045
28.003 137.125
37.031 137.135
46.162 137.093
55.233 137.052
64.309 137.090
73.422 137.096
82.607 137.097
91.638 137.114
100.770 137.014
109.804 137.175
118.953 137.126
127.977 137.116
137.113 137.080
146.127 137.078
155.279 137.061
164.297 137.099
173.421 137.126
182.571 137.108
191.768 137.102
200.734 137.038
209.771 137.139
218.964 137.105
228.008 137.071
237.046 137.110
18.910 146.130
28.064 146.135
37.069 146.165
46.140 146.195
55.251 146.164
64.317 146.148
73.409 146.094
82.578 146.111
91.688 146.150
100.711 146.230
109.781 146.114
118.934 146.171
127.928 146.164
137.116 146.171
146.186 146.081
155.248 146.190
164.326 146.178
173.447 146.175
182.566 146.160
191.635 146.144
200.787 146.220
209.903 146.193
219.021 146.105
227.971 146.165
237.076 146.145
18.955 155.280
28.038 155.235
37.117 155.277
46.162 155.256
55.291 155.302
64.350 155.268
73.396 155.246
82.585 155.273
91.598 155.255
100.704 155.247
109.816 155.267
118.909 155.181
127.988 155.284
137.093 155.301
146.157 155.210
155.257 155.252
164.349 155.217
173.349 155.227
182.582 155.218
191.683 155.289
200.806 155.285
209.810 155.275
218.923 155.310
228.055 155.290
237.094 155.264
28.072 164.279
37.050 164.348
46.183 164.350
55.272 164.311
64.351 164.413
73.322 164.314
82.641 164.366
91.614 164.322
100.728 164.336
109.902 164.288
118.945 164.357
128.012 164.252
137.086 164.305
146.142 164.303
155.186 164.331
164.290 164.364
173.375 164.313
182.470 164.289
191.647 164.339
200.686 164.318
209.824 164.289
218.955 164.316
228.025 164.399
27.972 173.381
37.019 173.415
46.150 173.375
55.175 173.406
64.307 173.424
73.502 173.450
82.619 173.429
91.633 173.360
100.787 173.415
109.827 173.419
118.943 173.413
128.007 173.451
137.076 173.438
146.180 173.449
155.225 173.482
164.314 173.496
173.401 173.518
182.565 173.372
191.630 173.425
200.761 173.467
209.787 173.465
218.930 173.403
228.007 173.421
37.135 182.603
46.108 182.663
55.347 182.595
64.379 182.592
73.342 182.609
82.557 182.585
91.689 182.602
100.732 182.681
109.880 182.619
118.924 182.602
128.013 182.519
137.145 182.567
146.190 182.624
155.251 182.631
164.299 182.545
173.382 182.606
182.566 182.581
191.705 182.607
200.759 182.612
209.782 182.601
218.931 182.595
37.078 191.691
46.121 191.678
55.241 191.656
64.341 191.714
73.422 191.658
82.620 191.657
91.642 191.670
100.747 191.641
109.781 191.672
118.875 191.661
127.990 191.671
137.098 191.778
146.098 191.706
155.289 191.597
164.341 191.708
173.412 191.652
182.612 191.675
191.689 191.674
200.780 191.628
209.829 191.717
218.915 191.773
46.193 200.674
55.266 200.831
64.444 200.766
73.465 200.747
82.596 200.788
91.659 200.795
100.746 200.702
109.806 200.743
118.856 200.721
127.996 200.763
137.102 200.719
146.099 200.804
155.241 200.746
164.318 200.736
173.422 200.772
182.578 200.789
191.613 200.746
200.744 200.775
209.889 200.685
55.284 209.906
64.249 209.865
73.478 209.898
82.595 209.826
91.739 209.768
100.738 209.822
109.836 209.827
118.919 209.809
128.063 209.861
137.076 209.886
146.189 209.842
155.213 209.811
164.299 209.867
173.425 209.828
182.554 209.868
191.629 209.803
200.733 209.885
64.308 218.907
73.391 218.987
82.613 219.000
91.707 218.953
100.769 218.935
109.914 218.980
118.985 219.022
128.064 218.933
137.001 218.918
146.218 218.889
155.349 218.916
164.360 218.957
173.384 218.895
182.397 218.972
191.638 218.962
82.603 227.994
91.762 227.990
100.762 227.994
109.860 228.051
118.892 227.961
127.987 228.069
137.146 228.017
146.203 228.006
155.241 227.991
164.371 228.049
173.406 228.041
100.723 237.005
109.818 236.992
118.921 237.026
127.918 237.139
137.102 237.012
146.147 237.072
155.220 237.076
