100.725 18.949
109.836 18.869
118.893 18.827
127.994 18.938
137.061 18.915
146.174 18.913
155.262 18.916
82.601 28.025
91.615 27.973
100.775 28.124
109.855 28.015
118.886 27.986
127.951 27.996
137.066 28.032
146.204 27.957
155.272 27.952
164.371 28.005
173.416 28.012
64.265 37.086
73.417 37.053
82.512 37.121
91.667 37.123
100.739 37.098
109.870 37.063
118.947 37.074
127.951 37.078
137.063 37.067
146.139 37.019
155.280 37.037
164.340 36.977
173.506 37.079
182.484 37.103
191.613 37.138
55.221 46.158
64.397 46.124
73.446 46.186
82.535 46.230
91.674 46.194
100.737 46.192
109.831 46.164
118.990 46.079
127.987 46.138
137.063 46.139
146.182 46.150
155.241 46.144
164.334 46.146
173.412 46.153
182.589 46.097
191.691 46.212
200.759 46.152
46.115 55.238
55.253 55.194
64.282 55.210
73.424 55.176
82.530 55.247
91.643 55.239
100.741 55.239
109.808 55.271
118.888 55.256
127.981 55.288
137.105 55.219
146.168 55.248
155.228 55.212
164.283 55.263
173.377 55.216
182.588 55.255
191.748 55.175
200.745 55.269
209.842 55.229
37.073 64.296
46.135 64.338
55.226 64.415
64.323 64.389
73.423 64.312
82.611 64.504
91.734 64.305
100.733 64.318
109.872 64.235
118.905 64.352
128.014 64.378
136.986 64.343
146.118 64.310
155.250 64.308
164.285 64.305
173.438 64.393
182.599 64.377
191.646 64.327
200.746 64.332
209.880 64.338
218.880 64.268
37.036 73.508
46.132 73.431
55.297 73.264
64.356 73.403
73.418 73.382
82.584 73.463
91.720 73.556
100.804 73.359
109.849 73.402
118.925 73.554
127.991 73.401
137.050 73.428
146.171 73.421
155.224 73.436
164.321 73.492
173.450 73.493
182.590 73.458
191.617 73.395
200.786 73.419
209.804 73.485
218.877 73.432
27.973 82.683
37.090 82.555
46.159 82.575
55.265 82.563
64.325 82.585
73.386 82.511
82.593 82.673
91.658 82.541
100.718 82.589
109.943 82.555
118.915 82.652
127.961 82.502
137.030 82.545
146.227 82.553
155.204 82.480
164.375 82.625
173.424 82.594
182.574 82.667
191.660 82.580
200.723 82.571
209.856 82.557
219.022 82.591
228.052 82.655
28.035 91.708
37.042 91.703
46.167 91.679
55.259 91.576
64.356 91.734
73.401 91.765
82.599 91.723
91.578 91.683
100.798 91.658
109.829 91.613
118.884 91.696
128.036 91.640
137.079 91.677
146.172 91.682
155.239 91.675
164.361 91.738
173.421 91.674
182.667 91.682
191.658 91.670
200.771 91.778
209.845 91.766
218.941 91.711
228.015 91.637
18.900 100.809
27.988 100.726
37.164 100.729
46.170 100.769
55.307 100.697
64.281 100.757
73.481 100.759
82.579 100.711
91.682 100.859
100.746 100.747
109.833 100.782
118.983 100.752
128.066 100.743
137.085 100.705
146.113 100.756
155.186 100.744
164.427 100.693
173.411 100.766
182.665 100.770
191.729 100.761
200.766 100.704
209.801 100.676
218.921 100.740
228.011 100.826
237.078 100.696
18.947 109.834
28.003 109.889
37.108 109.861
46.159 109.865
55.288 109.784
64.298 109.816
73.417 109.852
82.537 109.847
91.615 109.780
100.783 109.851
109.821 109.796
118.964 109.814
128.020 109.800
137.072 109.813
146.177 109.907
155.291 109.850
164.308 109.858
173.447 109.787
182.572 109.861
191.609 109.855
200.796 109.877
209.835 109.878
218.947 109.782
228.022 109.868
237.046 109.868
18.935 118.945
28.000 118.961
37.129 118.925
46.175 118.949
55.205 118.844
64.326 118.853
73.430 118.902
82.538 118.890
91.713 118.939
100.799 118.882
109.814 118.884
118.903 118.926
127.998 118.992
137.115 118.974
146.105 118.976
155.214 118.992
164.308 118.910
173.408 118.897
182.527 118.919
191.711 118.915
200.749 118.865
209.837 118.980
218.829 118.949
228.011 118.955
237.110 118.956
18.942 127.990
28.000 127.987
37.097 128.012
46.160 128.062
55.240 127.958
64.327 127.968
73.443 127.998
82.601 128.028
91.628 127.976
100.737 127.952
109.845 128.031
118.922 128.000
128.013 128.069
137.040 128.012
146.170 127.970
155.229 127.952
164.314 127.960
173.402 128.033
182.649 128.050
191.603 127.989
200.768 128.036
209.802 128.053
218.904 127.985
228.008 128.010
237.156 128.075
18.980 137.136
28.019 137.020
37.076 137.118
46.129 137.050
55.219 137.046
64.277 137.052
73.423 137.085
82.550 137.065
91.712 137.102
100.764 137.068
109.847 137.105
118.899 137.115
128.004 137.049
137.117 137.148
146.127 137.085
155.241 137.076
164.371 137.123
173.376 137.142
182.554 137.062
191.653 137.015
200.706 137.045
209.841 137.012
218.854 137.151
227.930 137.040
237.049 137.136
18.942 146.182
27.979 146.207
37.056 146.153
46.167 146.177
55.294 146.181
64.384 146.196
73.377 146.202
82.512 146.142
91.624 146.152
100.709 146.122
109.844 146.186
118.939 146.098
128.026 146.222
137.111 146.199
146.157 146.187
155.266 146.083
164.306 146.106
173.390 146.203
182.626 146.149
191.697 146.154
200.748 146.152
209.836 146.167
218.938 146.094
228.009 146.170
237.012 146.103
18.945 155.238
27.948 155.259
37.059 155.222
46.254 155.198
55.285 155.164
64.322 155.268
73.515 155.322
82.444 155.282
91.676 155.221
100.762 155.231
109.799 155.233
119.049 155.176
127.983 155.291
137.056 155.229
146.162 155.206
155.229 155.254
164.465 155.272
173.409 155.230
182.620 155.248
191.655 155.257
200.760 155.277
209.844 155.177
218.890 155.248
228.061 155.218
237.018 155.243
28.039 164.291
37.117 164.393
46.218 164.243
55.260 164.348
64.321 164.498
73.397 164.223
82.608 164.290
91.657 164.272
100.755 164.300
109.849 164.402
118.908 164.385
128.060 164.361
137.068 164.378
146.158 164.334
155.327 164.360
164.327 164.296
173.372 164.357
182.583 164.309
191.712 164.329
200.715 164.335
209.815 164.330
218.940 164.234
228.019 164.379
28.082 173.401
37.067 173.367
46.106 173.385
55.235 173.407
64.302 173.386
73.453 173.414
82.578 173.410
91.700 173.404
100.780 173.352
109.784 173.415
118.896 173.461
127.969 173.423
137.077 173.459
146.189 173.388
155.254 173.377
164.333 173.546
173.343 173.426
182.576 173.463
191.661 173.405
200.697 173.423
209.859 173.436
218.923 173.541
227.932 173.402
37.042 182.608
46.199 182.644
55.268 182.535
64.364 182.642
73.435 182.653
82.626 182.559
91.689 182.551
100.802 182.598
109.874 182.648
118.889 182.559
128.015 182.566
137.102 182.572
146.162 182.564
155.222 182.603
164.358 182.589
173.367 182.674
182.647 182.533
191.634 182.580
200.724 182.587
209.838 182.616
218.932 182.610
37.124 191.703
46.126 191.636
55.261 191.739
64.345 191.645
73.567 191.657
82.542 191.687
91.718 191.582
100.807 191.671
109.822 191.623
118.953 191.643
128.017 191.678
137.033 191.687
146.152 191.675
155.260 191.725
164.280 191.708
173.383 191.657
182.596 191.573
191.686 191.666
200.788 191.659
209.847 191.622
218.946 191.765
46.082 200.776
55.277 200.881
64.339 200.785
73.457 200.812
82.543 200.747
91.651 200.784
100.734 200.731
109.921 200.790
118.925 200.782
128.012 200.743
137.116 200.737
146.206 200.754
155.225 200.762
164.369 200.791
173.442 200.731
182.475 200.784
191.690 200.761
200.717 200.762
209.884 200.855
55.280 209.810
64.290 209.851
73.447 209.765
82.564 209.844
91.704 209.851
100.776 209.871
109.857 209.885
118.911 209.811
127.950 209.892
137.123 209.784
146.174 209.788
155.300 209.874
164.324 209.805
173.408 209.830
182.602 209.815
191.683 209.883
200.739 209.881
64.233 218.870
73.406 218.885
82.571 218.894
91.635 219.008
100.777 218.833
109.806 218.957
118.869 218.919
128.057 218.890
137.169 218.895
146.209 218.941
155.293 218.994
164.323 218.945
173.423 218.851
182.650 218.951
191.784 218.935
82.579 227.930
91.704 227.970
100.803 228.006
109.850 228.047
118.933 228.025
127.984 228.039
137.055 228.042
146.189 227.997
155.248 228.052
164.427 227.991
173.401 227.943
100.710 237.103
109.800 237.109
118.900 237.082
128.041 237.103
137.106 237.098
146.149 237.075
155.263 237.109
