100.723 18.852
109.864 18.882
118.880 18.882
128.013 18.929
137.136 18.928
146.154 18.898
155.208 18.878
82.597 28.040
91.699 28.020
100.745 27.901
109.872 28.040
118.931 27.990
128.001 27.979
137.115 28.057
146.202 28.012
155.218 27.977
164.284 28.013
173.417 28.065
64.304 37.086
73.424 37.100
82.603 37.045
91.759 37.088
100.808 37.024
109.861 37.105
118.941 37.128
127.947 37.069
136.984 37.129
146.183 37.091
155.183 37.068
164.361 37.000
173.493 37.111
182.592 37.066
191.656 37.032
55.254 46.099
64.350 46.116
73.410 46.190
82.534 46.145
91.616 46.166
100.736 46.190
109.820 46.133
118.894 46.137
127.994 46.143
137.112 46.156
146.146 46.138
155.228 46.150
164.287 46.231
173.463 46.137
182.607 46.229
191.720 46.086
200.719 46.135
46.136 55.194
55.218 55.250
64.408 55.259
73.418 55.285
82.564 55.263
91.653 55.253
100.714 55.264
109.741 55.296
118.894 55.231
128.024 55.309
137.093 55.193
146.172 55.209
155.260 55.248
164.271 55.288
173.348 55.305
182.575 55.238
191.673 55.275
200.759 55.201
209.845 55.218
37.083 64.323
46.172 64.248
55.263 64.337
64.340 64.322
73.416 64.355
82.625 64.330
91.689 64.326
100.786 64.413
109.882 64.291
119.021 64.348
127.974 64.377
137.032 64.328
146.177 64.343
155.235 64.356
164.297 64.310
173.375 64.347
182.610 64.328
191.701 64.363
200.743 64.298
209.861 64.351
218.843 64.322
37.103 73.430
46.135 73.490
55.287 73.376
64.251 73.387
73.423 73.394
82.591 73.385
91.648 73.453
100.825 73.391
109.858 73.459
118.981 73.545
128.053 73.428
137.090 73.411
146.140 73.442
155.263 73.430
164.319 73.498
173.400 73.491
182.628 73.549
191.625 73.444
200.769 73.428
209.853 73.383
218.938 73.384
28.080 82.657
37.028 82.557
46.178 82.611
55.192 82.652
64.388 82.631
73.378 82.600
82.596 82.477
91.602 82.602
100.762 82.664
109.896 82.548
118.973 82.486
127.973 82.615
137.047 82.613
146.124 82.549
155.240 82.636
164.376 82.560
173.412 82.571
182.527 82.625
191.668 82.608
200.734 82.665
209.829 82.683
218.979 82.570
227.992 82.605
28.023 91.714
37.113 91.661
46.227 91.680
55.258 91.699
64.304 91.657
73.384 91.677
82.546 91.654
91.684 91.674
100.771 91.610
109.837 91.743
118.856 91.624
128.024 91.693
137.066 91.714
146.168 91.681
155.208 91.738
164.331 91.671
173.457 91.646
182.474 91.679
191.695 91.674
200.791 91.681
209.879 91.703
218.943 91.683
227.984 91.618
18.922 100.766
27.947 100.705
37.082 100.772
46.148 100.708
55.175 100.776
64.328 100.755
73.419 100.753
82.715 100.671
91.743 100.755
100.734 100.768
109.854 100.699
118.868 100.707
127.999 100.756
137.077 100.808
146.142 100.738
155.312 100.772
164.290 100.740
173.373 100.682
182.659 100.738
191.668 100.814
200.766 100.738
209.820 100.752
218.873 100.724
228.048 100.758
237.110 100.773
18.918 109.834
28.028 109.873
37.082 109.860
46.206 109.896
55.134 109.885
64.363 109.829
73.355 109.826
82.616 109.886
91.739 109.845
100.687 109.868
109.841 109.806
118.939 109.857
127.974 109.806
137.108 109.774
146.178 109.893
155.231 109.825
164.308 109.823
173.500 109.782
182.524 109.941
191.689 109.818
200.742 109.847
209.873 109.868
218.897 109.779
227.917 109.841
237.074 109.797
18.864 118.959
27.961 118.913
37.098 118.919
46.166 118.885
55.296 118.892
64.321 118.859
73.447 118.951
82.396 118.882
91.638 118.952
100.722 118.916
109.872 118.934
118.950 118.940
128.028 118.941
137.137 119.063
146.122 118.915
155.258 118.932
164.331 118.933
173.388 118.889
182.621 118.914
191.654 118.893
200.696 118.958
209.837 118.918
218.863 118.927
228.025 118.888
237.075 118.919
18.954 127.977
28.034 127.965
37.071 128.046
46.216 127.953
55.208 128.001
64.317 127.969
73.407 127.921
82.629 128.061
91.655 128.000
100.833 128.072
109.849 128.055
118.986 128.060
127.959 128.005
137.000 128.016
146.167 127.995
155.257 128.024
164.372 127.996
173.527 127.978
182.540 127.943
191.628 127.986
200.722 127.992
209.846 127.969
218.969 128.011
228.049 128.038
237.043 128.076
18.931 137.032
28.059 137.063
37.030 137.092
46.108 137.111
55.220 137.063
64.315 137.037
73.448 137.070
82.545 137.082
91.705 137.071
100.741 137.112
109.840 137.081
118.909 137.037
128.024 137.068
137.065 137.150
146.226 137.081
155.290 137.071
164.342 137.102
173.438 137.033
182.602 137.096
191.631 137.050
200.745 137.101
209.809 137.095
218.963 137.154
227.984 137.067
237.121 137.126
18.885 146.182
27.968 146.077
37.112 146.191
46.154 146.206
55.233 146.094
64.352 146.152
73.447 146.234
82.582 146.102
91.636 146.138
100.733 146.157
109.838 146.197
118.943 146.084
127.918 146.150
137.068 146.145
146.113 146.202
155.247 146.219
164.334 146.122
173.449 146.165
182.612 146.156
191.736 146.124
200.726 146.104
209.845 146.225
218.913 146.122
228.011 146.170
237.118 146.218
18.894 155.282
27.989 155.209
37.132 155.241
46.171 155.116
55.242 155.304
64.371 155.269
73.449 155.299
82.615 155.301
91.720 155.260
100.804 155.229
109.821 155.300
118.899 155.270
127.974 155.248
137.040 155.198
146.116 155.241
155.299 155.194
164.392 155.275
173.347 155.245
182.560 155.257
191.638 155.258
200.784 155.294
209.847 155.244
218.946 155.243
228.010 155.241
237.070 155.291
27.993 164.433
37.096 164.401
46.213 164.318
55.137 164.290
64.379 164.352
73.373 164.380
82.576 164.326
91.663 164.346
100.734 164.294
109.861 164.385
118.957 164.400
127.956 164.366
137.085 164.357
146.162 164.319
155.244 164.364
164.306 164.352
173.347 164.393
182.556 164.346
191.674 164.366
200.719 164.351
209.876 164.270
218.867 164.305
228.026 164.302
27.977 173.428
37.106 173.435
46.221 173.407
55.308 173.408
64.325 173.305
73.489 173.460
82.577 173.435
91.686 173.376
100.759 173.423
109.912 173.397
118.944 173.467
128.049 173.392
137.067 173.424
146.173 173.339
155.262 173.544
164.299 173.486
173.435 173.321
182.571 173.435
191.704 173.564
200.734 173.298
209.859 173.466
218.864 173.454
227.986 173.320
37.100 182.609
46.150 182.595
55.216 182.552
64.363 182.623
73.471 182.514
82.586 182.628
91.673 182.425
100.819 182.593
109.862 182.524
118.929 182.505
127.991 182.649
137.166 182.614
146.184 182.606
155.195 182.638
164.375 182.559
173.410 182.613
182.586 182.617
191.693 182.535
200.764 182.589
209.822 182.596
218.908 182.655
37.155 191.658
46.144 191.689
55.291 191.670
64.322 191.678
73.500 191.698
82.565 191.636
91.618 191.651
100.685 191.661
109.855 191.606
118.952 191.705
128.000 191.660
137.060 191.724
146.196 191.696
155.232 191.620
164.284 191.658
173.423 191.657
182.608 191.642
191.648 191.631
200.690 191.620
209.828 191.683
218.892 191.696
46.093 200.748
55.232 200.735
64.357 200.726
73.359 200.783
82.534 200.737
91.690 200.773
100.771 200.809
109.821 200.737
118.874 200.765
127.982 200.700
137.050 200.736
146.173 200.705
155.210 200.732
164.308 200.728
173.379 200.739
182.462 200.769
191.660 200.858
200.774 200.770
209.786 200.766
55.163 209.904
64.349 209.830
73.375 209.852
82.555 209.809
91.556 209.848
100.762 209.774
109.845 209.813
118.884 209.861
127.996 209.855
137.044 209.836
146.160 209.817
155.295 209.882
164.303 209.900
173.343 209.799
182.574 209.832
191.680 209.909
200.662 209.888
64.294 218.990
73.352 218.930
82.580 218.887
91.753 218.923
100.779 218.875
109.803 218.951
118.878 218.979
127.996 218.957
137.053 218.924
146.124 218.846
155.232 218.903
164.326 218.951
173.403 218.948
182.543 218.910
191.676 218.927
82.578 227.972
91.682 227.935
100.812 228.031
109.871 228.042
118.983 228.005
127.985 228.013
137.088 227.996
146.178 227.999
155.335 227.951
164.204 228.039
173.555 227.907
100.726 237.075
109.814 237.171
118.916 237.073
127.970 237.131
137.085 237.051
146.081 237.026
155.190 237.041
