100.925 18.961
109.958 18.962
118.927 18.969
127.944 18.963
137.007 18.988
146.061 18.965
155.090 18.961
82.866 28.010
91.912 27.998
100.910 27.989
109.945 27.978
118.969 28.011
128.008 27.982
137.024 27.974
146.073 27.993
155.086 27.986
164.066 28.026
173.186 28.025
64.106 37.036
73.175 37.044
82.173 36.983
91.876 37.009
100.932 37.053
109.938 37.014
119.011 37.036
127.992 37.015
137.021 37.016
146.068 37.041
155.086 37.005
164.096 37.000
173.831 37.047
182.867 37.036
191.890 37.022
55.075 46.042
64.112 46.008
73.134 46.053
82.891 46.074
91.936 46.052
100.880 46.045
109.937 46.081
118.945 46.054
128.010 46.077
137.017 46.050
146.061 46.018
155.075 46.048
164.092 46.060
173.124 46.062
182.829 46.078
191.894 46.026
200.894 46.040
46.049 55.044
55.056 55.066
64.096 55.096
73.140 55.081
82.829 55.093
91.940 55.068
100.924 55.089
109.938 55.087
118.999 55.060
127.990 55.078
137.018 55.090
146.030 55.060
155.087 55.053
164.097 55.069
173.127 55.107
182.854 55.083
191.911 55.057
200.918 55.105
209.969 55.097
36.996 64.106
46.065 64.073
55.069 64.107
64.112 64.095
73.116 64.096
82.867 64.099
91.947 64.132
100.922 64.112
109.914 64.120
118.970 64.121
128.023 64.085
137.075 64.103
146.057 64.080
155.079 64.083
164.127 64.115
173.147 64.084
182.852 64.122
191.895 64.091
200.904 64.086
209.976 64.075
218.943 64.081
37.045 73.147
46.053 73.122
55.079 73.127
64.091 73.163
73.133 73.128
82.896 73.122
91.885 73.161
100.927 73.098
109.908 73.162
118.969 73.831
128.009 73.132
137.041 73.112
146.088 73.124
155.043 73.113
164.106 73.129
173.106 73.842
182.842 73.875
191.925 73.122
200.952 73.141
209.951 73.141
218.971 73.110
28.007 82.882
37.004 82.856
46.082 82.850
55.099 82.867
64.115 82.869
73.133 82.828
82.876 82.137
91.878 82.834
100.937 82.828
109.943 82.913
118.942 82.848
128.016 82.838
137.039 82.885
146.043 82.876
155.081 82.876
164.118 82.870
173.146 82.853
182.846 82.865
191.911 82.859
200.913 82.829
209.987 82.861
218.960 82.849
227.991 82.879
27.969 91.907
37.035 91.877
46.020 91.901
55.118 91.882
64.126 91.877
73.149 91.872
82.847 91.904
91.913 91.854
100.917 91.897
109.966 91.932
118.966 91.895
128.010 91.883
137.048 91.885
146.028 91.886
155.068 91.857
164.081 91.942
173.126 91.915
182.839 91.902
191.877 91.895
200.896 91.866
209.920 91.920
218.995 91.860
228.014 91.907
18.948 100.884
28.004 100.936
37.039 100.909
46.093 100.946
55.075 100.902
64.079 100.909
73.124 100.932
82.194 100.935
91.937 100.973
100.913 100.925
109.929 100.890
118.959 100.910
128.015 100.908
137.016 100.927
146.043 100.912
155.081 100.880
164.090 100.904
173.123 100.936
182.896 100.923
191.866 100.900
200.928 100.944
209.965 100.978
218.953 100.914
228.002 100.927
237.012 100.899
18.939 109.972
27.970 109.996
37.016 109.944
46.080 109.960
55.059 109.965
64.134 109.987
73.089 109.942
82.850 109.950
91.895 109.951
100.907 109.978
109.953 109.944
118.953 109.933
128.021 109.941
137.018 109.925
146.037 109.914
155.038 109.936
164.106 109.971
173.102 109.965
182.885 109.965
191.928 109.963
200.918 109.965
209.965 109.940
218.971 109.976
227.976 109.952
236.991 109.969
19.005 118.983
27.971 118.980
37.033 118.995
46.051 118.926
55.060 118.979
64.112 118.967
73.139 118.980
82.154 118.976
91.921 119.000
100.938 118.985
109.961 118.987
118.974 119.008
128.007 118.980
137.039 118.975
146.047 118.997
155.047 118.987
164.069 118.941
173.131 118.957
182.877 118.974
191.925 118.957
200.910 118.936
209.976 118.954
219.019 118.980
228.019 118.934
237.013 118.977
18.991 128.029
28.021 127.980
37.030 127.973
46.051 127.986
55.110 127.995
64.119 128.028
73.143 127.998
82.869 128.005
91.895 128.003
100.904 127.980
109.975 127.969
118.991 128.018
128.012 127.991
137.027 127.994
146.061 128.030
155.050 128.031
164.092 127.993
173.834 127.961
182.876 127.995
191.904 128.001
200.928 127.947
209.937 128.024
218.985 128.023
228.017 127.979
237.022 128.008
18.935 137.051
27.977 137.037
37.037 137.075
46.055 137.044
55.072 137.030
64.124 137.025
73.128 136.994
82.901 137.017
91.890 136.992
100.952 137.019
109.958 137.057
118.997 137.015
128.024 137.018
137.007 137.064
146.040 137.004
155.087 137.034
164.103 137.037
173.139 137.015
182.881 136.991
191.877 137.038
200.937 137.039
209.976 137.040
218.998 137.060
228.008 137.042
237.002 137.046
18.923 146.034
27.993 146.054
37.003 146.063
46.074 146.048
55.077 146.072
64.080 146.051
73.166 146.033
82.149 146.031
91.893 146.065
100.950 146.073
109.925 146.064
118.967 146.079
128.001 146.089
137.064 146.022
146.097 146.029
155.056 146.066
164.085 146.021
173.171 146.061
182.828 146.047
191.909 146.039
200.909 146.037
209.977 146.056
218.955 146.045
228.018 146.057
237.045 146.035
18.967 155.079
28.006 155.111
37.052 155.065
46.031 155.052
55.056 155.073
64.105 155.093
73.146 155.083
82.877 155.082
91.891 155.060
100.947 155.124
109.919 155.081
118.990 155.087
128.006 155.078
137.015 155.109
146.074 155.120
155.037 155.089
164.126 155.065
173.120 155.065
182.877 155.099
191.902 155.105
200.881 155.071
209.909 155.087
218.972 155.130
228.022 155.072
236.991 155.087
27.983 164.091
37.051 164.107
46.042 164.092
55.079 164.078
64.103 164.122
73.124 164.110
82.851 164.087
91.885 164.101
100.941 164.089
109.917 164.086
119.003 164.116
128.007 164.093
136.993 164.079
146.013 164.085
155.104 164.135
164.117 164.069
173.111 164.085
182.895 164.109
191.896 164.122
200.957 164.096
209.971 164.140
218.943 164.109
227.968 164.103
28.047 173.138
37.070 173.107
46.058 173.147
55.055 173.151
64.105 173.123
73.124 173.136
82.884 173.158
91.892 173.118
100.931 173.132
109.947 173.184
118.955 173.132
127.967 173.127
136.978 173.064
146.085 173.125
155.055 173.103
164.071 173.847
173.152 173.130
182.870 173.125
191.932 173.858
200.897 173.124
209.973 173.154
218.954 173.140
228.018 173.146
37.015 182.868
46.058 182.889
55.073 182.814
64.136 182.845
73.162 182.865
82.837 182.894
91.884 182.876
100.941 182.889
109.945 182.889
119.019 182.825
128.020 182.868
137.063 182.904
146.059 182.859
155.065 182.851
164.093 182.886
173.095 182.839
182.854 182.882
191.903 182.157
200.897 182.897
209.952 182.876
218.999 182.888
37.012 191.906
46.048 191.900
55.100 191.884
64.121 191.857
73.811 191.938
82.900 191.906
91.868 191.884
100.920 191.913
109.941 191.914
118.950 191.864
128.018 191.876
137.035 191.893
146.055 191.857
155.093 191.895
164.092 191.884
173.128 191.868
182.889 191.930
191.936 191.894
200.902 191.841
209.974 191.889
218.984 191.906
46.023 200.933
55.060 200.942
64.129 200.907
73.130 200.916
82.915 200.935
91.922 200.925
100.921 200.934
109.941 200.876
118.947 200.888
127.938 200.912
137.010 200.922
146.079 200.910
155.056 200.950
164.089 200.945
173.111 200.945
182.179 200.943
191.887 200.907
200.921 200.962
209.982 200.912
55.086 209.925
64.114 209.964
73.155 209.956
82.879 209.961
91.910 209.926
100.907 209.965
109.944 209.979
118.963 209.955
128.055 209.916
137.014 209.971
146.029 209.961
155.068 209.974
164.072 209.934
173.132 209.960
182.858 209.960
191.916 209.943
200.924 209.937
64.086 218.963
73.149 218.958
82.846 218.969
91.907 218.997
100.923 218.972
109.936 218.996
118.965 218.951
127.973 218.982
136.986 218.974
146.045 218.985
155.074 218.996
164.115 218.993
173.163 218.968
182.858 218.966
191.910 218.960
82.878 228.016
91.924 228.000
100.902 228.012
109.948 228.013
118.951 227.986
127.988 228.007
137.048 227.962
146.101 227.986
155.092 227.937
164.094 228.022
173.826 227.992
100.886 237.040
109.937 237.008
118.970 237.038
128.012 237.072
137.034 237.010
146.098 237.043
155.071 237.054
