121.854 8.184
134.130 8.205
83.975 21.045
96.786 20.991
109.015 20.974
121.874 20.976
134.151 20.966
146.994 21.017
159.193 21.021
172.005 21.036
58.876 33.820
71.105 33.786
83.961 33.824
96.792 33.810
109.001 33.806
121.867 33.776
134.192 33.789
147.031 33.771
159.221 33.784
171.981 33.787
184.822 33.793
197.110 33.794
46.029 46.006
58.891 45.982
71.133 46.023
83.992 46.032
96.799 46.068
108.983 46.021
121.848 46.025
134.122 46.032
146.973 46.011
159.809 45.979
171.992 45.996
184.871 46.044
197.127 46.038
209.941 45.998
33.244 58.864
46.018 58.847
58.891 58.868
71.188 58.883
83.997 58.877
96.198 58.895
108.984 58.882
121.850 58.874
134.152 58.870
146.967 58.861
159.778 58.860
172.029 58.894
184.853 58.862
197.098 58.899
209.945 58.890
222.180 58.892
33.220 71.132
46.052 71.150
58.897 71.138
71.168 71.169
83.976 71.142
96.778 71.125
108.970 71.145
121.851 71.158
134.149 71.172
146.967 71.163
159.217 71.207
172.027 71.112
184.861 71.145
197.151 71.136
209.965 71.145
222.827 71.137
20.965 84.021
33.196 84.008
46.060 84.030
58.911 84.014
71.129 83.988
83.994 84.008
96.805 84.024
109.002 83.973
121.842 84.031
134.144 83.985
146.996 83.994
159.206 83.972
172.040 83.982
184.835 83.991
197.132 83.994
209.953 84.011
222.811 84.005
235.016 83.983
20.961 96.826
33.204 96.834
46.053 96.786
58.881 96.822
71.151 96.799
83.987 96.803
96.214 96.778
109.010 96.209
121.811 96.795
134.137 96.778
146.985 96.235
159.186 96.221
172.009 96.795
184.871 96.795
197.130 96.743
209.955 96.756
222.777 96.232
235.017 96.193
21.005 109.008
33.247 109.027
46.015 108.992
58.899 108.982
71.136 108.989
84.001 109.001
96.229 109.001
108.972 108.988
121.860 108.979
134.134 109.034
146.983 109.059
159.217 109.060
172.021 109.029
184.854 109.017
197.144 108.986
209.973 109.032
222.211 108.966
235.027 108.965
8.181 121.863
20.992 121.844
33.764 121.837
46.018 121.851
58.865 121.878
71.178 121.816
84.001 121.851
96.774 121.842
108.997 121.862
121.851 121.830
134.168 121.879
147.017 121.889
159.234 121.908
171.991 121.885
184.845 121.839
197.120 121.845
209.946 121.826
222.227 121.839
235.007 121.810
247.811 121.839
8.235 134.141
20.992 134.146
33.211 134.144
46.019 134.124
58.879 134.144
71.157 134.168
83.995 134.157
96.787 134.121
108.981 134.114
121.867 134.137
134.178 134.134
147.044 134.103
159.185 134.131
171.991 134.126
184.844 134.130
197.087 134.153
209.982 134.142
222.216 134.162
235.009 134.174
247.795 134.196
20.971 146.975
33.205 146.950
46.036 146.996
58.895 147.010
71.181 146.994
84.012 147.006
96.196 147.013
109.023 146.990
121.859 147.039
134.139 147.002
146.969 146.931
159.811 146.944
172.010 146.962
184.854 147.019
197.107 146.998
209.950 147.009
222.182 147.005
235.016 146.983
20.975 159.145
33.229 159.184
46.055 159.226
58.902 159.809
71.177 159.209
83.962 159.218
96.218 159.790
109.007 159.840
121.824 159.795
134.121 159.184
146.975 159.783
159.808 159.219
172.047 159.792
184.816 159.806
197.095 159.823
209.944 159.777
222.183 159.220
234.974 159.214
21.001 171.982
33.793 171.998
46.041 172.000
58.916 172.022
71.157 171.986
83.989 172.033
96.212 172.013
108.995 172.002
121.854 171.988
134.111 172.001
146.993 172.021
159.810 172.019
172.013 172.033
184.879 172.019
197.112 172.025
209.979 172.009
222.224 172.020
234.992 172.009
33.798 184.846
46.049 184.836
58.913 184.850
71.129 184.860
83.976 184.838
96.249 184.806
109.008 184.824
121.852 184.829
134.164 184.784
147.002 184.832
159.812 184.843
172.028 184.837
184.816 184.796
197.119 184.831
209.962 184.833
222.204 184.830
33.801 197.146
46.069 197.142
58.906 197.112
71.173 197.116
83.965 197.093
96.191 197.110
108.996 197.083
121.853 197.147
134.170 197.101
146.999 197.105
159.810 197.108
172.002 197.118
184.811 197.110
197.135 197.116
210.018 197.119
222.226 197.138
46.045 209.971
58.884 209.995
71.198 209.959
83.981 209.999
96.211 209.993
108.976 209.967
121.858 209.994
134.183 209.962
146.993 209.975
159.797 209.962
172.019 210.003
184.826 209.987
197.101 209.972
209.976 209.972
58.864 222.218
71.205 222.222
84.006 222.191
96.174 222.215
108.947 222.789
121.823 222.808
134.168 222.780
147.028 222.795
159.782 222.176
172.018 222.784
184.818 222.796
197.132 222.241
83.976 234.960
96.781 234.983
108.986 235.017
121.868 235.053
134.176 235.014
147.016 235.016
159.815 234.990
172.001 234.981
121.876 247.823
134.142 247.834
