121.762 9.263
134.245 9.229
84.247 21.780
96.742 21.768
109.198 21.780
121.751 21.761
134.219 21.760
146.783 21.776
159.250 21.753
171.749 21.750
59.234 34.233
71.752 34.213
84.255 34.215
96.753 34.209
109.204 34.224
121.780 34.219
134.241 34.258
146.778 34.244
159.225 34.212
171.802 34.206
184.228 34.257
196.763 34.235
46.761 46.775
59.206 46.720
71.772 46.769
84.249 46.771
96.750 46.753
109.241 46.741
121.777 46.784
134.249 46.767
146.785 46.805
159.227 46.765
171.780 46.769
184.214 46.785
196.788 46.757
209.230 46.758
34.225 59.244
46.761 59.239
59.205 59.254
71.765 59.252
84.212 59.210
96.802 59.240
109.253 59.254
121.756 59.247
134.243 59.237
146.774 59.222
159.257 59.243
171.774 59.237
184.240 59.228
196.772 59.210
209.209 59.209
221.766 59.226
34.204 71.745
46.771 71.754
59.240 71.781
71.773 71.753
84.228 71.756
96.763 71.753
109.235 71.751
121.785 71.789
134.233 71.758
146.781 71.758
159.244 71.779
171.767 71.790
184.227 71.754
196.748 71.761
209.212 71.750
221.760 71.756
21.767 84.235
34.221 84.242
46.794 84.224
59.178 84.219
71.759 84.244
84.252 84.249
96.758 84.249
109.250 84.238
121.755 84.224
134.236 84.235
146.774 84.249
159.201 84.214
171.765 84.247
184.201 84.242
196.737 84.241
209.259 84.225
221.759 84.247
234.223 84.247
21.779 96.795
34.230 96.775
46.776 96.772
59.197 96.802
71.757 96.795
84.220 96.751
96.770 96.749
109.229 96.770
121.739 96.755
134.231 96.777
146.743 96.773
159.233 96.784
171.749 96.768
184.239 96.749
196.794 96.785
209.228 96.791
221.773 96.764
234.214 96.766
21.754 109.258
34.216 109.255
46.743 109.226
59.238 109.220
71.768 109.212
84.225 109.222
96.751 109.226
109.251 109.223
121.748 109.210
134.228 109.232
146.762 109.245
159.247 109.229
171.751 109.258
184.228 109.220
196.773 109.233
209.217 109.243
221.785 109.225
234.250 109.246
9.237 121.771
21.777 121.767
34.218 121.781
46.745 121.768
59.240 121.762
71.780 121.789
84.254 121.750
96.750 121.753
109.209 121.779
121.754 121.762
134.215 121.735
146.765 121.760
159.244 121.768
171.737 121.755
184.216 121.762
196.778 121.819
209.207 121.779
221.754 121.755
234.232 121.746
246.775 121.761
9.239 134.235
21.814 134.198
34.235 134.242
46.794 134.252
59.215 134.213
71.771 134.232
84.235 134.231
96.805 134.228
109.230 134.247
121.759 134.217
134.228 134.217
146.759 134.214
159.237 134.225
171.790 134.223
184.237 134.226
196.777 134.225
209.236 134.213
221.761 134.227
234.225 134.233
246.762 134.255
21.770 146.786
34.225 146.790
46.750 146.751
59.207 146.755
71.739 146.765
84.247 146.773
96.762 146.802
109.231 146.777
121.771 146.785
134.216 146.759
146.768 146.782
159.231 146.799
171.780 146.781
184.213 146.783
196.771 146.769
209.235 146.797
221.766 146.773
234.230 146.771
21.758 159.233
34.229 159.241
46.774 159.246
59.255 159.240
71.745 159.241
84.236 159.239
96.762 159.230
109.241 159.239
121.768 159.219
134.247 159.219
146.745 159.225
159.219 159.252
171.784 159.217
184.259 159.231
196.766 159.227
209.230 159.230
221.760 159.217
234.243 159.233
21.757 171.790
34.204 171.786
46.783 171.766
59.240 171.774
71.779 171.751
84.235 171.772
96.776 171.755
109.221 171.778
121.792 171.765
134.233 171.747
146.782 171.761
159.244 171.762
171.771 171.780
184.228 171.748
196.756 171.771
209.225 171.789
221.768 171.767
234.229 171.785
34.252 184.248
46.778 184.213
59.225 184.258
71.741 184.227
84.227 184.224
96.780 184.253
109.235 184.243
121.807 184.194
134.236 184.232
146.774 184.252
159.222 184.251
171.781 184.244
184.223 184.237
196.763 184.233
209.237 184.226
221.753 184.232
34.261 196.776
46.781 196.781
59.249 196.747
71.759 196.759
84.223 196.778
96.777 196.771
109.209 196.747
121.762 196.774
134.229 196.760
146.752 196.746
159.238 196.773
171.755 196.770
184.253 196.752
196.776 196.756
209.229 196.765
221.765 196.768
46.792 209.269
59.246 209.222
71.785 209.244
84.236 209.227
96.720 209.226
109.230 209.245
121.760 209.230
134.239 209.222
146.764 209.206
159.225 209.247
171.791 209.231
184.228 209.256
196.755 209.223
209.229 209.228
59.228 221.748
71.763 221.750
84.223 221.784
96.788 221.776
109.194 221.773
121.764 221.766
134.238 221.758
146.756 221.784
159.249 221.747
171.770 221.769
184.245 221.737
196.731 221.770
84.230 234.242
96.795 234.227
109.213 234.231
121.784 234.229
134.223 234.242
146.758 234.238
159.216 234.234
171.753 234.231
121.785 246.775
134.233 246.772
