121.944 9.042
134.062 9.053
84.044 21.957
96.950 21.918
109.061 21.955
122.007 21.994
134.050 21.983
146.950 21.954
159.055 22.004
172.012 21.948
59.018 34.075
71.987 34.015
84.022 34.018
96.974 34.033
109.013 34.034
121.975 34.078
134.037 34.045
146.906 34.031
159.028 34.011
171.938 34.067
184.015 34.037
196.980 34.058
46.955 46.958
59.048 46.894
71.961 46.965
84.035 46.955
96.982 46.920
109.049 46.961
121.951 46.963
134.046 46.963
146.981 46.975
159.035 46.923
171.949 46.992
184.034 46.947
196.953 46.966
209.043 46.983
34.088 59.058
46.970 59.042
59.042 59.004
71.988 59.019
84.009 58.991
96.952 59.028
109.039 59.036
121.944 59.037
134.054 59.018
146.992 59.045
159.012 59.003
171.971 59.050
184.002 59.019
196.966 59.060
209.035 59.056
221.923 59.072
34.040 71.953
46.961 71.964
59.009 71.945
71.944 71.994
84.003 71.960
96.966 71.983
109.043 71.995
121.966 71.968
134.035 71.941
146.956 71.948
159.050 71.978
172.001 71.959
184.029 71.953
196.946 71.944
209.047 71.957
221.942 71.976
21.958 84.051
34.026 84.037
46.944 84.030
59.028 84.052
72.002 83.989
84.050 84.023
96.968 84.017
109.049 84.054
121.948 84.052
134.020 84.064
146.982 84.031
159.038 84.062
171.946 84.031
184.022 84.033
196.962 84.040
209.043 84.056
221.934 84.060
234.040 84.039
21.959 96.965
34.013 96.925
46.953 96.971
59.038 96.979
71.948 96.995
84.075 96.966
96.974 96.959
109.048 96.996
121.937 96.969
134.027 96.981
146.973 96.954
159.029 96.955
171.919 96.975
184.031 96.939
196.952 96.940
209.026 96.957
221.918 96.927
234.040 96.951
21.972 109.029
34.075 109.043
46.956 109.000
59.083 109.025
71.970 109.057
84.045 109.033
96.908 109.030
109.058 109.040
121.946 109.075
134.054 109.007
146.994 109.032
159.018 109.050
171.959 109.019
184.023 109.051
196.936 109.030
209.004 109.051
221.961 109.029
234.051 109.026
9.068 121.975
21.972 121.958
34.024 121.969
46.972 121.929
59.045 121.962
71.979 121.939
84.042 121.945
96.951 121.944
109.025 121.948
121.991 121.957
134.042 121.952
146.998 121.982
159.019 121.979
171.968 121.945
184.038 121.939
196.957 121.952
209.044 121.975
221.961 121.943
234.031 121.971
246.933 121.947
9.055 134.060
21.957 134.039
34.035 134.049
46.978 134.037
59.085 134.048
71.964 134.035
84.024 134.053
96.987 134.002
109.050 134.046
121.938 134.037
134.045 134.039
146.942 134.053
159.045 134.060
171.976 134.010
184.039 134.010
196.971 134.023
209.019 134.019
221.935 134.039
233.998 134.010
246.934 134.020
21.988 146.978
34.052 146.957
46.979 146.928
59.018 146.943
71.946 146.981
84.065 146.981
96.967 146.971
109.037 146.967
121.976 146.936
134.030 146.942
147.021 146.967
159.065 146.990
171.948 146.974
184.043 146.942
196.950 146.940
209.040 146.972
221.959 146.912
234.067 146.939
21.954 159.030
34.057 159.065
46.959 159.027
59.020 158.978
71.968 159.022
84.020 159.013
96.943 159.057
109.031 159.046
121.934 158.992
133.985 159.039
146.977 159.049
159.021 159.020
171.991 159.060
184.044 159.082
196.936 159.063
209.016 159.019
221.943 159.047
234.050 159.040
21.980 171.957
34.049 171.988
46.957 171.939
59.074 171.933
71.983 171.967
84.018 171.958
96.956 171.970
109.025 171.989
121.988 171.932
134.042 171.943
146.977 171.960
159.057 171.935
171.994 171.994
183.988 171.943
196.948 171.978
209.027 171.929
221.973 171.977
234.013 171.950
34.040 184.025
46.945 183.979
59.052 184.020
71.961 183.998
84.027 184.058
96.943 184.027
109.046 184.048
122.001 184.004
134.038 184.054
146.938 184.054
159.043 184.053
171.966 184.041
184.011 184.029
196.953 184.037
209.045 184.018
221.954 184.022
34.048 196.959
46.978 196.931
59.056 196.939
71.982 196.950
84.059 196.971
96.934 197.006
109.044 196.976
122.028 196.971
134.031 196.966
146.922 196.917
159.056 196.968
171.968 196.976
184.048 196.990
196.984 196.964
209.049 196.930
221.937 196.979
46.971 209.061
59.039 209.074
71.957 209.028
84.071 209.006
96.977 209.015
109.045 209.092
121.963 209.058
134.073 209.031
146.961 209.031
159.065 209.062
172.007 209.036
184.004 209.018
196.952 209.031
209.040 209.025
59.023 221.939
71.941 221.959
84.024 221.937
96.918 221.993
109.051 221.939
121.925 221.989
134.068 221.965
146.969 221.969
159.021 221.984
171.961 221.963
184.035 221.962
196.968 221.940
84.032 234.045
96.981 234.022
109.033 234.046
121.999 234.026
134.040 233.999
147.003 234.061
159.047 234.022
171.957 234.033
121.959 246.919
134.063 246.940
