121.759 9.268
134.241 9.223
84.223 21.783
96.760 21.816
109.224 21.749
121.750 21.783
134.232 21.776
146.751 21.764
159.238 21.771
171.774 21.767
59.235 34.250
71.799 34.226
84.228 34.258
96.779 34.240
109.243 34.191
121.768 34.206
134.257 34.231
146.780 34.237
159.250 34.232
171.770 34.256
184.244 34.222
196.760 34.218
46.752 46.763
59.245 46.768
71.760 46.754
84.250 46.784
96.781 46.768
109.235 46.782
121.756 46.745
134.245 46.776
146.776 46.759
159.227 46.748
171.798 46.778
184.229 46.778
196.774 46.771
209.232 46.748
34.243 59.246
46.772 59.224
59.259 59.238
71.755 59.225
84.245 59.266
96.758 59.245
109.225 59.212
121.743 59.215
134.208 59.223
146.813 59.196
159.210 59.232
171.748 59.230
184.238 59.228
196.755 59.237
209.239 59.233
221.766 59.217
34.239 71.778
46.751 71.759
59.232 71.768
71.783 71.764
84.192 71.787
96.786 71.764
109.238 71.760
121.756 71.776
134.256 71.787
146.764 71.768
159.219 71.756
171.778 71.748
184.247 71.760
196.757 71.762
209.252 71.753
221.765 71.763
21.771 84.216
34.229 84.213
46.747 84.206
59.230 84.222
71.773 84.256
84.231 84.242
96.759 84.237
109.211 84.224
121.768 84.237
134.212 84.231
146.807 84.243
159.226 84.249
171.758 84.239
184.224 84.231
196.759 84.214
209.234 84.227
221.784 84.266
234.233 84.220
21.781 96.824
34.218 96.782
46.766 96.741
59.245 96.740
71.802 96.768
84.197 96.773
96.774 96.784
109.222 96.759
121.773 96.760
134.225 96.796
146.785 96.741
159.220 96.746
171.758 96.766
184.226 96.791
196.779 96.763
209.223 96.798
221.807 96.814
234.249 96.774
21.774 109.232
34.219 109.232
46.763 109.219
59.219 109.214
71.781 109.196
84.240 109.223
96.782 109.226
109.217 109.239
121.789 109.233
134.220 109.235
146.756 109.227
159.258 109.240
171.761 109.248
184.231 109.228
196.752 109.264
209.230 109.238
221.758 109.240
234.232 109.207
9.245 121.764
21.769 121.776
34.222 121.742
46.746 121.758
59.229 121.763
71.796 121.764
84.249 121.787
96.739 121.784
109.223 121.764
121.762 121.767
134.256 121.755
146.768 121.778
159.223 121.759
171.752 121.766
184.212 121.753
196.761 121.765
209.240 121.767
221.769 121.799
234.222 121.761
246.772 121.766
9.271 134.236
21.782 134.235
34.227 134.231
46.712 134.216
59.224 134.220
71.774 134.234
84.228 134.214
96.763 134.228
109.237 134.230
121.777 134.240
134.206 134.241
146.771 134.226
159.234 134.228
171.766 134.235
184.217 134.232
196.767 134.231
209.209 134.238
221.781 134.198
234.234 134.257
246.756 134.253
21.750 146.774
34.226 146.780
46.783 146.779
59.211 146.810
71.766 146.753
84.201 146.752
96.741 146.759
109.246 146.788
121.758 146.766
134.231 146.773
146.753 146.780
159.227 146.781
171.773 146.760
184.248 146.765
196.781 146.765
209.247 146.772
221.756 146.768
234.213 146.731
21.781 159.228
34.232 159.234
46.768 159.206
59.260 159.231
71.768 159.201
84.211 159.223
96.764 159.220
109.255 159.249
121.793 159.190
134.219 159.236
146.757 159.227
159.233 159.257
171.796 159.250
184.227 159.241
196.749 159.258
209.252 159.254
221.761 159.183
234.237 159.240
21.756 171.759
34.227 171.759
46.771 171.794
59.219 171.767
71.784 171.752
84.216 171.779
96.770 171.784
109.222 171.763
121.762 171.748
134.219 171.776
146.769 171.761
159.240 171.782
171.754 171.771
184.223 171.774
196.771 171.775
209.237 171.783
221.749 171.774
234.227 171.759
34.233 184.236
46.767 184.218
59.212 184.235
71.758 184.259
84.238 184.219
96.775 184.236
109.239 184.207
121.770 184.217
134.238 184.230
146.769 184.247
159.243 184.231
171.778 184.231
184.236 184.265
196.751 184.263
209.233 184.199
221.789 184.235
34.220 196.772
46.746 196.750
59.200 196.752
71.752 196.776
84.232 196.792
96.788 196.762
109.216 196.763
121.775 196.761
134.229 196.767
146.743 196.801
159.225 196.747
171.773 196.769
184.203 196.796
196.755 196.760
209.258 196.768
221.753 196.778
46.767 209.232
59.237 209.217
71.760 209.228
84.208 209.209
96.764 209.221
109.239 209.241
121.765 209.259
134.204 209.232
146.770 209.245
159.222 209.233
171.762 209.256
184.226 209.249
196.780 209.239
209.240 209.242
59.210 221.763
71.769 221.790
84.218 221.787
96.772 221.774
109.260 221.764
121.772 221.765
134.237 221.752
146.781 221.762
159.225 221.776
171.767 221.782
184.207 221.744
196.775 221.740
84.225 234.230
96.769 234.228
109.241 234.236
121.780 234.231
134.225 234.241
146.755 234.233
159.251 234.250
171.758 234.252
121.739 246.777
134.231 246.752
