121.752 9.231
134.196 9.166
84.218 21.749
96.805 21.779
109.237 21.800
121.835 21.800
134.182 21.781
146.812 21.758
159.205 21.829
171.758 21.795
59.210 34.236
71.782 34.228
84.221 34.217
96.833 34.156
109.219 34.187
121.778 34.194
134.230 34.238
146.805 34.206
159.169 34.266
171.853 34.229
184.222 34.213
196.782 34.218
46.760 46.782
59.200 46.800
71.783 46.780
84.223 46.762
96.783 46.811
109.205 46.827
121.782 46.798
134.183 46.760
146.804 46.827
159.197 46.759
171.776 46.794
184.207 46.836
196.853 46.820
209.204 46.780
34.229 59.181
46.810 59.217
59.199 59.188
71.742 59.187
84.172 59.189
96.804 59.230
109.221 59.220
121.804 59.226
134.222 59.169
146.801 59.165
159.264 59.176
171.777 59.189
184.181 59.199
196.750 59.196
209.203 59.256
221.752 59.214
34.203 71.761
46.760 71.784
59.243 71.787
71.774 71.796
84.215 71.813
96.786 71.808
109.176 71.720
121.753 71.762
134.187 71.784
146.786 71.781
159.189 71.812
171.803 71.854
184.253 71.774
196.783 71.757
209.175 71.821
221.780 71.811
21.781 84.189
34.204 84.208
46.805 84.211
59.181 84.257
71.800 84.215
84.225 84.221
96.820 84.198
109.175 84.166
121.766 84.230
134.207 84.186
146.825 84.193
159.181 84.199
171.775 84.240
184.219 84.209
196.759 84.174
209.197 84.255
221.793 84.244
234.221 84.221
21.812 96.812
34.176 96.844
46.771 96.816
59.213 96.807
71.727 96.792
84.189 96.821
96.829 96.823
109.193 96.777
121.778 96.831
134.165 96.777
146.811 96.796
159.203 96.814
171.841 96.798
184.222 96.782
196.801 96.794
209.276 96.815
221.824 96.774
234.191 96.779
21.836 109.188
34.193 109.198
46.763 109.243
59.263 109.217
71.792 109.214
84.239 109.234
96.792 109.205
109.219 109.217
121.746 109.229
134.205 109.210
146.829 109.197
159.228 109.220
171.769 109.231
184.188 109.137
196.776 109.208
209.180 109.167
221.766 109.195
234.189 109.218
9.240 121.774
21.835 121.740
34.189 121.802
46.813 121.804
59.221 121.797
71.778 121.754
84.202 121.792
96.807 121.788
109.169 121.806
121.764 121.819
134.234 121.759
146.791 121.779
159.212 121.768
171.792 121.779
184.187 121.796
196.797 121.742
209.223 121.733
221.805 121.757
234.215 121.798
246.758 121.775
9.240 134.227
21.768 134.176
34.221 134.167
46.766 134.239
59.223 134.205
71.806 134.206
84.199 134.229
96.836 134.226
109.223 134.170
121.759 134.186
134.190 134.199
146.813 134.158
159.186 134.190
171.789 134.253
184.219 134.222
196.772 134.187
209.166 134.192
221.840 134.183
234.210 134.209
246.821 134.220
21.771 146.775
34.186 146.773
46.836 146.780
59.227 146.808
71.799 146.800
84.162 146.737
96.791 146.763
109.219 146.820
121.780 146.833
134.192 146.796
146.817 146.825
159.255 146.809
171.798 146.793
184.208 146.817
196.791 146.811
209.201 146.797
221.800 146.759
234.224 146.810
21.787 159.192
34.152 159.202
46.797 159.218
59.237 159.211
71.789 159.231
84.221 159.259
96.768 159.203
109.167 159.187
121.753 159.210
134.206 159.217
146.803 159.202
159.176 159.157
171.833 159.237
184.184 159.206
196.762 159.198
209.247 159.238
221.840 159.195
234.219 159.245
21.760 171.795
34.217 171.795
46.822 171.785
59.254 171.813
71.813 171.756
84.244 171.778
96.803 171.825
109.200 171.794
121.765 171.788
134.178 171.780
146.782 171.757
159.184 171.816
171.795 171.803
184.204 171.834
196.797 171.783
209.172 171.788
221.815 171.827
234.219 171.801
34.190 184.163
46.834 184.220
59.246 184.216
71.834 184.190
84.217 184.204
96.801 184.180
109.214 184.167
121.807 184.222
134.238 184.209
146.760 184.243
159.215 184.227
171.767 184.219
184.188 184.184
196.775 184.223
209.199 184.178
221.809 184.253
34.246 196.789
46.793 196.783
59.237 196.829
71.795 196.834
84.209 196.797
96.792 196.792
109.192 196.760
121.823 196.792
134.210 196.767
146.827 196.781
159.226 196.789
171.822 196.807
184.217 196.740
196.766 196.760
209.182 196.810
221.775 196.783
46.853 209.207
59.178 209.172
71.772 209.282
84.215 209.197
96.779 209.215
109.226 209.198
121.798 209.224
134.236 209.233
146.823 209.165
159.215 209.161
171.763 209.242
184.150 209.173
196.863 209.197
209.211 209.218
59.210 221.812
71.740 221.759
84.157 221.791
96.837 221.770
109.213 221.825
121.771 221.751
134.197 221.784
146.810 221.777
159.165 221.765
171.790 221.788
184.234 221.813
196.755 221.854
84.246 234.191
96.793 234.251
109.138 234.163
121.802 234.216
134.244 234.226
146.816 234.163
159.222 234.165
171.776 234.212
121.796 246.750
134.194 246.759
