121.751 8.344
134.239 8.237
83.911 20.952
96.519 20.901
109.064 20.998
121.785 20.828
134.207 20.925
146.897 20.996
159.458 20.999
172.115 20.990
58.703 33.607
71.229 33.436
83.871 33.439
96.557 33.455
109.053 33.451
121.723 33.488
134.318 33.425
146.961 33.457
159.631 33.485
172.087 33.428
184.752 33.431
197.257 33.611
45.992 45.972
58.745 46.023
71.166 46.145
83.938 46.077
96.558 46.098
109.080 46.056
121.789 46.121
134.231 46.101
146.945 46.032
159.489 46.019
172.050 46.084
184.737 46.087
197.209 46.120
209.873 45.960
33.550 58.705
46.071 58.757
58.833 58.789
71.349 58.741
83.864 58.729
96.499 58.718
109.038 58.799
121.798 58.704
134.252 58.753
146.994 58.751
159.542 58.747
172.100 58.699
184.830 58.834
197.211 58.815
209.911 58.750
222.581 58.710
33.371 71.280
46.135 71.194
58.733 71.303
71.248 71.221
83.901 71.175
96.518 71.306
109.037 71.187
121.641 71.304
134.156 71.248
146.962 71.256
159.426 71.281
172.112 71.215
184.787 71.250
197.178 71.187
209.890 71.244
222.567 71.302
20.880 83.954
33.404 83.977
46.072 83.982
58.744 83.936
71.146 83.938
83.919 84.012
96.614 83.901
109.037 83.888
121.727 83.957
134.247 83.892
146.950 83.899
159.430 83.843
172.047 84.035
184.786 83.964
197.254 83.913
209.993 83.929
222.592 83.910
235.050 83.885
20.945 96.559
33.450 96.550
46.052 96.524
58.772 96.516
71.223 96.450
83.933 96.616
96.537 96.524
109.087 96.461
121.700 96.548
134.257 96.429
146.941 96.515
159.599 96.524
172.163 96.607
184.704 96.508
197.295 96.488
209.927 96.387
222.500 96.490
235.016 96.492
20.910 109.054
33.415 109.110
46.088 109.062
58.758 109.046
71.260 109.029
83.891 109.057
96.424 109.088
109.049 109.068
121.722 109.068
134.188 109.139
146.928 109.085
159.581 109.123
172.143 109.132
184.767 109.090
197.211 109.029
209.914 109.028
222.548 109.082
235.017 109.002
8.315 121.783
20.878 121.752
33.508 121.693
46.069 121.803
58.710 121.767
71.204 121.693
83.880 121.751
96.512 121.699
109.013 121.855
121.679 121.738
134.229 121.704
146.971 121.831
159.372 121.805
172.061 121.742
184.733 121.701
197.265 121.689
209.884 121.747
222.588 121.775
235.084 121.769
247.730 121.736
8.318 134.231
20.944 134.145
33.424 134.280
46.081 134.287
58.712 134.207
71.234 134.280
83.910 134.266
96.521 134.241
109.136 134.165
121.728 134.255
134.257 134.262
146.990 134.172
159.411 134.253
172.086 134.276
184.657 134.286
197.229 134.246
209.888 134.267
222.497 134.248
235.084 134.268
247.733 134.250
20.934 147.024
33.423 146.911
45.996 146.892
58.786 146.896
71.188 146.975
83.980 146.937
96.547 146.880
109.023 146.941
121.836 146.929
134.117 146.893
146.997 146.957
159.582 146.898
172.046 146.913
184.829 146.937
197.161 146.987
209.898 146.886
222.520 146.956
235.077 147.003
20.918 159.476
33.458 159.411
46.125 159.484
58.776 159.468
71.290 159.483
83.925 159.490
96.378 159.584
109.081 159.519
121.716 159.458
134.213 159.525
146.919 159.465
159.463 159.515
172.171 159.460
184.714 159.577
197.261 159.543
209.914 159.543
222.429 159.488
235.029 159.547
20.921 172.035
33.433 172.119
46.132 172.053
58.775 172.102
71.196 172.066
83.968 172.056
96.539 172.124
109.073 172.068
121.748 172.044
134.201 172.097
146.993 172.099
159.511 172.109
172.021 172.031
184.787 172.102
197.187 172.090
209.921 172.041
222.565 172.031
235.017 172.059
33.416 184.740
46.140 184.790
58.749 184.806
71.267 184.785
83.974 184.825
96.523 184.681
109.050 184.705
121.760 184.665
134.303 184.746
146.965 184.841
159.480 184.713
172.063 184.762
184.693 184.820
197.199 184.714
209.920 184.743
222.562 184.746
33.412 197.234
46.118 197.307
58.784 197.228
71.221 197.257
83.910 197.168
96.520 197.260
109.098 197.208
121.700 197.288
134.317 197.272
146.923 197.236
159.499 197.290
172.086 197.199
184.756 197.223
197.236 197.125
209.930 197.230
222.458 197.267
46.042 209.986
58.791 209.926
71.243 209.911
83.919 209.956
96.314 209.915
109.035 209.974
121.774 209.922
134.163 209.889
146.969 209.922
159.440 209.910
172.079 209.917
184.720 209.929
197.179 209.933
209.957 209.962
58.700 222.455
71.306 222.551
83.897 222.517
96.419 222.471
109.045 222.564
121.721 222.471
134.304 222.392
146.951 222.444
159.454 222.474
172.104 222.524
184.692 222.563
197.376 222.412
83.912 234.992
96.545 235.035
109.043 235.021
121.714 235.111
134.214 235.114
146.991 234.985
159.460 235.043
172.075 234.979
121.725 247.755
134.222 247.770
