121.854 8.196
134.100 8.155
83.970 20.999
96.793 20.987
109.027 20.964
121.866 20.982
134.138 21.002
146.990 21.028
159.174 21.010
172.023 21.035
58.858 33.792
71.108 33.797
83.935 33.813
96.780 33.829
109.015 33.798
121.840 33.210
134.157 33.811
146.998 33.788
159.228 33.767
171.989 33.811
184.864 33.233
197.095 33.792
46.018 46.014
58.875 46.001
71.121 46.028
83.981 46.025
96.197 46.061
108.988 46.089
121.853 46.046
134.134 46.031
146.973 46.004
159.208 46.007
171.994 45.998
184.852 46.038
197.117 46.007
209.949 46.029
33.757 58.856
46.054 58.849
58.893 58.874
71.146 58.879
84.004 58.892
96.207 58.887
109.031 58.907
121.886 58.902
134.147 58.842
146.983 58.852
159.795 58.871
172.016 58.875
184.875 58.857
197.102 58.887
209.965 58.883
222.205 58.893
33.204 71.141
46.067 71.146
58.915 71.192
71.160 71.158
83.996 71.129
96.807 71.195
109.008 71.168
121.840 71.144
134.136 71.183
146.991 71.144
159.197 71.184
172.021 71.141
184.885 71.173
197.108 71.162
209.958 71.175
222.805 71.182
20.952 84.034
33.179 83.983
46.056 83.998
58.881 84.012
71.122 84.012
83.997 83.998
96.794 83.973
108.961 83.986
121.842 83.966
134.144 83.975
147.020 83.978
159.209 83.979
172.021 84.007
184.888 83.976
197.130 83.992
209.961 84.020
222.827 83.997
235.042 84.029
20.957 96.813
33.210 96.835
46.022 96.804
58.871 96.793
71.137 96.800
83.999 96.809
96.204 96.816
109.004 96.236
121.796 96.767
134.129 96.226
146.980 96.207
159.183 96.213
172.024 96.796
184.834 96.801
197.126 96.777
209.967 96.801
222.230 96.219
235.019 96.211
21.000 109.009
33.213 109.016
46.041 109.011
58.878 109.004
71.133 109.001
83.995 109.016
96.247 109.002
108.994 109.016
121.848 109.001
134.109 108.992
146.998 109.028
159.781 109.056
172.034 109.022
184.875 109.029
197.117 109.014
209.944 109.046
222.201 108.996
235.022 108.958
8.220 121.832
20.984 121.834
33.214 121.814
46.043 121.835
58.883 121.851
71.157 121.821
84.017 121.868
96.225 121.840
109.006 121.883
121.849 121.861
134.208 121.836
147.008 121.892
159.212 121.912
172.018 121.873
184.828 121.848
197.103 121.848
209.946 121.856
222.191 121.811
234.984 121.836
247.819 121.818
8.206 134.171
20.974 134.122
33.201 134.106
46.054 134.105
58.899 134.118
71.180 134.161
83.997 134.112
96.250 134.118
109.014 134.109
121.848 134.157
134.190 134.139
147.031 134.110
159.231 134.149
172.003 134.152
184.826 134.163
197.139 134.146
209.938 134.138
222.194 134.200
235.005 134.180
247.815 134.140
21.009 146.958
33.208 146.961
46.036 146.979
58.916 147.000
71.175 146.990
83.996 147.001
96.162 146.989
108.994 146.998
121.879 146.990
134.133 146.983
146.981 146.951
159.804 146.972
172.006 146.988
184.852 147.008
197.075 147.037
209.977 146.989
222.218 147.023
234.990 147.011
20.985 159.159
33.808 159.198
46.041 159.805
58.896 159.806
71.166 159.797
84.012 159.220
96.226 159.804
109.013 159.811
121.829 159.777
134.146 159.201
146.963 159.789
159.811 159.794
172.032 159.793
184.834 159.778
197.138 159.794
209.955 159.814
222.207 159.782
235.003 159.203
20.997 172.002
33.818 172.035
46.072 172.032
58.914 171.998
71.141 172.014
83.977 171.998
96.809 172.015
108.995 171.995
121.839 172.008
134.150 171.997
146.990 172.013
159.779 172.022
172.010 171.999
184.886 172.017
197.094 172.012
209.950 172.025
222.174 172.013
234.967 171.994
33.792 184.851
46.083 184.866
58.904 184.858
71.150 184.849
83.987 184.858
96.168 184.814
108.984 184.798
121.833 184.811
134.157 184.840
146.997 184.843
159.812 184.846
172.036 184.858
184.856 184.855
197.138 184.803
209.945 184.863
222.215 184.852
33.791 197.113
46.067 197.126
58.903 197.125
71.166 197.164
83.992 197.134
96.196 197.134
108.978 197.096
121.854 197.092
134.188 197.133
147.018 197.097
159.806 197.110
171.998 197.135
184.828 197.111
197.128 197.113
209.987 197.117
222.199 197.122
46.046 209.943
58.894 209.987
71.164 209.971
83.984 209.953
96.187 209.980
108.977 209.983
121.848 209.944
134.153 209.946
147.013 209.986
159.810 209.955
171.999 209.974
184.838 209.986
197.121 209.995
209.989 209.955
58.903 222.177
71.158 222.242
83.987 222.185
96.222 222.219
108.976 222.783
121.856 222.783
134.182 222.813
146.997 222.789
159.788 222.238
171.996 222.814
184.831 222.821
197.132 222.772
83.983 234.966
96.778 234.974
108.989 234.984
121.879 235.028
134.177 235.047
147.028 234.984
159.771 234.992
172.017 235.019
121.848 247.859
134.127 247.782
