122.006 9.026
134.046 9.054
84.031 21.998
96.958 21.982
109.039 21.988
121.952 22.005
134.018 21.999
146.975 21.960
159.009 21.982
171.939 21.923
59.019 34.057
71.994 34.024
84.085 34.046
96.962 34.024
109.032 34.041
121.965 34.010
134.049 34.025
146.939 34.032
159.038 34.010
171.961 34.053
184.043 34.033
196.975 34.035
46.940 46.988
59.044 46.970
71.980 46.952
84.054 46.979
96.996 46.953
109.038 46.955
121.964 46.953
134.048 46.937
146.967 46.979
159.036 46.956
171.970 46.950
184.027 46.966
196.941 46.958
209.045 46.923
34.044 58.991
46.985 59.059
59.029 59.044
71.950 59.071
84.021 59.041
97.002 59.029
109.029 59.010
121.969 59.022
134.054 59.003
146.972 59.016
159.047 59.031
171.990 59.014
184.045 59.044
196.961 59.018
209.011 59.046
221.979 59.004
34.021 71.979
47.013 72.002
59.026 71.965
71.981 71.998
84.013 71.965
97.014 71.961
109.024 71.945
121.950 71.980
134.018 71.970
146.985 72.006
159.013 72.012
171.956 71.976
184.074 71.947
196.969 71.959
209.010 71.978
221.951 71.992
21.953 84.070
34.020 84.029
46.959 84.020
59.030 84.009
71.965 84.062
84.025 84.023
96.995 84.008
109.029 84.047
121.970 84.035
134.031 84.043
146.941 84.006
159.039 83.996
171.989 84.006
184.019 84.003
196.911 84.026
209.028 84.031
221.936 84.054
234.007 84.013
21.985 96.961
34.002 96.967
46.949 96.979
59.008 96.955
71.959 96.968
84.017 96.955
96.929 96.975
109.057 96.884
122.010 96.965
134.049 96.964
146.992 96.926
159.015 96.971
171.973 96.977
184.044 96.998
196.980 96.950
209.071 96.987
221.926 96.956
234.013 96.967
21.965 109.013
33.981 109.046
46.968 109.027
59.051 109.017
71.937 109.000
84.026 109.012
96.983 109.081
109.033 109.035
121.961 109.031
134.030 109.045
146.967 109.017
159.049 109.031
171.985 109.037
184.057 109.027
196.976 109.022
209.041 109.002
221.992 109.038
234.057 109.030
9.058 121.955
21.996 121.967
34.036 121.994
46.949 121.960
59.015 121.976
71.968 121.932
84.035 121.970
96.938 121.983
109.064 121.955
121.994 121.955
134.036 121.987
146.955 121.952
159.028 121.947
171.972 121.979
184.042 121.943
196.985 121.970
209.012 121.968
221.974 121.985
234.031 122.005
246.947 121.977
9.040 134.036
21.995 134.017
34.003 134.021
46.982 134.003
59.039 134.047
71.935 133.985
84.039 134.018
96.909 134.045
109.044 134.030
121.954 134.047
133.968 133.986
147.006 133.978
159.048 134.023
171.950 134.004
184.020 134.015
196.967 134.008
209.032 134.031
221.977 134.068
234.012 134.033
246.954 134.056
21.968 146.958
34.077 146.949
46.973 146.949
59.013 146.968
71.954 146.977
84.031 146.956
96.956 146.969
109.058 146.934
121.944 146.997
134.010 146.955
146.919 146.960
159.029 146.942
171.927 146.964
184.018 146.964
196.962 146.962
209.043 147.002
221.989 146.985
234.050 146.966
21.951 159.069
34.067 159.025
46.949 159.009
59.055 159.024
71.974 159.013
84.028 159.030
96.975 159.057
108.968 159.044
121.991 159.016
134.057 159.009
146.939 159.036
159.062 159.034
171.955 158.998
184.075 159.040
196.969 158.989
209.053 159.050
221.985 158.997
234.049 159.042
21.956 172.003
34.034 171.989
46.984 171.946
59.001 171.936
71.967 171.968
84.070 171.947
96.991 171.941
109.011 171.987
121.971 171.989
134.029 171.938
146.923 171.954
159.038 171.959
171.955 171.951
183.979 171.989
196.975 171.971
209.002 171.962
221.966 171.942
234.037 171.990
33.976 184.002
46.964 184.024
59.016 184.036
71.954 184.042
84.052 184.075
96.951 184.056
109.034 184.022
121.922 184.014
134.046 184.007
146.950 184.041
159.023 184.024
171.958 184.028
184.026 184.036
196.939 184.022
209.022 184.010
221.964 184.016
33.998 196.977
46.955 196.937
59.048 196.951
71.956 196.953
84.027 196.989
96.983 196.925
109.041 196.976
121.944 196.964
134.041 196.973
146.968 196.988
159.048 196.989
171.985 196.978
184.034 196.955
196.948 196.957
208.980 196.990
221.972 196.959
46.901 209.043
59.021 209.043
71.968 209.025
84.023 209.037
96.981 209.054
109.025 209.015
121.943 209.088
134.022 209.056
146.973 209.040
159.016 209.041
171.943 209.063
184.047 209.016
196.941 209.025
209.053 209.080
59.043 221.970
72.000 221.959
84.058 221.979
96.956 221.958
109.070 221.960
121.986 221.960
134.006 221.967
146.958 221.959
159.007 222.004
171.965 221.914
184.003 221.967
196.982 221.940
84.042 234.051
96.959 233.974
109.060 234.045
121.984 234.011
134.040 234.027
146.925 234.026
159.023 233.981
171.963 234.061
121.923 246.993
134.010 246.942
