121.798 9.237
134.249 9.244
84.248 21.745
96.781 21.783
109.244 21.771
121.774 21.747
134.189 21.789
146.752 21.737
159.231 21.782
171.755 21.784
59.238 34.249
71.773 34.233
84.234 34.273
96.760 34.233
109.241 34.241
121.768 34.238
134.226 34.257
146.765 34.245
159.216 34.245
171.778 34.230
184.237 34.234
196.775 34.248
46.761 46.756
59.241 46.751
71.763 46.772
84.272 46.768
96.754 46.765
109.240 46.776
121.780 46.730
134.238 46.756
146.757 46.771
159.222 46.782
171.758 46.758
184.244 46.771
196.773 46.783
209.246 46.775
34.237 59.243
46.774 59.232
59.209 59.242
71.782 59.247
84.239 59.238
96.770 59.213
109.229 59.221
121.767 59.224
134.226 59.256
146.750 59.238
159.235 59.214
171.794 59.232
184.241 59.238
196.754 59.218
209.241 59.218
221.802 59.220
34.239 71.746
46.772 71.794
59.230 71.762
71.751 71.757
84.222 71.765
96.767 71.782
109.230 71.787
121.767 71.767
134.228 71.775
146.752 71.790
159.243 71.787
171.773 71.768
184.247 71.765
196.756 71.763
209.228 71.751
221.784 71.761
21.747 84.233
34.240 84.237
46.788 84.207
59.278 84.207
71.755 84.204
84.265 84.229
96.812 84.203
109.238 84.224
121.762 84.214
134.241 84.221
146.751 84.227
159.251 84.240
171.777 84.240
184.210 84.211
196.742 84.209
209.238 84.215
221.765 84.224
234.229 84.237
21.763 96.741
34.233 96.749
46.747 96.769
59.228 96.788
71.764 96.779
84.238 96.740
96.776 96.768
109.208 96.747
121.775 96.774
134.224 96.769
146.759 96.760
159.221 96.780
171.773 96.764
184.267 96.761
196.799 96.755
209.258 96.748
221.747 96.776
234.240 96.774
21.765 109.243
34.210 109.230
46.772 109.231
59.218 109.233
71.736 109.238
84.234 109.250
96.792 109.202
109.234 109.241
121.774 109.228
134.237 109.227
146.765 109.255
159.246 109.223
171.766 109.247
184.231 109.222
196.743 109.240
209.229 109.238
221.752 109.245
234.245 109.250
9.257 121.742
21.771 121.781
34.214 121.766
46.739 121.753
59.239 121.769
71.791 121.746
84.234 121.763
96.781 121.742
109.240 121.779
121.779 121.765
134.247 121.765
146.763 121.756
159.243 121.784
171.785 121.789
184.195 121.766
196.765 121.760
209.236 121.764
221.774 121.784
234.234 121.767
246.783 121.760
9.228 134.239
21.765 134.249
34.211 134.187
46.780 134.245
59.264 134.248
71.772 134.257
84.226 134.198
96.755 134.232
109.246 134.242
121.761 134.249
134.242 134.260
146.775 134.229
159.247 134.229
171.750 134.255
184.246 134.235
196.780 134.245
209.238 134.249
221.748 134.238
234.216 134.222
246.782 134.222
21.785 146.769
34.218 146.761
46.789 146.774
59.233 146.754
71.755 146.774
84.204 146.757
96.780 146.759
109.244 146.778
121.766 146.781
134.234 146.792
146.754 146.790
159.219 146.747
171.745 146.766
184.207 146.757
196.801 146.787
209.229 146.761
221.764 146.749
234.242 146.795
21.762 159.245
34.218 159.212
46.755 159.242
59.224 159.231
71.757 159.227
84.222 159.214
96.777 159.239
109.231 159.244
121.780 159.214
134.256 159.237
146.763 159.241
159.221 159.229
171.757 159.201
184.242 159.214
196.755 159.250
209.223 159.231
221.788 159.249
234.230 159.237
21.774 171.770
34.231 171.762
46.787 171.751
59.234 171.786
71.770 171.775
84.216 171.754
96.759 171.787
109.244 171.768
121.768 171.749
134.235 171.811
146.782 171.756
159.227 171.771
171.780 171.751
184.212 171.773
196.758 171.805
209.229 171.763
221.781 171.776
234.233 171.776
34.215 184.216
46.736 184.260
59.223 184.232
71.767 184.259
84.244 184.244
96.758 184.224
109.240 184.241
121.758 184.221
134.209 184.233
146.767 184.255
159.202 184.238
171.765 184.248
184.217 184.241
196.789 184.215
209.248 184.246
221.777 184.246
34.251 196.781
46.758 196.754
59.208 196.745
71.778 196.783
84.240 196.764
96.745 196.759
109.221 196.788
121.771 196.791
134.200 196.783
146.754 196.764
159.216 196.778
171.759 196.760
184.234 196.759
196.753 196.754
209.237 196.777
221.744 196.771
46.745 209.238
59.229 209.243
71.792 209.215
84.238 209.215
96.760 209.235
109.221 209.240
121.751 209.216
134.229 209.243
146.792 209.247
159.218 209.241
171.746 209.229
184.224 209.255
196.764 209.242
209.236 209.220
59.247 221.738
71.763 221.775
84.221 221.747
96.785 221.760
109.229 221.761
121.743 221.754
134.238 221.775
146.764 221.758
159.216 221.769
171.773 221.746
184.224 221.757
196.789 221.751
84.255 234.237
96.760 234.227
109.226 234.256
121.761 234.233
134.231 234.233
146.764 234.243
159.248 234.206
171.754 234.248
121.780 246.754
134.220 246.764
