121.832 9.023
134.192 8.988
84.130 21.577
96.704 21.528
109.156 21.650
121.761 21.487
134.260 21.526
146.815 21.555
159.313 21.522
171.914 21.487
59.009 34.089
71.686 33.995
84.173 33.956
96.714 34.056
109.198 33.987
121.798 33.966
134.171 34.041
146.862 34.015
159.293 33.972
171.903 33.983
184.370 33.973
196.977 34.039
46.592 46.547
59.085 46.620
71.650 46.616
84.135 46.640
96.671 46.547
109.185 46.558
121.726 46.596
134.179 46.619
146.863 46.573
159.252 46.560
171.815 46.587
184.379 46.554
196.966 46.501
209.438 46.562
34.010 59.008
46.571 59.039
59.073 58.982
71.647 59.079
84.041 59.104
96.711 59.016
109.165 59.099
121.948 59.026
134.159 59.036
146.922 59.121
159.158 59.067
171.910 59.006
184.311 59.056
196.959 59.062
209.405 59.056
221.988 59.066
33.997 71.663
46.606 71.687
59.071 71.669
71.641 71.645
84.127 71.680
96.688 71.696
109.203 71.660
121.808 71.641
134.178 71.787
146.822 71.642
159.296 71.645
171.908 71.682
184.365 71.597
196.928 71.671
209.409 71.662
222.023 71.725
21.507 84.134
33.965 84.094
46.533 84.063
59.001 84.075
71.625 84.123
84.034 84.196
96.761 84.135
109.138 84.053
121.842 84.113
134.186 84.055
146.888 84.017
159.283 84.078
171.896 84.106
184.348 84.113
196.919 84.115
209.345 84.080
221.982 84.103
234.528 84.129
21.604 96.677
33.991 96.666
46.620 96.660
59.075 96.773
71.644 96.739
84.142 96.714
96.684 96.688
109.185 96.719
121.828 96.734
134.175 96.696
146.818 96.645
159.313 96.692
171.914 96.813
184.302 96.716
196.918 96.755
209.485 96.700
222.031 96.731
234.419 96.654
21.440 109.192
34.020 109.106
46.622 109.159
59.008 109.123
71.668 109.219
84.051 109.089
96.776 109.177
109.130 109.174
121.787 109.148
134.171 109.159
146.823 109.170
159.355 109.251
171.886 109.173
184.332 109.104
196.929 109.102
209.403 109.158
221.927 109.140
234.387 109.204
8.945 121.779
21.591 121.790
34.034 121.790
46.591 121.779
59.000 121.772
71.605 121.738
84.059 121.749
96.723 121.744
109.169 121.818
121.783 121.809
134.214 121.806
146.811 121.876
159.292 121.808
171.890 121.841
184.350 121.825
197.013 121.815
209.403 121.763
221.966 121.768
234.390 121.755
247.050 121.803
8.981 134.247
21.355 134.184
33.978 134.257
46.659 134.224
59.023 134.208
71.742 134.158
84.109 134.136
96.677 134.204
109.084 134.141
121.787 134.209
134.201 134.263
146.903 134.181
159.301 134.215
171.885 134.277
184.286 134.293
196.966 134.222
209.416 134.298
221.957 134.242
234.508 134.204
247.061 134.163
21.436 146.829
34.036 146.855
46.550 146.839
59.025 146.885
71.713 146.850
84.012 146.837
96.822 146.820
109.175 146.890
121.817 146.833
134.164 146.804
146.905 146.831
159.167 146.847
171.880 146.898
184.384 146.910
196.951 146.788
209.384 146.828
221.940 146.869
234.448 146.867
21.477 159.344
34.014 159.287
46.630 159.348
59.042 159.283
71.710 159.198
84.122 159.290
96.719 159.263
109.149 159.233
121.762 159.248
134.185 159.237
146.833 159.246
159.281 159.316
171.962 159.264
184.362 159.283
196.958 159.271
209.455 159.293
221.924 159.249
234.449 159.324
21.477 171.906
34.062 171.959
46.569 171.880
58.995 171.968
71.647 171.968
84.131 171.895
96.785 171.891
109.104 171.917
121.839 171.875
134.247 171.923
146.825 172.011
159.246 171.831
171.896 171.947
184.416 171.861
196.912 171.919
209.328 171.950
222.010 171.920
234.420 171.838
34.070 184.371
46.594 184.388
59.047 184.381
71.626 184.413
84.157 184.313
96.724 184.355
109.161 184.306
121.796 184.357
134.234 184.322
146.850 184.308
159.346 184.388
171.904 184.318
184.391 184.386
196.938 184.395
209.388 184.389
222.010 184.380
34.017 196.938
46.650 196.967
59.093 196.947
71.610 196.886
84.055 196.946
96.723 196.990
109.064 197.043
121.751 197.003
134.132 196.915
146.832 196.932
159.255 196.976
171.939 196.960
184.380 196.980
197.011 196.926
209.409 196.948
221.990 197.048
46.518 209.445
59.047 209.547
71.643 209.415
84.109 209.334
96.778 209.406
109.207 209.372
121.753 209.486
134.201 209.468
146.850 209.421
159.352 209.433
171.911 209.409
184.364 209.358
196.973 209.382
209.328 209.375
59.031 221.977
71.631 222.012
84.055 221.998
96.758 222.038
109.098 221.904
121.822 222.017
134.215 221.985
146.902 222.025
159.316 222.001
171.942 221.922
184.374 222.011
196.970 221.925
84.064 234.504
96.725 234.423
109.166 234.458
121.774 234.445
134.221 234.462
146.792 234.536
159.281 234.543
171.910 234.452
121.815 247.033
134.189 246.923
