121.932 9.061
134.019 9.095
84.032 21.968
96.948 21.992
109.000 21.957
121.977 21.993
134.048 22.016
146.973 21.986
159.015 22.018
171.968 21.950
59.048 34.056
71.977 34.012
84.032 34.023
96.963 34.027
109.044 34.029
121.977 34.020
134.048 34.049
146.989 34.055
159.016 34.043
171.986 34.046
183.991 34.042
196.946 34.070
46.987 46.946
58.987 46.931
71.941 46.948
84.053 46.974
96.930 46.942
109.048 46.963
121.949 46.950
134.022 46.965
146.991 46.930
159.031 46.935
171.956 46.932
183.997 47.011
196.954 46.982
209.057 46.985
34.082 59.060
46.934 59.033
59.056 59.079
71.966 59.021
84.050 59.017
96.935 59.038
109.046 59.038
121.974 59.047
134.089 59.056
146.955 59.030
159.055 59.008
172.004 59.028
184.025 59.023
196.967 59.045
209.038 59.070
221.901 59.048
34.087 71.974
46.934 72.000
59.034 71.965
71.995 71.964
84.034 71.950
96.964 71.952
108.993 71.964
121.955 71.961
134.059 71.959
146.933 71.937
159.015 71.991
171.979 71.945
184.046 71.952
196.972 71.960
209.030 71.955
221.978 71.948
21.990 83.993
34.036 84.059
46.949 84.015
59.054 84.038
71.958 84.026
84.047 84.054
96.948 84.009
109.076 84.073
121.950 84.055
134.018 84.036
146.962 84.015
159.041 84.065
171.962 84.030
184.028 84.046
196.957 84.052
209.033 84.005
221.961 84.022
234.017 84.052
21.956 96.965
34.034 96.960
46.949 96.991
59.034 96.984
71.973 96.969
84.049 96.960
96.939 96.957
109.078 96.910
121.942 96.973
134.036 96.964
146.960 96.967
159.050 96.988
171.952 96.936
184.064 96.943
196.993 96.965
209.030 96.952
221.992 96.973
234.070 96.942
21.967 109.062
34.033 109.043
46.938 109.039
59.055 109.039
71.976 109.034
84.023 109.036
96.954 109.017
109.051 109.058
121.975 109.008
134.078 109.047
146.993 109.051
159.045 109.036
171.979 109.032
184.042 109.035
197.005 109.041
209.048 109.010
222.011 109.049
234.032 109.022
9.136 121.971
21.961 121.994
34.003 121.961
46.989 121.979
59.013 121.961
71.973 121.930
84.058 121.955
96.960 121.970
109.008 121.963
121.946 121.997
134.021 121.958
146.939 121.969
159.047 121.976
171.957 122.005
184.014 121.948
196.949 121.981
209.016 121.980
222.000 121.960
234.040 121.943
246.938 121.959
9.076 134.040
21.979 134.040
34.024 134.021
46.954 134.052
59.043 134.086
71.941 134.048
84.054 134.014
96.981 134.036
109.040 134.053
121.973 134.035
134.058 134.020
146.940 134.065
159.026 134.048
171.979 134.035
184.000 134.059
196.985 134.028
209.029 134.015
221.982 134.022
234.053 134.030
246.930 134.018
21.960 146.999
34.029 146.977
46.930 146.964
59.055 146.954
71.943 146.974
84.033 146.962
96.962 146.954
109.031 146.959
121.970 146.961
134.058 146.952
147.002 146.976
159.025 146.953
172.010 146.966
184.038 146.970
196.970 146.969
209.058 146.945
221.948 146.978
234.071 146.955
21.960 158.997
34.057 159.029
46.943 159.042
59.043 159.050
71.990 159.034
84.013 159.038
96.940 159.030
109.051 159.051
121.950 159.020
134.024 159.061
146.976 159.074
158.997 159.036
171.961 159.032
184.060 159.033
196.957 159.009
209.071 159.024
221.947 159.051
234.056 159.025
21.931 171.971
34.046 171.973
46.942 171.976
59.061 171.955
71.960 171.959
84.041 171.960
96.959 171.943
109.024 171.971
121.967 171.964
134.057 172.005
146.953 171.938
159.058 171.963
171.959 171.987
184.043 171.968
196.946 171.996
208.985 171.980
221.948 171.928
234.026 171.967
34.018 184.034
46.959 184.032
59.006 184.034
71.955 184.040
84.050 184.003
96.979 184.048
109.045 184.025
121.938 184.041
134.042 184.028
146.958 184.039
159.012 184.033
171.973 184.032
184.076 184.057
196.971 184.043
209.035 184.041
221.965 184.005
34.040 196.977
46.974 196.924
59.015 196.955
71.988 196.945
84.038 196.927
96.964 196.972
109.006 196.979
121.971 196.964
134.021 196.981
146.941 196.948
159.043 196.955
171.955 196.981
184.034 196.926
196.951 196.981
209.036 196.914
221.933 196.973
47.013 209.039
59.053 209.048
71.997 209.047
84.060 208.997
96.944 209.012
109.021 209.049
121.924 209.064
134.063 209.022
146.990 209.043
159.033 209.020
171.956 209.037
184.022 209.058
196.966 209.022
209.005 209.049
59.036 221.959
71.952 221.972
84.046 221.980
96.929 221.973
109.049 221.971
121.954 221.955
134.062 221.960
146.932 221.949
159.051 221.978
171.953 221.962
184.079 221.944
196.967 221.900
84.056 234.035
96.994 234.066
109.036 234.058
121.934 234.053
134.027 234.029
146.972 234.035
159.045 234.059
171.948 234.061
121.968 246.919
134.067 246.932
