121.772 9.226
134.235 9.263
84.228 21.765
96.774 21.765
109.225 21.753
121.772 21.797
134.234 21.773
146.783 21.756
159.217 21.760
171.762 21.757
59.209 34.224
71.766 34.241
84.231 34.242
96.760 34.229
109.250 34.246
121.767 34.212
134.228 34.233
146.757 34.235
159.266 34.224
171.751 34.260
184.250 34.251
196.769 34.258
46.770 46.756
59.229 46.769
71.768 46.750
84.213 46.760
96.775 46.774
109.256 46.767
121.786 46.786
134.245 46.754
146.777 46.778
159.215 46.780
171.768 46.759
184.217 46.759
196.777 46.756
209.221 46.771
34.254 59.236
46.748 59.232
59.223 59.210
71.772 59.228
84.243 59.250
96.786 59.232
109.223 59.215
121.763 59.219
134.254 59.245
146.780 59.254
159.251 59.230
171.763 59.217
184.236 59.234
196.746 59.232
209.264 59.209
221.763 59.210
34.233 71.790
46.764 71.761
59.218 71.785
71.780 71.804
84.248 71.759
96.770 71.769
109.246 71.788
121.765 71.756
134.242 71.758
146.774 71.756
159.257 71.778
171.792 71.750
184.238 71.757
196.787 71.741
209.223 71.753
221.754 71.783
21.745 84.202
34.224 84.211
46.743 84.222
59.235 84.220
71.753 84.236
84.238 84.233
96.761 84.261
109.202 84.234
121.787 84.236
134.259 84.235
146.755 84.254
159.228 84.258
171.753 84.223
184.213 84.239
196.794 84.189
209.221 84.241
221.771 84.232
234.231 84.231
21.752 96.774
34.230 96.778
46.769 96.759
59.238 96.773
71.768 96.769
84.215 96.758
96.783 96.746
109.213 96.759
121.790 96.775
134.216 96.794
146.765 96.730
159.235 96.753
171.756 96.764
184.238 96.781
196.750 96.772
209.252 96.744
221.747 96.792
234.218 96.769
21.772 109.209
34.218 109.247
46.775 109.227
59.247 109.232
71.747 109.231
84.262 109.231
96.735 109.234
109.232 109.248
121.764 109.235
134.237 109.231
146.779 109.227
159.238 109.224
171.764 109.242
184.245 109.225
196.765 109.214
209.221 109.228
221.755 109.240
234.253 109.231
9.219 121.785
21.758 121.776
34.238 121.763
46.761 121.762
59.213 121.767
71.757 121.773
84.222 121.784
96.775 121.769
109.278 121.768
121.776 121.750
134.238 121.751
146.762 121.748
159.245 121.775
171.762 121.784
184.247 121.761
196.759 121.759
209.216 121.752
221.763 121.752
234.252 121.737
246.745 121.767
9.223 134.212
21.733 134.238
34.267 134.249
46.783 134.214
59.234 134.233
71.753 134.227
84.245 134.215
96.763 134.226
109.224 134.225
121.797 134.249
134.217 134.217
146.753 134.233
159.227 134.214
171.733 134.224
184.249 134.229
196.775 134.186
209.204 134.213
221.760 134.243
234.226 134.247
246.763 134.227
21.789 146.764
34.194 146.804
46.764 146.767
59.223 146.768
71.753 146.742
84.245 146.763
96.798 146.811
109.250 146.771
121.770 146.788
134.243 146.795
146.788 146.748
159.204 146.767
171.786 146.771
184.240 146.765
196.768 146.786
209.236 146.739
221.784 146.784
234.255 146.762
21.789 159.247
34.238 159.226
46.769 159.232
59.213 159.260
71.757 159.210
84.202 159.237
96.788 159.198
109.230 159.241
121.770 159.245
134.227 159.230
146.772 159.235
159.227 159.219
171.756 159.230
184.261 159.209
196.781 159.235
209.224 159.236
221.760 159.238
234.223 159.228
21.795 171.769
34.225 171.797
46.770 171.750
59.220 171.742
71.756 171.772
84.233 171.782
96.756 171.790
109.225 171.806
121.754 171.775
134.218 171.745
146.756 171.777
159.228 171.749
171.775 171.771
184.244 171.757
196.779 171.765
209.227 171.780
221.739 171.754
234.225 171.772
34.220 184.242
46.751 184.233
59.241 184.233
71.779 184.244
84.249 184.257
96.759 184.226
109.242 184.232
121.746 184.261
134.236 184.220
146.750 184.245
159.231 184.231
171.772 184.249
184.215 184.233
196.757 184.224
209.257 184.238
221.785 184.226
34.264 196.744
46.763 196.753
59.237 196.755
71.767 196.766
84.249 196.760
96.756 196.752
109.238 196.776
121.767 196.764
134.222 196.746
146.773 196.772
159.225 196.765
171.753 196.775
184.238 196.765
196.772 196.787
209.237 196.776
221.793 196.735
46.748 209.241
59.242 209.218
71.761 209.205
84.213 209.226
96.783 209.213
109.247 209.221
121.745 209.226
134.241 209.209
146.780 209.228
159.227 209.225
171.774 209.236
184.248 209.240
196.771 209.220
209.202 209.226
59.236 221.785
71.786 221.755
84.250 221.757
96.769 221.779
109.225 221.789
121.752 221.752
134.232 221.757
146.771 221.768
159.224 221.763
171.775 221.804
184.237 221.756
196.774 221.788
84.242 234.234
96.762 234.202
109.238 234.240
121.758 234.211
134.232 234.211
146.783 234.238
159.208 234.215
171.763 234.261
121.754 246.750
134.253 246.774
