121.765 9.240
134.224 9.249
84.219 21.779
96.748 21.782
109.252 21.762
121.761 21.751
134.247 21.768
146.758 21.774
159.252 21.796
171.749 21.770
59.244 34.240
71.753 34.249
84.249 34.240
96.797 34.212
109.216 34.256
121.769 34.217
134.239 34.239
146.761 34.205
159.238 34.239
171.779 34.237
184.233 34.232
196.759 34.255
46.775 46.763
59.263 46.771
71.771 46.762
84.250 46.757
96.751 46.733
109.216 46.765
121.809 46.762
134.239 46.757
146.766 46.786
159.196 46.768
171.792 46.774
184.233 46.751
196.752 46.755
209.256 46.765
34.196 59.256
46.747 59.238
59.207 59.244
71.769 59.242
84.247 59.259
96.752 59.244
109.232 59.235
121.759 59.257
134.236 59.219
146.780 59.236
159.225 59.219
171.763 59.244
184.231 59.226
196.759 59.230
209.247 59.238
221.785 59.213
34.250 71.759
46.793 71.769
59.216 71.780
71.777 71.773
84.256 71.769
96.769 71.748
109.262 71.755
121.760 71.765
134.249 71.773
146.746 71.779
159.223 71.780
171.738 71.778
184.244 71.766
196.804 71.794
209.236 71.757
221.767 71.782
21.773 84.252
34.247 84.254
46.802 84.221
59.215 84.232
71.765 84.243
84.248 84.216
96.753 84.239
109.214 84.234
121.748 84.228
134.252 84.260
146.765 84.241
159.228 84.227
171.791 84.231
184.237 84.228
196.792 84.234
209.231 84.236
221.772 84.246
234.250 84.259
21.784 96.763
34.207 96.770
46.782 96.746
59.215 96.773
71.740 96.769
84.228 96.751
96.756 96.744
109.227 96.776
121.771 96.748
134.231 96.777
146.757 96.787
159.216 96.779
171.766 96.748
184.210 96.782
196.781 96.769
209.233 96.744
221.744 96.763
234.235 96.793
21.766 109.239
34.239 109.237
46.756 109.230
59.242 109.243
71.779 109.267
84.210 109.212
96.760 109.249
109.230 109.229
121.763 109.266
134.205 109.244
146.751 109.242
159.235 109.244
171.765 109.218
184.233 109.218
196.764 109.236
209.221 109.223
221.778 109.217
234.236 109.251
9.237 121.749
21.760 121.756
34.237 121.757
46.777 121.752
59.210 121.750
71.766 121.810
84.261 121.783
96.806 121.746
109.237 121.780
121.765 121.796
134.235 121.765
146.762 121.734
159.245 121.747
171.753 121.760
184.242 121.763
196.744 121.773
209.238 121.780
221.763 121.764
234.235 121.743
246.767 121.796
9.229 134.254
21.781 134.242
34.252 134.247
46.762 134.233
59.255 134.202
71.757 134.174
84.241 134.240
96.786 134.242
109.234 134.237
121.761 134.226
134.229 134.243
146.781 134.212
159.223 134.244
171.793 134.219
184.238 134.207
196.764 134.251
209.241 134.254
221.802 134.228
234.228 134.246
246.739 134.207
21.764 146.758
34.251 146.786
46.783 146.789
59.239 146.756
71.760 146.767
84.217 146.798
96.777 146.761
109.243 146.783
121.762 146.762
134.218 146.757
146.781 146.794
159.243 146.790
171.742 146.767
184.203 146.773
196.751 146.765
209.226 146.790
221.805 146.786
234.249 146.757
21.754 159.230
34.236 159.247
46.783 159.238
59.227 159.198
71.754 159.242
84.193 159.223
96.787 159.186
109.217 159.249
121.751 159.236
134.240 159.235
146.769 159.220
159.226 159.261
171.755 159.236
184.219 159.216
196.778 159.262
209.208 159.238
221.778 159.220
234.246 159.269
21.789 171.781
34.213 171.799
46.747 171.802
59.245 171.778
71.759 171.779
84.262 171.751
96.767 171.761
109.221 171.764
121.748 171.776
134.240 171.781
146.771 171.734
159.218 171.755
171.764 171.742
184.232 171.766
196.782 171.749
209.249 171.780
221.750 171.755
234.218 171.766
34.227 184.240
46.792 184.228
59.212 184.232
71.783 184.240
84.208 184.245
96.725 184.247
109.232 184.220
121.763 184.240
134.241 184.222
146.794 184.213
159.224 184.240
171.777 184.243
184.236 184.217
196.746 184.237
209.216 184.254
221.773 184.221
34.266 196.788
46.769 196.752
59.223 196.757
71.762 196.738
84.215 196.803
96.757 196.760
109.247 196.759
121.767 196.776
134.216 196.743
146.744 196.750
159.206 196.775
171.759 196.747
184.203 196.735
196.741 196.768
209.236 196.794
221.758 196.752
46.763 209.229
59.207 209.216
71.820 209.240
84.269 209.221
96.749 209.203
109.221 209.218
121.753 209.256
134.221 209.202
146.777 209.257
159.234 209.251
171.772 209.209
184.256 209.238
196.753 209.217
209.241 209.227
59.217 221.757
71.772 221.754
84.235 221.776
96.798 221.764
109.229 221.775
121.768 221.746
134.231 221.780
146.771 221.750
159.230 221.758
171.759 221.777
184.217 221.789
196.761 221.773
84.243 234.238
96.756 234.231
109.228 234.230
121.764 234.216
134.205 234.222
146.778 234.233
159.239 234.251
171.787 234.238
121.759 246.739
134.243 246.750
