121.983 9.050
134.011 9.023
84.030 21.956
96.995 21.976
109.020 21.951
121.982 21.973
134.018 21.996
146.990 21.934
159.026 21.994
171.950 21.942
58.974 34.031
71.944 34.080
84.050 34.026
96.999 34.035
109.024 34.028
121.958 34.007
134.030 34.050
146.989 34.004
159.015 34.034
171.985 34.058
184.016 34.005
196.958 34.073
46.982 46.957
59.007 46.990
71.963 46.925
84.026 46.974
96.972 46.949
109.027 46.911
121.991 46.945
134.066 46.968
147.006 46.934
159.040 46.920
171.936 46.955
184.002 47.046
196.986 46.995
209.057 46.951
34.056 58.990
47.006 59.035
59.050 59.054
71.986 59.014
84.046 59.034
96.982 59.002
108.974 59.005
121.969 59.051
134.058 59.044
146.995 59.057
159.062 58.981
171.990 59.063
184.053 59.028
196.973 59.037
209.033 59.069
221.940 58.997
34.036 71.979
46.956 71.981
59.008 72.003
71.898 71.953
84.000 71.952
97.007 71.976
109.025 71.966
121.905 71.949
134.022 71.973
146.939 71.944
159.078 71.963
171.952 71.989
184.061 71.959
196.987 71.925
209.025 71.980
221.953 71.955
21.959 84.049
34.027 84.036
46.979 84.023
59.024 83.969
71.989 84.057
84.026 84.061
97.005 84.042
109.023 84.061
121.964 84.043
134.081 84.023
146.953 83.996
159.028 84.023
171.997 84.057
183.991 84.006
196.947 84.025
209.016 84.049
222.007 84.037
234.054 84.042
21.965 96.932
34.039 96.950
46.950 96.983
59.039 96.961
71.953 96.933
84.038 96.976
96.971 96.933
109.030 96.964
121.979 96.953
134.097 96.948
146.970 96.960
159.057 96.947
171.984 96.960
184.013 96.972
196.976 96.973
209.063 96.960
221.979 96.967
233.983 96.989
21.942 109.052
34.012 109.021
46.986 108.997
58.993 109.058
71.963 109.055
84.022 109.019
96.965 109.061
109.039 109.012
122.003 109.019
134.061 109.014
146.990 109.023
159.036 109.027
171.983 109.002
184.018 109.024
196.988 109.022
209.016 109.044
221.944 109.049
234.014 109.052
9.051 121.968
21.957 121.977
34.006 121.948
47.010 121.982
59.013 121.951
71.955 121.976
84.037 121.993
96.936 122.002
109.048 121.982
121.988 122.007
134.024 121.976
146.990 121.953
159.016 121.968
171.952 121.982
184.039 121.952
196.950 121.920
209.058 121.928
221.965 121.951
234.036 121.977
247.002 121.942
9.049 134.042
21.993 134.038
34.025 134.071
47.001 134.025
59.061 134.041
71.965 134.045
84.031 133.970
96.950 134.066
109.033 134.024
121.988 133.986
134.037 133.998
146.976 133.999
159.047 134.046
171.948 134.017
184.000 134.014
196.952 134.041
209.057 134.004
222.033 134.006
234.026 134.032
246.981 133.996
22.015 146.969
34.001 146.989
46.936 146.961
59.041 146.955
72.013 146.965
83.983 147.000
97.002 146.952
109.036 146.995
121.949 146.967
134.037 146.973
146.985 146.963
159.037 146.965
171.941 146.964
184.027 146.953
196.984 146.953
209.055 146.973
221.982 146.984
234.036 146.952
21.987 159.061
34.038 159.004
46.964 159.035
58.985 158.988
71.977 159.039
84.015 159.011
96.973 159.019
109.006 159.038
121.984 159.054
134.051 159.022
146.950 159.030
159.033 158.998
171.977 159.054
184.068 158.992
196.979 159.025
209.024 159.022
221.959 159.032
233.996 159.058
21.936 171.949
34.049 171.984
46.965 172.022
59.040 171.947
72.009 171.977
84.044 171.957
96.956 171.958
109.044 171.977
121.983 171.963
134.044 171.985
146.954 171.962
159.034 171.985
171.958 171.933
184.043 171.946
196.955 171.985
209.060 171.982
221.930 171.929
233.999 171.941
34.014 184.011
46.966 184.043
59.032 184.038
71.987 184.037
84.043 184.010
96.935 184.072
109.003 184.007
121.944 184.041
133.998 184.023
146.978 184.048
159.039 184.052
171.978 184.017
184.021 184.037
196.967 184.057
209.051 184.045
222.006 183.992
34.032 197.025
46.987 196.960
59.018 196.947
71.989 196.984
84.039 196.972
97.000 196.958
109.032 196.965
121.968 196.965
134.045 197.004
147.000 197.003
159.021 196.965
171.976 196.978
184.053 196.952
196.949 196.954
209.016 196.919
221.941 196.981
46.960 208.992
59.054 209.034
72.010 209.002
84.053 209.053
96.986 209.018
109.010 209.009
121.951 209.083
134.051 209.012
146.983 209.061
159.035 209.013
171.994 209.014
184.017 209.036
196.955 209.047
209.057 209.075
59.012 221.990
72.016 222.009
84.026 221.961
96.983 221.922
109.052 221.903
121.927 221.986
134.040 221.972
146.939 221.958
158.992 221.942
171.950 221.955
184.028 221.988
196.969 221.948
84.014 234.050
96.938 233.993
109.056 234.049
122.007 234.009
134.042 234.052
146.949 234.039
159.032 234.043
172.005 234.015
121.934 246.981
134.004 246.978
