121.838 8.192
134.158 8.189
83.977 21.006
96.810 20.987
109.016 21.012
121.848 20.982
134.129 20.972
146.985 21.001
159.197 21.055
171.992 21.007
58.869 33.788
71.129 33.803
83.974 33.804
96.794 33.793
109.008 33.801
121.858 33.243
134.171 33.801
147.004 33.781
159.808 33.809
171.998 33.786
184.849 33.761
197.157 33.793
46.044 45.997
58.878 45.996
71.168 46.063
84.011 46.041
96.206 46.058
109.003 46.045
121.878 46.042
134.138 46.030
147.032 45.961
159.218 46.007
172.033 46.015
184.877 46.018
197.115 46.032
209.951 45.984
33.811 58.870
46.054 58.864
58.906 58.864
71.182 58.874
83.981 58.882
96.194 58.889
108.976 58.926
121.860 58.868
134.132 58.902
146.992 58.857
159.766 58.855
172.025 58.877
184.818 58.866
197.114 58.882
209.976 58.870
222.195 58.885
33.201 71.138
46.057 71.146
58.908 71.190
71.137 71.173
83.989 71.131
96.770 71.152
109.000 71.148
121.790 71.177
134.170 71.146
146.965 71.163
159.226 71.186
172.012 71.145
184.861 71.167
197.132 71.151
209.987 71.137
222.776 71.168
21.000 83.992
33.234 84.003
46.046 84.009
58.900 83.993
71.127 84.028
83.958 84.009
96.867 83.994
108.962 83.989
121.859 83.977
134.152 83.997
146.978 83.994
159.156 83.962
172.048 83.982
184.919 84.002
197.135 84.003
209.965 84.014
222.807 83.985
235.004 83.997
20.965 96.813
33.797 96.810
46.055 96.817
58.888 96.817
71.164 96.809
83.974 96.848
96.809 96.810
109.006 96.238
121.816 96.779
134.125 96.215
146.986 96.220
159.223 96.246
172.024 96.808
184.890 96.774
197.135 96.215
209.960 96.759
222.798 96.808
235.011 96.202
21.036 109.003
33.181 109.002
46.023 109.029
58.875 109.008
71.169 108.994
83.980 109.010
96.200 109.001
108.996 109.007
121.869 109.012
134.131 109.043
146.997 109.031
159.198 109.032
171.999 109.034
184.877 109.034
197.127 108.983
209.959 109.010
222.208 108.988
235.039 108.986
8.207 121.866
20.962 121.824
33.235 121.817
46.028 121.846
58.880 121.858
71.188 121.852
83.974 121.862
96.257 121.834
108.982 121.854
121.851 121.857
134.169 121.845
147.024 121.924
159.198 121.866
172.004 121.876
184.823 121.849
197.137 121.845
209.964 121.849
222.210 121.847
235.005 121.833
247.844 121.857
8.198 134.134
20.960 134.137
33.227 134.121
46.047 134.094
58.870 134.103
71.170 134.152
84.022 134.161
96.235 134.128
109.039 134.127
121.836 134.152
134.173 134.143
147.033 134.116
159.202 134.123
171.989 134.158
184.835 134.180
197.127 134.165
209.964 134.152
222.205 134.158
235.007 134.165
247.818 134.151
20.998 146.963
33.171 147.005
46.005 147.020
58.886 146.990
71.153 146.977
83.981 147.015
96.171 146.985
108.995 147.022
121.882 147.009
134.130 146.995
146.974 146.990
159.793 146.927
172.033 146.979
184.845 147.030
197.126 147.029
209.957 146.991
222.194 147.003
235.005 147.010
20.986 159.183
33.215 159.166
46.039 159.750
58.920 159.819
71.203 159.796
83.978 159.195
96.193 159.774
109.002 159.794
121.841 159.796
134.174 159.224
146.989 159.221
159.807 159.200
172.055 159.795
184.854 159.838
197.172 159.784
209.947 159.793
222.221 159.225
234.982 159.205
20.987 171.980
33.794 171.992
46.049 172.001
58.913 171.986
71.188 172.016
83.965 172.013
96.225 172.013
108.993 171.999
121.850 172.020
134.159 172.003
147.015 172.000
159.796 172.023
172.012 172.033
184.865 171.991
197.094 171.974
209.978 172.027
222.221 172.007
234.984 172.000
33.786 184.839
46.073 184.813
58.912 184.840
71.140 184.857
83.973 184.850
96.198 184.810
109.001 184.826
121.839 184.828
134.153 184.810
147.023 184.863
159.812 184.878
172.029 184.841
184.844 184.823
197.109 184.800
209.957 184.832
222.228 184.882
33.817 197.132
46.036 197.130
58.891 197.148
71.157 197.129
83.957 197.121
96.184 197.128
109.019 197.091
121.845 197.112
134.164 197.087
147.021 197.104
159.798 197.101
172.025 197.093
184.819 197.116
197.110 197.107
210.013 197.127
222.193 197.085
46.047 209.975
58.904 209.985
71.172 209.970
83.994 209.963
96.194 209.981
109.000 209.973
121.860 209.976
134.147 209.977
147.003 209.984
159.828 209.966
172.001 209.954
184.799 209.978
197.140 209.964
209.981 209.979
58.889 222.198
71.140 222.174
83.977 222.163
96.186 222.194
108.986 222.810
121.829 222.815
134.139 222.214
146.992 222.815
159.783 222.209
172.012 222.804
184.845 222.803
197.107 222.794
83.999 234.929
96.767 234.976
108.999 234.998
121.852 235.010
134.143 235.015
147.025 235.010
159.791 234.996
172.009 234.993
121.881 247.856
134.123 247.844
