121.783 9.151
134.241 9.160
84.192 21.836
96.780 21.828
109.240 21.807
121.797 21.795
134.264 21.764
146.789 21.800
159.205 21.779
171.740 21.784
59.178 34.173
71.749 34.264
84.253 34.280
96.786 34.291
109.193 34.263
121.766 34.218
134.254 34.208
146.820 34.226
159.226 34.218
171.748 34.222
184.217 34.208
196.763 34.195
46.717 46.733
59.212 46.788
71.756 46.734
84.238 46.764
96.771 46.713
109.203 46.695
121.753 46.739
134.282 46.714
146.768 46.686
159.202 46.714
171.788 46.707
184.231 46.760
196.791 46.808
209.203 46.763
34.142 59.204
46.762 59.199
59.230 59.239
71.769 59.218
84.231 59.240
96.738 59.218
109.217 59.206
121.736 59.248
134.252 59.219
146.823 59.192
159.218 59.175
171.793 59.162
184.256 59.217
196.746 59.223
209.183 59.206
221.782 59.173
34.203 71.759
46.794 71.756
59.267 71.828
71.714 71.779
84.251 71.754
96.806 71.799
109.163 71.774
121.732 71.777
134.191 71.770
146.769 71.775
159.235 71.764
171.770 71.763
184.243 71.748
196.751 71.704
209.205 71.761
221.766 71.735
21.704 84.233
34.234 84.228
46.811 84.237
59.228 84.218
71.725 84.220
84.200 84.181
96.819 84.147
109.227 84.189
121.737 84.222
134.184 84.245
146.762 84.202
159.232 84.200
171.776 84.223
184.183 84.207
196.733 84.209
209.221 84.249
221.714 84.218
234.235 84.166
21.726 96.741
34.195 96.727
46.730 96.703
59.203 96.730
71.705 96.723
84.212 96.721
96.742 96.676
109.292 96.623
121.814 96.733
134.214 96.740
146.721 96.726
159.240 96.731
171.765 96.775
184.206 96.734
196.776 96.791
209.298 96.774
221.669 96.790
234.132 96.737
21.727 109.223
34.234 109.209
46.745 109.216
59.226 109.214
71.757 109.190
84.170 109.237
96.750 109.159
109.317 109.191
121.853 109.188
134.234 109.232
146.724 109.242
159.236 109.235
171.784 109.205
184.218 109.223
196.786 109.204
209.237 109.227
221.691 109.229
234.172 109.303
9.186 121.709
21.754 121.747
34.210 121.735
46.769 121.788
59.202 121.765
71.731 121.751
84.159 121.805
96.691 121.809
109.307 121.776
121.827 121.729
134.221 121.703
146.769 121.767
159.258 121.768
171.815 121.777
184.220 121.756
196.773 121.732
209.249 121.725
221.747 121.764
234.251 121.836
246.859 121.895
9.165 134.168
21.764 134.166
34.254 134.204
46.735 134.255
59.222 134.242
71.710 134.255
84.178 134.253
96.752 134.288
109.251 134.271
121.788 134.180
134.220 134.178
146.730 134.166
159.250 134.228
171.746 134.216
184.166 134.206
196.784 134.187
209.286 134.214
221.796 134.239
234.230 134.197
246.853 134.224
21.792 146.734
34.270 146.759
46.734 146.750
59.206 146.731
71.751 146.753
84.250 146.787
96.698 146.794
109.174 146.830
121.757 146.761
134.195 146.748
146.761 146.726
159.275 146.731
171.739 146.742
184.177 146.760
196.806 146.721
209.320 146.769
221.758 146.750
234.230 146.744
21.786 159.264
34.255 159.212
46.729 159.148
59.220 159.167
71.795 159.194
84.217 159.187
96.746 159.243
109.193 159.237
121.741 159.277
134.221 159.272
146.763 159.267
159.249 159.247
171.760 159.262
184.168 159.238
196.814 159.219
209.291 159.195
221.767 159.196
234.205 159.182
21.738 171.812
34.173 171.731
46.722 171.714
59.221 171.759
71.791 171.761
84.300 171.755
96.782 171.719
109.237 171.755
121.767 171.744
134.250 171.773
146.759 171.823
159.245 171.841
171.714 171.758
184.166 171.802
196.788 171.777
209.256 171.754
221.794 171.695
234.221 171.753
34.173 184.197
46.776 184.215
59.249 184.264
71.809 184.237
84.249 184.237
96.741 184.210
109.194 184.177
121.728 184.192
134.230 184.187
146.810 184.255
159.209 184.271
171.774 184.215
184.238 184.256
196.778 184.282
209.206 184.249
221.786 184.172
34.152 196.799
46.776 196.756
59.271 196.738
71.798 196.808
84.267 196.782
96.735 196.785
109.166 196.810
121.788 196.765
134.302 196.809
146.841 196.862
159.165 196.835
171.766 196.795
184.253 196.772
196.722 196.786
209.184 196.774
221.824 196.840
46.688 209.281
59.242 209.235
71.841 209.223
84.249 209.237
96.722 209.222
109.175 209.218
121.810 209.336
134.297 209.298
146.797 209.279
159.235 209.277
171.756 209.269
184.234 209.249
196.737 209.244
209.213 209.259
59.241 221.806
71.860 221.756
84.225 221.717
96.742 221.715
109.249 221.724
121.826 221.761
134.263 221.777
146.742 221.712
159.223 221.713
171.762 221.737
184.224 221.788
196.795 221.808
84.183 234.223
96.673 234.183
109.301 234.228
121.842 234.218
134.216 234.200
146.692 234.174
159.244 234.191
171.833 234.201
121.859 246.866
134.208 246.846
