121.974 9.026
134.050 9.083
84.009 22.010
97.012 22.015
109.000 21.978
121.964 22.075
134.067 22.025
146.998 21.975
158.990 22.053
171.945 21.979
58.970 34.060
72.009 33.992
84.029 34.051
97.003 34.001
108.984 34.006
121.981 33.973
133.984 33.972
147.010 33.991
159.008 34.011
171.986 34.006
183.982 33.980
197.005 34.029
47.003 46.958
59.031 46.986
71.996 46.976
83.975 47.032
96.995 46.967
108.962 47.001
121.996 46.996
134.041 46.976
146.999 46.984
158.971 46.997
172.010 47.034
183.988 47.003
196.975 47.000
209.013 46.994
34.015 59.014
46.986 59.040
58.961 59.012
72.000 58.969
83.977 58.998
97.007 59.026
108.983 59.034
122.002 59.020
133.960 58.980
146.995 58.967
158.969 58.990
172.017 58.967
183.989 58.978
196.955 58.957
208.994 59.012
221.947 59.003
33.999 72.000
46.987 72.017
59.002 72.044
72.009 72.021
83.962 72.010
97.002 72.041
109.014 71.971
121.990 72.029
133.995 72.008
146.997 71.978
158.999 71.995
172.005 72.029
184.005 71.994
197.032 72.041
208.973 71.978
221.979 71.992
21.978 84.048
33.973 84.024
47.050 83.978
58.996 84.029
72.001 83.985
83.988 83.993
97.014 83.982
108.972 83.993
121.990 84.001
133.971 84.001
147.024 84.012
158.991 84.016
171.993 83.985
184.011 84.017
196.998 83.989
208.985 84.001
221.996 83.999
234.035 83.983
22.015 96.987
33.966 96.999
47.010 96.959
58.984 96.974
71.947 96.995
84.001 96.982
97.011 97.007
109.066 97.042
122.033 96.959
133.989 97.007
147.027 96.976
159.029 96.971
172.020 97.018
184.033 96.950
197.021 97.016
209.005 97.016
221.991 97.000
233.941 97.007
21.996 109.017
33.978 109.015
46.999 108.999
59.022 109.044
72.005 108.957
84.012 108.984
96.973 108.951
109.017 108.965
122.060 109.008
134.003 108.980
146.963 108.999
159.037 108.991
172.016 108.995
184.003 109.003
196.986 108.980
209.010 109.038
222.009 108.988
233.993 108.991
9.022 121.980
22.047 121.980
33.958 121.999
47.001 122.019
59.008 121.999
72.011 122.012
83.979 122.034
96.992 122.034
109.037 122.015
122.026 122.002
134.009 121.982
147.032 121.987
158.975 122.022
171.981 122.036
184.001 121.969
197.010 121.998
208.980 121.998
222.048 121.981
233.970 122.029
246.974 122.023
9.058 134.009
21.986 134.000
34.036 134.007
46.997 133.977
59.012 133.987
71.999 134.030
84.035 134.010
96.972 133.991
109.006 133.970
121.997 133.999
133.962 133.985
147.027 133.939
159.013 134.002
171.977 133.999
184.036 133.993
196.998 133.967
208.990 134.033
222.022 133.999
234.018 134.028
246.925 134.052
22.033 147.015
34.053 147.038
46.992 147.000
59.018 146.991
71.958 146.997
83.962 147.021
97.009 147.015
108.974 147.002
122.012 147.051
134.016 146.984
147.016 146.989
159.002 147.039
172.050 146.968
184.034 147.017
197.006 146.998
209.064 147.006
222.026 146.982
233.989 146.985
22.004 158.981
33.978 158.997
46.985 158.970
58.972 158.996
72.006 159.020
84.006 158.980
97.011 158.992
109.000 159.004
121.974 159.004
134.009 159.008
146.996 158.962
159.018 159.000
172.015 159.000
183.980 159.008
197.009 159.019
209.020 158.994
222.013 159.005
233.969 159.009
22.021 171.993
33.970 172.024
46.975 172.010
59.021 171.966
71.987 171.992
84.006 171.986
96.996 172.011
109.009 171.976
121.991 172.014
133.993 171.999
146.990 172.000
159.017 172.010
171.999 172.007
183.972 172.020
196.997 172.023
209.005 172.006
222.018 171.995
234.029 172.027
33.992 184.005
46.981 184.000
58.973 183.989
72.029 184.002
84.030 184.008
96.999 184.001
108.979 183.988
122.002 183.984
134.034 184.012
147.002 184.013
158.985 183.996
172.001 183.975
183.983 184.046
196.969 183.960
208.989 183.949
222.002 184.022
34.038 197.001
47.005 197.027
59.035 196.992
71.980 197.004
83.992 197.012
96.992 197.004
108.977 196.978
121.990 197.001
134.033 196.994
147.019 197.028
158.974 196.963
172.017 197.021
184.008 197.008
196.975 197.023
209.006 197.011
221.945 197.025
46.988 209.029
59.060 209.011
72.058 209.010
83.996 208.971
96.987 209.009
108.969 208.974
122.034 209.003
134.002 208.999
147.027 209.032
158.966 209.036
171.987 208.980
183.973 209.019
196.947 209.019
209.003 209.008
59.016 221.986
72.024 222.054
83.979 222.005
97.015 221.975
109.013 222.001
122.037 222.006
134.001 222.022
147.016 222.018
158.992 221.962
172.005 221.983
183.964 222.004
197.021 221.990
84.045 233.983
96.981 233.958
109.029 234.002
122.012 233.963
133.978 233.981
146.996 233.984
159.011 233.963
172.004 234.031
122.000 246.945
134.032 246.942
