121.875 8.981
134.206 8.933
84.128 21.543
96.709 21.611
109.174 21.572
121.748 21.451
134.188 21.563
146.829 21.523
159.280 21.498
171.907 21.476
59.010 34.058
71.604 34.066
84.144 34.012
96.776 34.001
109.149 33.986
121.788 34.046
134.221 33.965
146.867 34.011
159.295 33.970
171.931 34.041
184.369 33.966
197.032 34.018
46.629 46.516
59.030 46.711
71.715 46.634
84.106 46.600
96.691 46.535
109.219 46.613
121.761 46.572
134.206 46.515
146.814 46.612
159.318 46.541
171.848 46.623
184.407 46.549
196.960 46.532
209.482 46.569
34.031 59.092
46.527 59.035
59.074 59.044
71.692 59.098
84.068 59.068
96.772 59.030
109.115 59.048
121.842 59.005
134.206 59.059
146.865 59.067
159.170 59.098
171.792 59.110
184.359 59.042
196.927 59.049
209.413 59.050
222.007 59.053
34.000 71.788
46.565 71.624
59.095 71.635
71.565 71.672
84.062 71.740
96.693 71.611
109.284 71.740
121.773 71.728
134.215 71.669
146.796 71.703
159.283 71.632
171.848 71.664
184.350 71.624
196.916 71.741
209.411 71.701
221.980 71.685
21.534 84.073
33.974 84.051
46.583 84.136
59.059 84.110
71.632 84.124
84.057 84.080
96.711 84.069
109.170 84.143
121.782 84.123
134.182 83.938
146.870 84.088
159.247 84.056
171.933 84.088
184.312 84.093
196.998 84.157
209.373 84.162
221.967 84.128
234.566 84.141
21.600 96.683
34.005 96.676
46.666 96.701
59.090 96.735
71.707 96.705
84.131 96.809
96.694 96.740
109.242 96.721
121.754 96.665
134.221 96.662
146.868 96.664
159.285 96.673
171.901 96.713
184.303 96.710
196.945 96.709
209.338 96.747
222.052 96.780
234.457 96.706
21.438 109.197
34.133 109.131
46.609 109.142
59.085 109.115
71.688 109.116
84.098 109.122
96.659 109.188
109.157 109.175
121.776 109.211
134.183 109.140
146.870 109.123
159.313 109.186
171.936 109.121
184.347 109.147
196.976 109.147
209.454 109.166
221.918 109.125
234.416 109.180
8.895 121.774
21.526 121.796
33.995 121.740
46.588 121.721
59.134 121.703
71.682 121.702
84.067 121.861
96.726 121.755
109.182 121.855
121.812 121.696
134.213 121.840
146.782 121.837
159.282 121.837
171.867 121.751
184.276 121.725
196.932 121.806
209.414 121.792
221.925 121.799
234.483 121.757
247.059 121.718
8.949 134.223
21.363 134.193
33.981 134.257
46.546 134.160
59.020 134.174
71.692 134.247
84.150 134.203
96.759 134.165
109.069 134.237
121.851 134.169
134.259 134.181
146.861 134.200
159.255 134.175
171.855 134.211
184.307 134.283
196.931 134.224
209.409 134.286
221.903 134.145
234.585 134.273
247.038 134.201
21.500 146.839
34.108 146.818
46.592 146.832
59.020 146.809
71.675 146.872
84.033 146.790
96.672 146.785
109.179 146.889
121.860 146.902
134.197 146.852
146.868 146.817
159.228 146.841
171.842 146.903
184.371 146.815
196.952 146.840
209.298 146.788
221.969 146.879
234.480 146.904
21.449 159.351
34.011 159.285
46.473 159.337
59.038 159.287
71.605 159.311
84.145 159.245
96.761 159.254
109.161 159.285
121.728 159.319
134.242 159.241
146.862 159.213
159.328 159.289
171.947 159.211
184.407 159.288
196.878 159.244
209.393 159.312
221.934 159.278
234.497 159.355
21.443 171.922
34.006 171.888
46.598 171.847
59.006 171.919
71.629 171.864
84.108 171.876
96.727 171.866
109.089 171.953
121.764 171.902
134.208 171.834
146.869 171.874
159.284 171.877
171.910 171.890
184.402 171.906
196.966 171.938
209.344 171.857
221.975 171.913
234.453 171.909
33.959 184.331
46.634 184.364
58.987 184.343
71.600 184.434
84.132 184.400
96.709 184.363
109.175 184.300
121.668 184.367
134.228 184.343
146.892 184.328
159.306 184.357
171.944 184.350
184.360 184.460
196.946 184.334
209.400 184.460
221.969 184.373
34.026 196.930
46.598 196.997
59.070 196.914
71.679 196.962
84.183 196.968
96.741 196.970
109.105 196.970
121.772 197.058
134.225 196.973
146.895 196.955
159.296 196.932
171.941 196.955
184.355 197.024
196.963 196.976
209.424 197.005
221.945 196.989
46.553 209.413
59.078 209.498
71.627 209.395
84.158 209.401
96.739 209.414
109.163 209.301
121.755 209.369
134.300 209.468
146.832 209.397
159.308 209.410
171.893 209.386
184.345 209.405
196.922 209.370
209.414 209.431
59.040 221.952
71.609 221.998
84.009 222.044
96.721 221.922
109.151 221.990
121.824 221.946
134.205 221.997
146.868 221.964
159.291 222.029
171.919 222.006
184.377 222.005
196.938 221.941
84.072 234.593
96.676 234.437
109.243 234.442
121.789 234.466
134.234 234.430
146.841 234.573
159.277 234.503
171.916 234.419
121.896 246.999
134.242 247.069
