121.782 9.228
134.221 9.205
84.195 21.808
96.800 21.787
109.219 21.778
121.798 21.838
134.172 21.829
146.776 21.820
159.146 21.765
171.799 21.774
59.222 34.217
71.792 34.238
84.233 34.271
96.770 34.177
109.207 34.196
121.809 34.172
134.188 34.153
146.833 34.155
159.204 34.221
171.805 34.184
184.225 34.232
196.796 34.267
46.782 46.806
59.195 46.786
71.793 46.788
84.203 46.801
96.760 46.764
109.158 46.804
121.782 46.801
134.199 46.842
146.748 46.801
159.210 46.799
171.802 46.813
184.210 46.822
196.725 46.778
209.230 46.774
34.227 59.266
46.803 59.248
59.243 59.218
71.822 59.227
84.192 59.185
96.818 59.168
109.224 59.180
121.809 59.210
134.286 59.202
146.774 59.185
159.215 59.246
171.783 59.208
184.154 59.194
196.812 59.214
209.245 59.227
221.806 59.196
34.238 71.765
46.832 71.755
59.234 71.808
71.801 71.790
84.185 71.791
96.819 71.813
109.219 71.833
121.795 71.803
134.224 71.798
146.761 71.779
159.212 71.827
171.794 71.807
184.214 71.781
196.805 71.763
209.236 71.831
221.807 71.820
21.822 84.224
34.186 84.175
46.779 84.223
59.249 84.240
71.827 84.209
84.234 84.221
96.804 84.200
109.195 84.197
121.791 84.210
134.182 84.180
146.767 84.190
159.240 84.244
171.794 84.192
184.236 84.190
196.763 84.202
209.184 84.174
221.770 84.259
234.194 84.203
21.809 96.793
34.220 96.807
46.799 96.815
59.247 96.817
71.771 96.768
84.181 96.817
96.799 96.806
109.210 96.765
121.788 96.808
134.178 96.788
146.791 96.816
159.229 96.768
171.817 96.823
184.250 96.818
196.817 96.796
209.240 96.798
221.838 96.767
234.190 96.767
21.789 109.272
34.195 109.248
46.758 109.243
59.179 109.214
71.779 109.183
84.185 109.228
96.776 109.193
109.219 109.224
121.792 109.181
134.191 109.258
146.806 109.238
159.201 109.204
171.777 109.169
184.172 109.185
196.800 109.208
209.140 109.213
221.793 109.225
234.199 109.179
9.213 121.797
21.785 121.750
34.198 121.844
46.787 121.836
59.196 121.811
71.803 121.784
84.174 121.796
96.795 121.805
109.174 121.789
121.807 121.769
134.148 121.765
146.824 121.807
159.236 121.775
171.764 121.782
184.228 121.791
196.798 121.817
209.190 121.772
221.804 121.814
234.204 121.779
246.763 121.810
9.197 134.202
21.813 134.183
34.160 134.257
46.798 134.244
59.192 134.197
71.760 134.177
84.173 134.185
96.793 134.215
109.185 134.234
121.796 134.218
134.208 134.147
146.799 134.190
159.178 134.184
171.768 134.181
184.224 134.189
196.765 134.247
209.205 134.149
221.781 134.218
234.182 134.181
246.749 134.217
21.767 146.805
34.224 146.753
46.782 146.839
59.237 146.827
71.782 146.844
84.212 146.798
96.817 146.763
109.234 146.842
121.771 146.802
134.146 146.841
146.786 146.766
159.188 146.791
171.754 146.790
184.248 146.812
196.750 146.801
209.159 146.779
221.796 146.812
234.230 146.772
21.779 159.231
34.230 159.209
46.759 159.190
59.173 159.220
71.818 159.216
84.221 159.204
96.803 159.199
109.217 159.239
121.789 159.197
134.234 159.215
146.781 159.201
159.177 159.225
171.827 159.207
184.248 159.263
196.784 159.212
209.185 159.203
221.810 159.201
234.182 159.187
21.762 171.780
34.248 171.772
46.814 171.773
59.200 171.827
71.805 171.806
84.239 171.746
96.784 171.836
109.200 171.784
121.819 171.813
134.188 171.814
146.779 171.797
159.242 171.757
171.763 171.765
184.202 171.793
196.760 171.775
209.206 171.829
221.807 171.776
234.197 171.805
34.173 184.214
46.777 184.236
59.130 184.192
71.805 184.217
84.195 184.196
96.804 184.167
109.197 184.193
121.760 184.147
134.236 184.191
146.756 184.199
159.216 184.186
171.793 184.232
184.239 184.201
196.830 184.172
209.201 184.191
221.779 184.232
34.192 196.778
46.759 196.783
59.225 196.744
71.758 196.802
84.186 196.765
96.821 196.813
109.202 196.786
121.804 196.800
134.232 196.784
146.804 196.757
159.217 196.796
171.760 196.800
184.181 196.784
196.854 196.795
209.228 196.780
221.815 196.811
46.779 209.207
59.238 209.227
71.809 209.229
84.149 209.158
96.807 209.262
109.211 209.224
121.850 209.196
134.212 209.179
146.791 209.175
159.214 209.182
171.876 209.169
184.194 209.248
196.826 209.230
209.230 209.218
59.231 221.739
71.793 221.800
84.188 221.755
96.820 221.824
109.222 221.801
121.834 221.839
134.188 221.776
146.783 221.769
159.235 221.797
171.797 221.849
184.211 221.746
196.791 221.793
84.227 234.241
96.837 234.194
109.197 234.253
121.791 234.197
134.162 234.213
146.785 234.219
159.237 234.224
171.797 234.199
121.758 246.789
134.231 246.770
