1032.632 259.673
759.601 313.469
814.276 313.146
868.960 313.692
923.279 313.292
977.938 313.753
1032.418 313.656
1087.165 313.850
1141.778 314.023
1196.047 314.088
1250.591 314.220
1305.326 314.119
650.623 367.917
704.994 367.617
759.639 367.723
814.166 367.873
868.704 367.863
923.407 368.039
977.760 367.911
1032.768 368.190
1086.990 368.530
1141.598 367.965
1196.082 367.890
1250.744 368.517
1304.957 368.578
1359.940 368.429
1414.379 368.671
595.783 421.762
650.540 421.899
704.985 422.180
759.380 422.250
814.054 422.284
868.672 422.353
923.145 422.407
977.525 422.622
1032.206 422.678
1086.892 422.838
1141.423 422.095
1196.030 422.568
1250.515 422.699
1305.054 422.966
1359.735 423.144
1414.258 423.204
1468.946 423.267
541.274 476.303
595.814 476.651
650.218 476.797
704.837 476.730
759.307 476.768
813.978 476.782
868.309 476.954
923.052 477.007
977.562 477.139
1032.018 477.187
1086.762 477.377
1141.394 477.231
1195.901 477.025
1250.484 477.797
1304.956 477.509
1359.406 477.731
1414.121 477.845
1468.659 477.993
1523.078 478.073
486.534 530.893
541.237 530.993
595.724 530.985
650.029 531.095
704.687 531.044
759.137 531.340
813.844 531.354
868.357 531.526
923.051 531.604
977.725 531.702
1032.226 531.826
1086.180 531.701
1141.263 532.083
1195.752 532.164
1250.485 531.869
1304.977 532.101
1359.697 532.291
1414.000 532.517
1468.576 532.429
1523.306 532.608
1577.801 532.603
431.777 585.256
486.601 585.522
540.966 585.692
595.450 585.733
649.733 585.688
704.736 585.796
759.115 586.018
813.791 586.145
868.141 586.050
923.101 586.178
977.334 586.261
1031.985 586.564
1086.571 586.619
1141.303 586.923
1195.734 586.827
1250.034 586.936
1304.958 586.641
1359.035 586.816
1413.931 586.954
1468.580 587.163
1523.086 587.563
1577.579 587.133
1632.169 587.269
377.211 639.995
431.876 640.136
486.533 640.073
540.997 640.096
595.380 640.171
650.030 640.324
704.689 640.244
758.946 640.409
813.795 640.584
867.929 640.581
922.711 640.626
977.211 640.885
1031.773 640.925
1086.706 641.142
1141.031 641.115
1195.726 641.224
1249.899 641.242
1304.794 641.577
1359.134 641.575
1413.825 641.665
1468.398 641.897
1522.904 641.802
1577.524 641.832
1632.153 641.869
1686.757 642.087
377.198 694.455
431.684 694.629
486.334 694.521
540.813 694.550
595.479 694.702
649.780 694.807
704.509 694.932
759.015 694.960
813.510 695.117
868.057 695.223
922.557 695.198
977.192 695.388
1031.909 695.222
1086.121 695.685
1141.121 695.249
1195.536 695.596
1249.901 695.608
1304.987 695.991
1359.034 696.013
1413.609 695.952
1468.484 696.115
1522.958 696.191
1577.405 696.167
1631.879 696.389
1686.615 696.623
322.634 748.834
377.096 748.863
431.677 748.902
486.220 749.198
540.741 749.214
595.274 749.237
649.728 749.330
704.163 749.538
758.825 749.459
813.328 749.714
868.033 749.738
922.701 749.700
977.082 749.903
1031.680 749.875
1086.184 750.139
1140.804 750.326
1195.279 750.560
1249.957 750.604
1304.369 750.168
1359.191 750.589
1413.738 750.755
1468.223 750.925
1522.812 750.802
1577.395 750.997
1631.893 751.049
1686.358 751.428
1741.163 751.226
322.503 803.326
376.998 803.563
431.503 803.587
485.969 803.636
540.772 803.745
595.077 803.835
649.597 803.821
704.268 803.888
758.866 804.049
813.499 804.126
867.959 804.251
922.520 804.341
976.961 804.400
1031.395 804.792
1086.046 804.939
1140.694 804.548
1195.313 804.249
1249.964 804.943
1304.268 805.018
1359.040 805.067
1413.635 805.134
1468.042 805.270
1522.699 805.404
1577.319 805.345
1631.777 805.504
1686.237 805.608
1740.773 805.913
322.601 857.866
376.773 858.053
431.556 858.103
486.011 858.241
540.569 858.238
595.095 858.346
649.638 858.342
704.006 858.566
758.750 858.705
813.110 858.745
867.863 858.903
922.374 858.976
976.926 859.168
1031.416 859.072
1085.920 859.333
1140.645 859.077
1195.609 858.954
1249.827 859.393
1304.365 859.826
1358.982 859.742
1413.506 859.720
1467.979 859.827
1522.609 859.962
1577.278 860.023
1631.733 860.106
1686.203 860.049
1740.796 860.351
322.367 912.351
377.024 912.590
431.265 912.603
485.840 912.896
540.297 912.787
594.895 912.871
649.708 912.985
704.000 913.036
758.627 913.077
813.157 913.227
867.811 913.370
922.123 913.421
976.809 913.325
1031.189 913.501
1085.931 913.599
1140.638 913.780
1194.999 913.835
1249.633 914.092
1304.183 913.980
1358.746 914.234
1413.387 914.200
1467.838 914.350
1522.538 914.437
1576.999 914.453
1631.664 914.767
1686.225 914.671
1740.887 914.773
322.228 967.152
376.854 967.147
431.366 967.207
485.620 967.279
540.153 967.349
594.757 967.572
649.250 967.534
703.992 967.695
758.416 967.857
813.172 967.950
867.607 967.876
922.242 968.020
976.655 968.059
1031.156 968.148
1085.779 968.742
1140.460 968.782
1194.979 968.628
1249.617 968.521
1304.078 968.694
1358.935 968.666
1413.220 968.933
1467.839 968.976
1522.396 968.888
1576.952 969.128
1631.675 969.244
1686.209 969.372
1740.750 969.366
267.552 1021.520
322.079 1021.787
376.661 1021.656
431.088 1021.687
485.509 1021.717
540.059 1021.935
594.843 1021.925
649.390 1021.997
703.803 1022.157
758.394 1022.308
812.921 1022.375
867.660 1022.490
922.040 1022.599
976.748 1022.711
1031.173 1022.785
1085.640 1022.922
1140.292 1023.270
1195.078 1023.114
1249.471 1023.236
1304.077 1023.242
1358.673 1023.271
1413.003 1023.328
1467.642 1023.472
1522.210 1023.607
1577.021 1023.817
1631.598 1023.845
1686.023 1023.864
1740.501 1024.018
1794.899 1024.150
322.043 1076.135
376.519 1076.221
431.062 1076.427
485.664 1076.459
540.151 1076.470
594.543 1076.732
649.237 1076.825
703.761 1076.969
758.429 1077.008
812.874 1077.010
867.490 1077.152
922.013 1077.096
976.616 1077.225
1030.887 1077.552
1085.764 1077.509
1140.273 1077.871
1194.734 1077.685
1249.464 1077.876
1303.913 1078.005
1358.528 1077.746
1413.138 1077.959
1467.509 1078.138
1522.169 1078.267
1576.799 1078.409
1631.393 1078.404
1685.926 1078.429
1740.491 1078.647
322.019 1130.839
376.467 1130.857
430.985 1130.899
485.598 1130.996
540.092 1131.155
594.628 1131.147
649.287 1131.200
703.748 1131.317
758.395 1131.596
812.917 1131.455
867.297 1131.596
921.803 1131.596
976.584 1131.795
1030.987 1132.016
1085.675 1131.846
1139.761 1131.868
1194.829 1132.056
1249.090 1132.215
1303.742 1132.224
1358.306 1132.613
1412.920 1132.542
1467.314 1132.587
1521.977 1132.848
1576.668 1132.857
1631.353 1132.926
1685.868 1133.091
1740.438 1133.010
321.830 1185.132
376.236 1185.416
430.689 1185.465
485.528 1185.454
539.925 1185.632
594.558 1185.760
648.960 1186.016
703.553 1185.990
758.073 1186.006
812.694 1186.153
867.244 1186.212
921.888 1186.281
976.421 1186.557
1031.079 1186.532
1085.472 1186.808
1140.067 1187.173
1194.794 1186.705
1249.206 1187.004
1303.652 1187.063
1358.436 1187.167
1413.024 1187.088
1467.468 1187.325
1522.013 1187.203
1576.666 1187.289
1631.138 1187.458
1685.802 1187.646
1740.258 1187.763
321.808 1239.812
376.151 1239.983
430.719 1239.970
485.192 1240.110
539.709 1240.460
594.499 1240.130
648.874 1240.198
703.518 1240.262
758.057 1240.600
812.676 1240.634
867.210 1240.869
921.691 1240.937
976.401 1240.967
1030.910 1241.163
1085.542 1241.193
1139.940 1241.405
1194.581 1241.517
1249.040 1241.718
1303.705 1241.527
1358.210 1241.624
1412.876 1241.769
1467.446 1241.828
1521.924 1241.885
1576.184 1242.059
1631.136 1242.029
1685.717 1242.051
1740.176 1242.179
321.582 1294.513
376.125 1294.609
430.796 1294.654
485.231 1294.837
539.683 1294.858
594.306 1294.887
648.882 1294.986
703.185 1295.039
757.875 1295.198
812.437 1295.100
867.081 1295.253
921.814 1295.294
976.133 1295.417
1030.647 1295.709
1085.284 1295.652
1139.923 1295.911
1194.478 1296.034
1248.926 1295.893
1303.533 1295.893
1358.196 1296.196
1412.863 1296.318
1467.166 1296.288
1521.643 1296.455
1576.550 1296.570
1630.917 1296.663
1685.458 1296.722
1740.168 1296.730
375.910 1348.787
430.704 1349.013
485.256 1349.165
539.606 1349.261
594.206 1349.292
648.726 1349.507
703.262 1349.481
757.815 1349.692
812.487 1349.817
866.918 1349.847
921.629 1349.923
976.113 1350.159
1030.696 1350.200
1085.093 1350.215
1139.826 1350.256
1194.256 1350.225
1248.953 1350.536
1303.399 1350.560
1358.222 1350.636
1412.598 1350.627
1467.028 1350.860
1521.674 1351.003
1576.157 1350.947
1630.820 1351.393
1685.503 1351.091
375.571 1403.255
430.610 1403.702
485.064 1403.563
539.659 1403.579
594.132 1403.871
648.706 1404.061
703.051 1403.884
757.744 1404.294
812.433 1404.216
866.903 1404.336
921.473 1404.345
975.958 1404.431
1030.517 1404.715
1085.169 1404.837
1139.646 1404.777
1194.195 1404.849
1248.966 1405.068
1303.218 1405.177
1357.932 1405.324
1412.466 1405.447
1466.971 1405.401
1521.560 1405.616
1576.047 1405.604
1631.020 1405.804
1685.320 1405.766
430.428 1458.253
484.955 1458.191
539.621 1458.467
594.058 1458.453
648.665 1458.483
702.987 1458.628
757.806 1458.736
812.381 1458.833
866.639 1458.957
921.583 1459.064
975.916 1459.131
1030.595 1459.233
1084.850 1459.354
1139.593 1459.351
1194.177 1459.551
1248.622 1459.608
1303.387 1459.669
1357.799 1459.631
1412.493 1459.846
1467.056 1460.065
1521.546 1460.161
1576.148 1460.295
1630.757 1460.335
484.866 1512.831
539.396 1513.045
593.875 1513.066
648.386 1513.182
703.020 1513.193
757.594 1513.287
812.065 1513.528
866.702 1513.522
921.210 1513.546
975.757 1513.704
1030.355 1513.869
1085.067 1513.831
1139.409 1514.112
1194.102 1514.029
1248.582 1514.230
1303.260 1514.184
1357.755 1514.393
1412.419 1514.678
1466.821 1514.758
1521.487 1514.810
1575.917 1514.676
539.443 1567.546
593.843 1567.575
648.567 1567.671
702.871 1567.779
757.625 1567.888
812.147 1567.908
866.616 1567.890
921.152 1568.135
975.737 1568.299
1030.177 1568.267
1084.770 1568.534
1139.325 1568.576
1193.964 1568.589
1248.667 1568.634
1303.081 1568.736
1357.795 1569.019
1412.238 1568.861
1466.639 1569.101
1521.405 1569.190
593.625 1622.251
648.111 1622.202
702.895 1622.320
757.593 1622.418
811.839 1622.444
866.500 1622.502
920.938 1622.747
975.708 1622.960
1030.091 1623.075
1084.692 1622.961
1139.207 1623.021
1193.949 1623.711
1248.684 1623.278
1303.065 1624.007
1357.630 1623.753
1412.128 1623.789
1466.853 1623.772
648.067 1676.634
702.885 1676.739
757.465 1676.927
811.806 1677.025
866.442 1677.143
921.032 1677.258
975.515 1677.330
1030.301 1677.784
1084.799 1677.630
1139.094 1677.637
1194.042 1677.717
1248.455 1677.811
1302.842 1677.848
1357.544 1677.972
1412.082 1677.977
757.322 1731.345
811.804 1731.716
866.575 1731.766
920.995 1731.905
975.444 1732.086
1029.942 1732.030
1084.425 1732.178
1139.124 1732.008
1193.817 1732.331
1248.232 1732.365
1302.921 1732.561
1029.818 1786.520
