1032.455 259.818
759.727 314.364
814.273 314.364
868.818 314.364
923.364 314.364
977.909 314.364
1032.455 314.364
1087.000 314.364
1141.545 314.364
1196.091 314.364
1250.636 314.364
1305.182 314.364
650.636 368.909
705.182 368.909
759.727 368.909
814.273 368.909
868.818 368.909
923.364 368.909
977.909 368.909
1032.455 368.909
1087.000 368.909
1141.545 368.909
1196.091 368.909
1250.636 368.909
1305.182 368.909
1359.727 368.909
1414.273 368.909
596.091 423.455
650.636 423.455
705.182 423.455
759.727 423.455
814.273 423.455
868.818 423.455
923.364 423.455
977.909 423.455
1032.455 423.455
1087.000 423.455
1141.545 423.455
1196.091 423.455
1250.636 423.455
1305.182 423.455
1359.727 423.455
1414.273 423.455
1468.818 423.455
541.545 478.000
596.091 478.000
650.636 478.000
705.182 478.000
759.727 478.000
814.273 478.000
868.818 478.000
923.364 478.000
977.909 478.000
1032.455 478.000
1087.000 478.000
1141.545 478.000
1196.091 478.000
1250.636 478.000
1305.182 478.000
1359.727 478.000
1414.273 478.000
1468.818 478.000
1523.364 478.000
487.000 532.545
541.545 532.545
596.091 532.545
650.636 532.545
705.182 532.545
759.727 532.545
814.273 532.545
868.818 532.545
923.364 532.545
977.909 532.545
1032.455 532.545
1087.000 532.545
1141.545 532.545
1196.091 532.545
1250.636 532.545
1305.182 532.545
1359.727 532.545
1414.273 532.545
1468.818 532.545
1523.364 532.545
1577.909 532.545
432.455 587.091
487.000 587.091
541.545 587.091
596.091 587.091
650.636 587.091
705.182 587.091
759.727 587.091
814.273 587.091
868.818 587.091
923.364 587.091
977.909 587.091
1032.455 587.091
1087.000 587.091
1141.545 587.091
1196.091 587.091
1250.636 587.091
1305.182 587.091
1359.727 587.091
1414.273 587.091
1468.818 587.091
1523.364 587.091
1577.909 587.091
1632.455 587.091
377.909 641.636
432.455 641.636
487.000 641.636
541.545 641.636
596.091 641.636
650.636 641.636
705.182 641.636
759.727 641.636
814.273 641.636
868.818 641.636
923.364 641.636
977.909 641.636
1032.455 641.636
1087.000 641.636
1141.545 641.636
1196.091 641.636
1250.636 641.636
1305.182 641.636
1359.727 641.636
1414.273 641.636
1468.818 641.636
1523.364 641.636
1577.909 641.636
1632.455 641.636
1687.000 641.636
377.909 696.182
432.455 696.182
487.000 696.182
541.545 696.182
596.091 696.182
650.636 696.182
705.182 696.182
759.727 696.182
814.273 696.182
868.818 696.182
923.364 696.182
977.909 696.182
1032.455 696.182
1087.000 696.182
1141.545 696.182
1196.091 696.182
1250.636 696.182
1305.182 696.182
1359.727 696.182
1414.273 696.182
1468.818 696.182
1523.364 696.182
1577.909 696.182
1632.455 696.182
1687.000 696.182
323.364 750.727
377.909 750.727
432.455 750.727
487.000 750.727
541.545 750.727
596.091 750.727
650.636 750.727
705.182 750.727
759.727 750.727
814.273 750.727
868.818 750.727
923.364 750.727
977.909 750.727
1032.455 750.727
1087.000 750.727
1141.545 750.727
1196.091 750.727
1250.636 750.727
1305.182 750.727
1359.727 750.727
1414.273 750.727
1468.818 750.727
1523.364 750.727
1577.909 750.727
1632.455 750.727
1687.000 750.727
1741.545 750.727
323.364 805.273
377.909 805.273
432.455 805.273
487.000 805.273
541.545 805.273
596.091 805.273
650.636 805.273
705.182 805.273
759.727 805.273
814.273 805.273
868.818 805.273
923.364 805.273
977.909 805.273
1032.455 805.273
1087.000 805.273
1141.545 805.273
1196.091 805.273
1250.636 805.273
1305.182 805.273
1359.727 805.273
1414.273 805.273
1468.818 805.273
1523.364 805.273
1577.909 805.273
1632.455 805.273
1687.000 805.273
1741.545 805.273
323.364 859.818
377.909 859.818
432.455 859.818
487.000 859.818
541.545 859.818
596.091 859.818
650.636 859.818
705.182 859.818
759.727 859.818
814.273 859.818
868.818 859.818
923.364 859.818
977.909 859.818
1032.455 859.818
1087.000 859.818
1141.545 859.818
1196.091 859.818
1250.636 859.818
1305.182 859.818
1359.727 859.818
1414.273 859.818
1468.818 859.818
1523.364 859.818
1577.909 859.818
1632.455 859.818
1687.000 859.818
1741.545 859.818
323.364 914.364
377.909 914.364
432.455 914.364
487.000 914.364
541.545 914.364
596.091 914.364
650.636 914.364
705.182 914.364
759.727 914.364
814.273 914.364
868.818 914.364
923.364 914.364
977.909 914.364
1032.455 914.364
1087.000 914.364
1141.545 914.364
1196.091 914.364
1250.636 914.364
1305.182 914.364
1359.727 914.364
1414.273 914.364
1468.818 914.364
1523.364 914.364
1577.909 914.364
1632.455 914.364
1687.000 914.364
1741.545 914.364
323.364 968.909
377.909 968.909
432.455 968.909
487.000 968.909
541.545 968.909
596.091 968.909
650.636 968.909
705.182 968.909
759.727 968.909
814.273 968.909
868.818 968.909
923.364 968.909
977.909 968.909
1032.455 968.909
1087.000 968.909
1141.545 968.909
1196.091 968.909
1250.636 968.909
1305.182 968.909
1359.727 968.909
1414.273 968.909
1468.818 968.909
1523.364 968.909
1577.909 968.909
1632.455 968.909
1687.000 968.909
1741.545 968.909
268.818 1023.455
323.364 1023.455
377.909 1023.455
432.455 1023.455
487.000 1023.455
541.545 1023.455
596.091 1023.455
650.636 1023.455
705.182 1023.455
759.727 1023.455
814.273 1023.455
868.818 1023.455
923.364 1023.455
977.909 1023.455
1032.455 1023.455
1087.000 1023.455
1141.545 1023.455
1196.091 1023.455
1250.636 1023.455
1305.182 1023.455
1359.727 1023.455
1414.273 1023.455
1468.818 1023.455
1523.364 1023.455
1577.909 1023.455
1632.455 1023.455
1687.000 1023.455
1741.545 1023.455
1796.091 1023.455
323.364 1078.000
377.909 1078.000
432.455 1078.000
487.000 1078.000
541.545 1078.000
596.091 1078.000
650.636 1078.000
705.182 1078.000
759.727 1078.000
814.273 1078.000
868.818 1078.000
923.364 1078.000
977.909 1078.000
1032.455 1078.000
1087.000 1078.000
1141.545 1078.000
1196.091 1078.000
1250.636 1078.000
1305.182 1078.000
1359.727 1078.000
1414.273 1078.000
1468.818 1078.000
1523.364 1078.000
1577.909 1078.000
1632.455 1078.000
1687.000 1078.000
1741.545 1078.000
323.364 1132.545
377.909 1132.545
432.455 1132.545
487.000 1132.545
541.545 1132.545
596.091 1132.545
650.636 1132.545
705.182 1132.545
759.727 1132.545
814.273 1132.545
868.818 1132.545
923.364 1132.545
977.909 1132.545
1032.455 1132.545
1087.000 1132.545
1141.545 1132.545
1196.091 1132.545
1250.636 1132.545
1305.182 1132.545
1359.727 1132.545
1414.273 1132.545
1468.818 1132.545
1523.364 1132.545
1577.909 1132.545
1632.455 1132.545
1687.000 1132.545
1741.545 1132.545
323.364 1187.091
377.909 1187.091
432.455 1187.091
487.000 1187.091
541.545 1187.091
596.091 1187.091
650.636 1187.091
705.182 1187.091
759.727 1187.091
814.273 1187.091
868.818 1187.091
923.364 1187.091
977.909 1187.091
1032.455 1187.091
1087.000 1187.091
1141.545 1187.091
1196.091 1187.091
1250.636 1187.091
1305.182 1187.091
1359.727 1187.091
1414.273 1187.091
1468.818 1187.091
1523.364 1187.091
1577.909 1187.091
1632.455 1187.091
1687.000 1187.091
1741.545 1187.091
323.364 1241.636
377.909 1241.636
432.455 1241.636
487.000 1241.636
541.545 1241.636
596.091 1241.636
650.636 1241.636
705.182 1241.636
759.727 1241.636
814.273 1241.636
868.818 1241.636
923.364 1241.636
977.909 1241.636
1032.455 1241.636
1087.000 1241.636
1141.545 1241.636
1196.091 1241.636
1250.636 1241.636
1305.182 1241.636
1359.727 1241.636
1414.273 1241.636
1468.818 1241.636
1523.364 1241.636
1577.909 1241.636
1632.455 1241.636
1687.000 1241.636
1741.545 1241.636
323.364 1296.182
377.909 1296.182
432.455 1296.182
487.000 1296.182
541.545 1296.182
596.091 1296.182
650.636 1296.182
705.182 1296.182
759.727 1296.182
814.273 1296.182
868.818 1296.182
923.364 1296.182
977.909 1296.182
1032.455 1296.182
1087.000 1296.182
1141.545 1296.182
1196.091 1296.182
1250.636 1296.182
1305.182 1296.182
1359.727 1296.182
1414.273 1296.182
1468.818 1296.182
1523.364 1296.182
1577.909 1296.182
1632.455 1296.182
1687.000 1296.182
1741.545 1296.182
377.909 1350.727
432.455 1350.727
487.000 1350.727
541.545 1350.727
596.091 1350.727
650.636 1350.727
705.182 1350.727
759.727 1350.727
814.273 1350.727
868.818 1350.727
923.364 1350.727
977.909 1350.727
1032.455 1350.727
1087.000 1350.727
1141.545 1350.727
1196.091 1350.727
1250.636 1350.727
1305.182 1350.727
1359.727 1350.727
1414.273 1350.727
1468.818 1350.727
1523.364 1350.727
1577.909 1350.727
1632.455 1350.727
1687.000 1350.727
377.909 1405.273
432.455 1405.273
487.000 1405.273
541.545 1405.273
596.091 1405.273
650.636 1405.273
705.182 1405.273
759.727 1405.273
814.273 1405.273
868.818 1405.273
923.364 1405.273
977.909 1405.273
1032.455 1405.273
1087.000 1405.273
1141.545 1405.273
1196.091 1405.273
1250.636 1405.273
1305.182 1405.273
1359.727 1405.273
1414.273 1405.273
1468.818 1405.273
1523.364 1405.273
1577.909 1405.273
1632.455 1405.273
1687.000 1405.273
432.455 1459.818
487.000 1459.818
541.545 1459.818
596.091 1459.818
650.636 1459.818
705.182 1459.818
759.727 1459.818
814.273 1459.818
868.818 1459.818
923.364 1459.818
977.909 1459.818
1032.455 1459.818
1087.000 1459.818
1141.545 1459.818
1196.091 1459.818
1250.636 1459.818
1305.182 1459.818
1359.727 1459.818
1414.273 1459.818
1468.818 1459.818
1523.364 1459.818
1577.909 1459.818
1632.455 1459.818
487.000 1514.364
541.545 1514.364
596.091 1514.364
650.636 1514.364
705.182 1514.364
759.727 1514.364
814.273 1514.364
868.818 1514.364
923.364 1514.364
977.909 1514.364
1032.455 1514.364
1087.000 1514.364
1141.545 1514.364
1196.091 1514.364
1250.636 1514.364
1305.182 1514.364
1359.727 1514.364
1414.273 1514.364
1468.818 1514.364
1523.364 1514.364
1577.909 1514.364
541.545 1568.909
596.091 1568.909
650.636 1568.909
705.182 1568.909
759.727 1568.909
814.273 1568.909
868.818 1568.909
923.364 1568.909
977.909 1568.909
1032.455 1568.909
1087.000 1568.909
1141.545 1568.909
1196.091 1568.909
1250.636 1568.909
1305.182 1568.909
1359.727 1568.909
1414.273 1568.909
1468.818 1568.909
1523.364 1568.909
596.091 1623.455
650.636 1623.455
705.182 1623.455
759.727 1623.455
814.273 1623.455
868.818 1623.455
923.364 1623.455
977.909 1623.455
1032.455 1623.455
1087.000 1623.455
1141.545 1623.455
1196.091 1623.455
1250.636 1623.455
1305.182 1623.455
1359.727 1623.455
1414.273 1623.455
1468.818 1623.455
650.636 1678.000
705.182 1678.000
759.727 1678.000
814.273 1678.000
868.818 1678.000
923.364 1678.000
977.909 1678.000
1032.455 1678.000
1087.000 1678.000
1141.545 1678.000
1196.091 1678.000
1250.636 1678.000
1305.182 1678.000
1359.727 1678.000
1414.273 1678.000
759.727 1732.545
814.273 1732.545
868.818 1732.545
923.364 1732.545
977.909 1732.545
1032.455 1732.545
1087.000 1732.545
1141.545 1732.545
1196.091 1732.545
1250.636 1732.545
1305.182 1732.545
1032.455 1787.091
