-1.362185952811123361e-02 2.958211571806665385e-02 5.797945878591684310e-03 -2.563749939369350684e-03 -3.631281958094170932e-03 8.233665432959148822e-03 2.449098280458836740e-04 -2.947331111736860732e-03 2.869268234750360115e-03 7.636732179814846198e-04 4.346598488286916345e-04 -3.101987622213157143e-04 -3.192077909753106377e-03 4.388200350214630820e-03 1.846246557054427931e-03 3.277859324910593918e-04 -9.666061227006405090e-04 -2.849864198219595381e-03 2.286642685814427138e-03 1.206809701513238218e-04 -1.356438825256344122e-03
-2.637470823068300066e-02 1.337453176343769527e-02 1.998423934889600670e-02 8.567674385527360419e-04 -7.491980029716372239e-03 4.818324882918108981e-03 5.308693737403347331e-03 -2.470529129222302084e-03 2.888086540830731540e-03 4.815274401113714322e-04 4.932896389966616273e-04 -4.427073552899181744e-04 -3.440581007414334619e-03 2.637596655009497026e-03 1.098432642996593784e-03 2.040867723442412124e-04 -9.652797778084958730e-04 -3.017099550558340754e-03 2.485356771307019319e-03 4.050066200188117012e-04 -2.786900429317826656e-03
-1.810844712984813892e-02 -1.516991134094328175e-02 2.760506391744006055e-02 2.330964681140224991e-03 -4.992732667423054049e-03 -4.677499609747562230e-03 6.496023102335041557e-03 -5.445328682692886311e-04 2.828363995533403515e-03 8.392920114050567496e-06 -3.154638941986579750e-04 -2.911642473823376027e-04 -2.558370960454948127e-03 2.862388110634302499e-03 2.043872147121456907e-03 7.083152026510278459e-04 -1.846287754258332716e-03 -3.928014080218981269e-03 1.943959391991473664e-03 -7.486233077927200406e-04 -1.873638331388767508e-03
-5.372709538574311702e-03 -2.973078966632852760e-02 1.142898362818172038e-02 3.431916501153011584e-03 -5.752609971578050759e-04 -9.108157433843702688e-03 2.278573758143472797e-03 2.616729358888991806e-03 3.001908518676908895e-03 2.113791744303604924e-04 -7.790528299050697089e-04 -5.042054582540788634e-04 -2.892057857939184934e-03 3.447951352809168913e-03 1.792126706874947687e-03 -6.903682503778387023e-04 -1.872883539827300148e-03 -2.944620901784725242e-03 2.344452913145127562e-03 -3.239412420271397652e-04 -1.772508677695935290e-03
1.531336171511155780e-02 2.206819562208674548e-02 1.871452997019602414e-04 -1.592017285848119912e-02 1.030562697983935898e-02 1.457413557495232728e-02 -4.532303475753025196e-04 -3.597064955652501221e-03 1.359941817810044005e-03 2.063913993491001825e-03 1.481230009392291028e-03 4.670497106223393813e-05 -3.225910024214928042e-03 3.488784785639830952e-03 1.879430783560507787e-03 -1.883542186448458329e-04 -1.823686953998708300e-03 -3.104417242830212476e-03 2.818816738459568698e-03 1.639868030600287658e-04 -2.052730043138449850e-03
-1.332588794289569535e-02 2.927749785083641823e-02 5.488831633507273988e-03 -1.069374046275702386e-02 -8.454282924675485950e-03 1.900354665283265215e-02 3.138277155383990911e-03 -2.713157723709749142e-03 1.627305707441200136e-03 -4.045307093625394161e-05 1.917971579749675652e-03 -6.535891972934346206e-04 -2.821328169298200142e-03 2.801153045877132191e-03 2.089183902304502481e-03 -9.350625131527997257e-04 -1.535695184703320029e-03 -2.677430320958482188e-03 2.022037064794734648e-03 -2.735059352491834954e-04 -2.188887449885964457e-03
-2.719992664652898934e-02 1.298372693832071725e-02 1.948341475771887474e-02 -1.120403343201275843e-03 -1.758318924267403272e-02 9.290388786790807971e-03 1.234498125588970492e-02 -2.088884828185861957e-03 2.617393921057228727e-03 -1.360491641613599187e-03 1.433919241715146621e-04 5.395746177700792541e-04 -3.104205379192072779e-03 3.328005516948673304e-03 1.720405106883892300e-03 9.994192917295286437e-05 -8.828334307717739058e-04 -3.249038933472854669e-03 2.116919390923782587e-03 3.040841247546780890e-04 -2.217396748148389544e-03
-1.733645430381203570e-02 -1.509683962839481614e-02 2.753845727230578092e-02 2.369835244086572826e-03 -1.203855131571997077e-02 -1.020047064099774761e-02 1.772120254720670890e-02 2.220797256905421464e-03 3.761933607002547041e-03 -8.971677571835455023e-04 -5.088879761301971479e-04 1.334024715902400356e-03 -2.827142404739677040e-03 3.375887979673833101e-03 9.806575497643540626e-04 -2.912865622768797628e-04 -1.076302566379634500e-03 -2.737175373039684757e-03 2.341689878909324757e-03 6.485580295148091418e-04 -1.524314596825245612e-03
-5.162625976231221409e-03 -2.906855641901844034e-02 1.124847813246744946e-02 2.412102929359131488e-03 -3.689761402666517920e-03 -1.900592445051467114e-02 7.055143429348756899e-03 1.075126731522945897e-02 2.923759484082765793e-03 3.753485113073773091e-04 -1.745738499882279384e-03 3.859982974812258233e-04 -1.447159720910237268e-03 3.595599446633158079e-03 1.081142549128476411e-03 -4.517019456954480486e-05 -7.129512038567287777e-04 -3.024136114261347097e-03 2.195572678759493725e-03 -1.782671077293097319e-04 -1.829777537813130064e-03
6.900304297084250979e-04 -2.088814266440865847e-02 -1.745351904823485081e-02 3.358064182868644720e-03 6.971852341630984306e-04 -1.338906236714198714e-02 -1.116089528873938190e-02 1.620419905506834124e-02 3.220150713341909162e-03 8.199457760992250174e-04 -1.471320386738289750e-03 -2.143538031539688783e-03 -1.210865884501573968e-03 3.428710795080087016e-03 1.330815506210701778e-03 8.190514159679758324e-05 -7.850555568609969819e-04 -3.104069130520366315e-03 1.912429718859347044e-03 3.945939705047503431e-04 -1.782103348662949149e-03
2.007416290238160650e-02 4.623563695057913807e-03 -1.538314022640162792e-03 -1.285418121076290290e-02 3.110524738148919693e-02 8.455038183406891894e-03 -1.159800462252868472e-03 -3.450135740995883583e-03 -5.967672820490011257e-04 9.527211488632985475e-03 2.650560507207065566e-03 -7.117799567107111446e-04 -2.941701777763826992e-03 3.180479904280070474e-03 1.165069548080395652e-03 1.216297194472852725e-04 -6.394072578304614476e-04 -2.684892575135742771e-03 1.814473879577016514e-03 1.031385077300106101e-04 -1.568716777033568512e-03
1.071730707030386746e-02 1.406804834230835494e-02 -1.024232284274174867e-03 -2.619143895365565883e-02 1.571934236363851586e-02 2.153904737119855667e-02 6.261482530965139983e-04 -2.632359342008137003e-03 -5.215620222300491188e-03 4.119195938082866569e-03 6.687710452512972761e-03 -2.269028609525935774e-04 -3.103047573908698613e-03 1.776999905997138232e-03 1.910208294340084469e-03 -1.761469797891323315e-04 -1.522165849282568553e-03 -2.969715589763831029e-03 1.407159334109241849e-03 4.693121086732428174e-04 -2.103625500908228550e-03
-7.526170696773481356e-03 1.808053366287038638e-02 3.058657904603443584e-03 -1.658694440243565008e-02 -1.383975903839985110e-02 3.001046674258959698e-02 6.563228452503198050e-03 -2.898484749743978923e-03 -2.589345396109162672e-03 -3.543919974572666901e-03 8.495953542486134671e-03 1.057636570476085461e-03 -3.102435414914151389e-03 2.860435599627619840e-03 1.378437673922300929e-03 9.783482387879487022e-05 -9.561508639902417759e-04 -3.159485549214976520e-03 1.876814790969641000e-03 2.473539204742413854e-04 -2.092787982937401210e-03
-1.576799082465017016e-02 8.390098595680491392e-03 1.131731808436928916e-02 -3.872746921595555340e-03 -2.803288214307413095e-02 1.357103767032319386e-02 2.047629435065028564e-02 -9.464406190213193364e-04 1.505838894618880507e-03 -7.551621780440515713e-03 3.460694192858137716e-03 5.128542220972798910e-03 -2.541670628573893670e-03 3.563636095833529714e-03 9.506398563163425720e-04 -1.246793151509413577e-04 -6.958016008050320420e-04 -3.451425860333021123e-03 2.228505422483218097e-03 4.848734831986876905e-05 -2.014793792291102482e-03
-1.039260900420607009e-02 -9.327158797089720940e-03 1.554910013738032733e-02 1.417912719537259975e-03 -1.870803155023488540e-02 -1.607794920124002228e-02 2.811712500203796331e-02 4.802558512633683073e-03 2.416693088155630071e-03 -5.703795266683151476e-03 -4.868887058806617256e-03 7.332668546195532898e-03 -3.435795512856823584e-04 2.873865757859053911e-03 7.119418423274618017e-04 -6.478905347373087190e-04 -6.482510964508261374e-04 -2.844368224288277951e-03 1.268456155852986820e-03 6.535258320516487869e-04 -1.765240743419858394e-03
-2.136550908884340700e-03 -1.933268050503947344e-02 6.888839249614822635e-03 3.333682308725939916e-03 -5.616946634605221068e-03 -3.007836365008742172e-02 1.190827955754177742e-02 1.791633466129566310e-02 3.717870577301771347e-03 -6.701395179668284338e-04 -8.520670592827767065e-03 2.537694484165203650e-03 2.885899587506741103e-03 2.800910578730114384e-03 8.047930113981647919e-04 1.563712100820243789e-04 -2.050130996986919071e-03 -3.105768531115770358e-03 1.624694239806320512e-03 -2.618799270181076944e-04 -1.862187273835541439e-03
7.935768324369367032e-04 -1.286989629462446764e-02 -1.109399451908705918e-02 2.946027947482244939e-03 3.255538347710452214e-04 -1.940543545476311124e-02 -1.752758955825940018e-02 2.659969661939019098e-02 2.843568135710735495e-03 4.171691136030496595e-04 -5.774638252718893895e-03 -5.766995684283572968e-03 5.401544702317285368e-03 3.449875863113507565e-03 1.073626510920689054e-03 -6.403525632143159622e-04 -1.198635779755814583e-03 -2.759174927771419674e-03 2.149272347053690288e-03 -1.121302733296053266e-04 -1.700515722214221469e-03
1.651943212703709581e-03 -3.879712800723991023e-03 -1.986456455026888029e-02 3.819837106421269338e-03 1.079812355233417207e-03 -7.392895941377107365e-03 -3.073219111862533770e-02 9.917589838941611585e-03 3.031950969386784656e-03 7.117910122702993895e-04 -1.905869218908288988e-03 -9.075891913748201228e-03 6.381565518756990773e-04 3.543957100412251354e-03 1.534899956474513249e-03 -5.251597939697624177e-04 -1.937783290470516126e-03 -2.764821127819983970e-03 2.350597226902407730e-03 3.409423565369347443e-04 -1.910784302770045804e-03
7.782368521336461425e-03 3.000433559321739256e-04 -2.468103169050557977e-03 1.630029917261168262e-02 2.264191314503522304e-02 1.838416993728205244e-03 -1.439787592634168834e-03 -2.828668858897706757e-03 1.212486150178504821e-02 1.506610818487047476e-02 8.340552618264491895e-04 -4.989975788917977179e-04 -3.878509800309254234e-03 3.748462413658032455e-03 3.138764592325566684e-03 3.128914758444816934e-04 -1.151979879535716851e-03 -3.411077158863015830e-03 1.957231284368678159e-03 4.073901819281046215e-04 -1.706496083051378329e-03
9.655665840452614529e-03 1.911314684827329505e-03 -2.184072675221749617e-03 -1.232711229697062288e-02 3.082531608065892242e-02 8.185898563130710945e-03 -9.783301769551429414e-04 -3.554033430167671294e-03 -6.978319969388845426e-03 1.972551735760773306e-02 5.258847809904642137e-03 -4.085440552000316086e-04 -3.222511356496801649e-03 2.096386925636304147e-03 3.387690132769440032e-03 8.345578082773206022e-04 -1.390770616145764124e-03 -3.023553816382122499e-03 2.070587579687695884e-03 -5.690365687367960256e-05 -1.531670991471184616e-03
4.916573598062813286e-03 5.834492712576186575e-03 -1.117269705065058148e-03 -2.525015406801965276e-02 1.444279724163516701e-02 2.151232384903301043e-02 4.584236950388713037e-04 -2.929454784011907217e-03 -1.641455717658742847e-02 9.785552571565943325e-03 1.410865204397777559e-02 -4.270338896434081521e-04 -3.671349958739997515e-03 8.940890980461649751e-04 2.155757938279748501e-03 1.221226311604279441e-03 -1.030413835467646659e-03 -2.977782724362492296e-03 2.123295959683540405e-03 -4.410654110612618854e-06 -2.101871072693457104e-03
-1.600611687969873392e-03 8.229307012114977365e-03 -1.231800454078376967e-04 -1.678890444388481465e-02 -1.394837262465901950e-02 2.957873074024605642e-02 6.640586342928427380e-03 -2.775390024150366577e-03 -1.047578893030946465e-02 -9.350862616266048324e-03 1.848294681682435131e-02 4.958019186310834957e-03 -2.801821619290935719e-03 1.393153439214466719e-03 7.734257721853903932e-04 2.960973706096587440e-03 -1.165780514788324540e-03 -2.416187433451828011e-03 2.115187032541597598e-03 2.925446451963978779e-04 -1.775794306130906242e-03
-6.288330644585581053e-03 2.819800478617062126e-03 3.536262155600215958e-03 -4.201452920392703509e-03 -2.783125398608280246e-02 1.377834981854525118e-02 1.991851492989576977e-02 -1.309900166238518304e-03 -1.721051865351119672e-03 -1.795223265179626132e-02 9.198162063609512801e-03 1.336912317448120217e-02 -1.900855528684560879e-03 3.242678541749990061e-03 -9.031416864085986800e-04 1.529278662487557018e-03 4.210210387050434492e-05 -3.242883164461076058e-03 1.885680913816617900e-03 6.180165405294833552e-04 -1.745957937848052928e-03
-2.367863113382085404e-03 -3.615900576024295553e-03 5.992344930380438632e-03 1.351415032527161428e-03 -1.850818625706730086e-02 -1.517088162257981127e-02 2.757576111753323039e-02 4.626915915597116895e-03 2.606124201966873374e-03 -1.272319354942535487e-02 -9.240311922167000064e-03 1.878220431159818155e-02 2.042229529594520587e-03 3.287986046474300657e-03 -2.700359087280053460e-04 -1.045922607832299595e-03 5.261034088327433628e-04 -3.055226328187239833e-03 2.268057146556097525e-03 2.140514141668557464e-05 -1.671787313776672279e-03
2.815540178971177561e-04 -7.434353289300401658e-03 1.830052964758638843e-03 2.718938366740719995e-03 -5.738328469264296697e-03 -2.915896566414057089e-02 1.239734788354880310e-02 1.874181034186860051e-02 3.885362888879423035e-03 -4.166663189199712458e-03 -1.843721344183178040e-02 8.149504041339955887e-03 1.054132004065917380e-02 3.233413793806395268e-03 5.462067787446655762e-04 -1.558416768883711225e-03 -6.126239761066432869e-04 -1.426003545782609768e-03 2.286315303970173820e-03 -3.330243721264859996e-04 -2.496957607356972177e-03
1.596652722071815154e-03 -5.812310568929531310e-03 -6.954621902741525002e-03 3.649259463461665062e-03 -5.949195420572385732e-04 -1.966657352895769678e-02 -1.685787814175195368e-02 2.508293456967742793e-02 3.075960956719621907e-03 -7.442691699772413603e-04 -1.355747084080825317e-02 -1.129615958288747619e-02 1.596483931774023840e-02 3.203155437336973124e-03 8.245630996289223533e-04 -1.850367248205102202e-03 -2.487764103078192630e-03 -9.733005779649047447e-04 2.161171553890264309e-03 -2.564761297339999122e-04 -1.809906242232293266e-03
1.949260594311525959e-03 -1.611403754530179840e-03 -9.977376481685533080e-03 2.766784283427246079e-03 9.167726094242024514e-04 -7.506788058534294081e-03 -2.958445536304571757e-02 1.069119730083394233e-02 3.522476020942221994e-03 2.479409098875727177e-04 -4.318595697306882100e-03 -2.036412323810532846e-02 5.608583664216665494e-03 2.975898891170993162e-03 9.827030873544035771e-04 -6.908481387992481196e-04 -3.843645199414592178e-03 -1.648266539528789494e-03 1.604379115264226727e-03 -1.522485773437532190e-04 -2.163727946136400834e-03
1.893371977571818229e-03 -5.037018327570520716e-04 -7.616451613177501606e-03 2.484728928038748130e-03 1.372584072638117136e-03 -1.403714093515438582e-03 -2.120810786713515222e-02 -1.790887647721894557e-02 3.330212904792598846e-03 1.072535803505860266e-03 -1.206278707432797319e-03 -1.352394736242525618e-02 -1.259909126070784050e-02 2.962905431798014931e-03 1.058663256799585554e-03 -3.772001221069755253e-05 -2.346472167980547061e-03 -4.403988338254856590e-03 2.318321555153421420e-03 -2.191441415482491700e-04 -1.720039227137534939e-03
3.055888899709420341e-03 2.413902075769667555e-05 -1.433243110295167157e-03 1.172330989995784209e-02 1.519554521378626774e-02 7.453587424256693378e-04 -1.608157244337803061e-03 -3.368686941241479799e-03 1.691435304008535173e-02 2.261889559214531886e-02 2.448168076346188618e-03 -9.647473756182904701e-05 -3.464191230010017688e-03 6.495255839515521462e-03 7.569950782954331346e-03 1.126270867551794255e-03 -1.663591339921364999e-03 -3.314961585802399593e-03 2.164033699567900239e-03 8.973701231972997829e-05 -2.033237411946257726e-03
4.465403505605381081e-03 9.369479159186300428e-04 -1.560114670923750616e-03 -6.619128864285814089e-03 1.916915371534521489e-02 4.584385297352525264e-03 -1.115246207041146456e-03 -2.976533872255579787e-03 -1.149113410562143181e-02 3.103122259864678212e-02 7.967213714930115875e-03 4.513769339435482267e-04 -3.349760452306215289e-03 -1.251170556344823308e-03 9.809411856950722708e-03 2.550588182093213238e-03 -1.137375243067804314e-03 -3.693000595229703302e-03 2.372972153179308749e-03 2.815492824391554755e-04 -2.251938886144696020e-03
3.636389651027927168e-03 1.501166815857409801e-03 -2.166421247346247622e-03 -1.470112112080687074e-02 9.617955886646540123e-03 1.255460336966105622e-02 -5.220184570125289102e-04 -3.060058636340431786e-03 -2.641416073750717936e-02 1.497647859685219580e-02 2.144050934191810143e-02 1.722304793635396139e-03 -2.458147984834872877e-03 -5.299735948358296270e-03 5.071897276867067157e-03 6.277031030068993926e-03 -4.297017325223140716e-04 -2.930582746402188906e-03 1.810179763620310515e-03 6.812805734958450881e-05 -1.915300647807613530e-03
1.014481486289313525e-03 1.912410518550329000e-03 -1.834518202067989988e-03 -9.478681524285076376e-03 -7.837541298645224822e-03 1.931676119454343171e-02 3.576836952267539466e-03 -3.004510776685139547e-03 -1.728589046133068019e-02 -1.499652844935901036e-02 2.970808843614991535e-02 7.344948680480129291e-03 -2.996031419846173147e-03 -2.596981055143617479e-03 -2.762871093453243051e-03 8.116224046251030791e-03 1.295693840326894979e-03 -3.429754447974576841e-03 1.779396940001759519e-03 7.797761681235823670e-04 -1.667062055688926748e-03
4.314470085287173962e-04 6.401591847960974319e-04 -2.511271458838446329e-04 -1.471892737331663209e-03 -1.599069369259049217e-02 8.249132381620977172e-03 1.157996883802567614e-02 -1.972827795942339296e-03 -4.682052709946225855e-03 -2.927395940182769135e-02 1.379630588201524385e-02 2.079565491272163807e-02 -1.562134243727164281e-03 7.546225258207394206e-04 -7.117514080011973741e-03 2.945356833911040584e-03 4.511741140711530637e-03 -2.528579586837929362e-03 1.645261359312379839e-03 3.392989559190691374e-04 -1.587974717038653956e-03
7.764300379548063355e-04 -1.081929009642240052e-03 -3.739102129343124109e-04 2.034874255450062897e-03 -1.153958224320043684e-02 -9.310652003202848567e-03 1.624781344871512392e-02 2.075626887009636434e-03 1.761047201420907907e-03 -1.913238795950270021e-02 -1.592745933824169305e-02 2.783337369824082780e-02 5.147413712441296051e-03 2.917564395279141978e-03 -4.704238900926101426e-03 -4.865623307996708342e-03 7.111641253198612393e-03 -9.509990706597418447e-04 1.869627700391285341e-03 -6.252531398510902203e-04 -1.523738950444265350e-03
1.584841433608835063e-03 -1.975823296302245142e-03 -8.802652756999479813e-04 2.241605445832703901e-03 -2.327174515520940169e-03 -1.827082225172512592e-02 6.704574413012425946e-03 1.020876525830301598e-02 3.036033538272311320e-03 -6.509042783456837206e-03 -3.004464097820642304e-02 1.307129355655865105e-02 1.828021320940821995e-02 2.685767795335212982e-03 -4.631713066452039810e-04 -7.817628322055909795e-03 3.096464026411377152e-03 2.779541007454636690e-03 2.003163705541083535e-03 -5.077148667378973126e-04 -1.690892145369314505e-03
2.379587990016447576e-03 -1.109491768637859083e-03 -3.423896033920033073e-03 3.237748587349074253e-03 1.255789524367417753e-03 -1.291651864747946944e-02 -1.076130495497982890e-02 1.437226570273313422e-02 3.529366543827909715e-03 -2.366414118512676946e-03 -1.981482125675552985e-02 -1.603110259086970232e-02 2.621159545969042534e-02 3.324179702458881017e-03 1.074284421578055888e-03 -6.219548928674589576e-03 -5.392973029840084087e-03 4.949939919603922947e-03 2.328950381734888261e-03 1.015361320437290849e-05 -2.170832351548712159e-03
1.867841221730691392e-03 -6.648141803388533423e-04 -3.666837783780520568e-03 3.802060561851589460e-03 1.011009670769565322e-03 -4.558055009963332335e-03 -1.922932806472209266e-02 4.468862260512133228e-03 3.295993124223064660e-03 -9.247497972927681484e-05 -7.557860821095540964e-03 -2.980665719669242653e-02 1.075856867506522901e-02 3.255984408538366726e-03 1.850376388308669871e-03 -1.710054231298267129e-03 -9.949035658311398619e-03 3.198990899934289495e-04 1.906364312979963796e-03 1.064082965691777054e-04 -2.540969338522928566e-03
1.610707936239195179e-03 3.413843107089346244e-04 -2.794220776253796956e-03 3.219936673652815020e-03 1.327573907746206622e-03 -6.580381439653525556e-04 -1.369077696949702952e-02 -1.238026382036685850e-02 3.340856449837194524e-03 1.066665641600307232e-03 -1.295344630299482668e-03 -2.050646576769428464e-02 -1.907478243668841653e-02 2.564898904176671386e-03 1.234308865514927890e-03 -1.274389351217963579e-04 -7.736655594402251646e-03 -8.089449167314223532e-03 2.356508924338839191e-03 -1.465143714828135183e-05 -2.500871893731112551e-03
2.465533891559936776e-03 3.959495095721884137e-04 -2.979493230905900028e-03 6.321868792393482879e-03 7.506875385063018456e-03 5.699859138324201747e-04 -1.221051402465229020e-03 -3.413112563033119523e-03 1.663508189585516037e-02 2.101246332332791164e-02 1.853290542307834332e-03 -9.796144709460850430e-04 -3.301609409703422284e-03 1.194395689356450227e-02 1.528986842187930045e-02 1.439956534677933704e-03 -1.574901006135150626e-03 -3.123267768250876427e-03 3.446389840728003064e-03 5.331648722889855292e-05 -1.248030521127054936e-03
2.703923243630807372e-03 1.440678068900805775e-04 -2.232790429150343856e-03 -7.879189373785313233e-04 9.641335372716372532e-03 2.028180083616352644e-03 -1.998222291119379056e-03 -3.424577444957078391e-03 -1.285240410790430832e-02 3.023506624528185180e-02 8.078081679038031510e-03 -4.691308165209039528e-04 -3.408527571797778134e-03 -7.211284369248852077e-03 1.974413441726915672e-02 5.738672083240655905e-03 -1.451893802642085715e-03 -3.222832070318042749e-03 3.682415469102531640e-03 6.637945981967752034e-04 -2.356995378349415783e-03
1.773612781486032935e-03 -7.127686863860440477e-06 -2.148141530329428055e-03 -4.471322331778586172e-03 4.548901416763033098e-03 6.179154511437170462e-03 -9.738086119655076176e-04 -3.400574451209685458e-03 -2.619895289157316703e-02 1.451806747227532730e-02 2.103550444281353585e-02 1.001914066620963320e-03 -3.303500931501713450e-03 -1.551884698064030788e-02 1.064819748293358709e-02 1.413174615791633337e-02 -8.329104923436392392e-04 -3.690681346285746515e-03 2.640232325169363393e-03 1.384170933697354781e-03 -1.486355733114210365e-03
1.813103016813249514e-03 8.267506103147826638e-04 -2.441505845255569594e-03 -2.088712855015114212e-03 -2.628183647774811303e-03 7.789032646031500418e-03 1.011253912051536226e-03 -3.193902395493606813e-03 -1.656234331162647136e-02 -1.513305693641850587e-02 2.897427889200990606e-02 7.545866153425419970e-03 -2.937805994541218841e-03 -1.031988841144336824e-02 -8.640837350832141286e-03 1.884512203972350114e-02 4.062836745474598076e-03 -3.109107384594810702e-03 1.043634024331063738e-03 1.645834019651518793e-03 -1.431257168673664027e-03
1.736496261358018911e-03 -3.852887641820951139e-04 -1.666494501705867741e-03 1.732801259856367720e-03 -6.513940257889585736e-03 3.484059848007167379e-03 4.586461585894262803e-03 -2.504567371855460564e-03 -3.510415523127898875e-03 -2.732766371965550389e-02 1.283306578529848363e-02 2.087105405027122121e-02 -1.374107878717563402e-03 -1.275482015476130234e-03 -1.750183417938587851e-02 9.273943327987796414e-03 1.263992109673644365e-02 -1.995600529799355580e-03 -1.892819079119774438e-04 1.323909975066861304e-03 -8.486426937359882895e-04
1.728504326059631616e-03 1.894085943701665691e-04 -1.465117257896942238e-03 2.408836398805552087e-03 -4.211072346495430170e-03 -3.385498184986811699e-03 6.047600192144904352e-03 -1.915615610990990293e-03 1.920490719331539170e-03 -1.942513038896461278e-02 -1.551156472860880028e-02 2.723011887380925866e-02 4.843209350192901816e-03 2.464572857508153404e-03 -1.211870558901557982e-02 -1.030635647677475251e-02 1.737331826925244543e-02 1.882807262678555570e-03 3.521712953360908423e-04 -1.306450672001856737e-03 -3.501090959886909862e-04
2.231878250181235611e-03 -3.842902111229992050e-04 -2.370838602595273705e-03 3.060465253631149997e-03 -3.470793646583867405e-04 -7.844704449406514693e-03 1.961519061425318500e-03 3.093650616136408692e-03 3.367446681287622739e-03 -6.298591923391600247e-03 -2.986637655518235152e-02 1.313350764810617723e-02 1.783062670127721211e-02 2.683826696484444170e-03 -2.766659179811541830e-03 -1.789721504156668863e-02 7.377788479880701723e-03 1.046656088728404807e-02 9.448083269819836962e-04 -2.292478763048713328e-03 -6.787042228107237818e-04
2.084142749483282927e-03 -5.485420873395911332e-05 -1.997374082299318947e-03 3.029396296301550308e-03 1.836213793493866701e-03 -5.558532056977432030e-03 -5.039411438933572365e-03 4.913122371955327451e-03 3.155803621257087868e-03 -1.160105200925218120e-03 -2.008930460098424728e-02 -1.611230401388132061e-02 2.630709512230426650e-02 2.864646866101058266e-03 5.754387499886958780e-04 -1.331296491169249585e-02 -1.152879799857324007e-02 1.560004521520807694e-02 2.081503964840037899e-03 -1.326145576679530012e-03 -3.213615254433100418e-03
2.058835342706814928e-03 7.169494908896244505e-05 -2.234065420317921016e-03 3.297091117923021432e-03 1.425059164451187048e-03 -1.898978521813831678e-03 -9.232632552330959780e-03 -2.669031233558173167e-05 3.598421359501538432e-03 9.075206988031802365e-04 -7.126475644784331133e-03 -3.030684292956886683e-02 1.031044567235731360e-02 2.960907800331430504e-03 1.542398457131392798e-03 -4.462632837698658067e-03 -2.103274372650784999e-02 5.883231914702687776e-03 1.869367549706954252e-03 -2.305193130147984272e-04 -4.285808536979725768e-03
1.479678833142217221e-03 -2.868787723814821369e-04 -2.476566150432269429e-03 2.869984009315088968e-03 1.952665833251707563e-03 -7.164074172563924831e-04 -7.535331812680921837e-03 -6.193030813964022462e-03 3.781749202869364151e-03 6.224286698374591111e-04 -1.336238979936605828e-03 -2.092042418248141189e-02 -1.770181628745157165e-02 3.163262548380869812e-03 1.258574652810238743e-03 -1.660542071558092228e-03 -1.498931428925703510e-02 -1.311596358703001619e-02 1.643413791734009118e-03 -2.032666071786460812e-04 -3.414721394339439043e-03
1.625269581255802320e-03 4.711925407083136243e-04 -1.816196441019536601e-03 4.218922235871206197e-03 2.636725250856331720e-03 1.394561268062615236e-04 -1.906169836755013895e-03 -3.697081051318845939e-03 1.103730967283118522e-02 1.444653360013512487e-02 1.518772151553910744e-03 -2.833760500716633467e-04 -3.380141180949750111e-03 1.687938265125236287e-02 2.325302147146704121e-02 1.572985787429844254e-03 -1.791443629860380200e-03 -2.816160497958854550e-03 8.728585013075015539e-03 1.648735524256213659e-04 -2.025093747771817502e-03
2.462898753494079020e-03 1.922162734273321174e-04 -2.197953288266118327e-03 1.663737656520064209e-03 2.911113878211625278e-03 6.076347938451544511e-04 -1.475108913899540394e-03 -2.521992387215488650e-03 -6.821761722553143156e-03 1.911828517639765912e-02 4.210148049986935960e-03 -3.662844195585978572e-04 -3.227501441253847071e-03 -1.296257341721548766e-02 3.100431338575536724e-02 8.253467889916668576e-03 -8.008527286282911750e-04 -2.278951634953849895e-03 1.060182283179977002e-02 1.616941513771798754e-03 -2.427370252407448550e-03
2.002798642956128087e-03 -9.756707281830521473e-06 -1.997504595289482411e-03 2.036268683613731527e-03 1.515854320147665612e-03 1.065046039057912985e-03 -1.242392188524617073e-03 -3.383883080080179757e-03 -1.469373825101500698e-02 9.647583030005213098e-03 1.298595624285203351e-02 5.273417521827196116e-04 -3.309464815443335928e-03 -2.601278125685287101e-02 1.580945780169122974e-02 2.164862632256629726e-02 5.396631507557707276e-04 -3.034116771397183873e-03 5.485458640619099782e-03 6.414186280427441357e-03 -1.864393386727907940e-03
2.074895308713882794e-03 3.513753821895001161e-04 -1.765447940701447144e-03 2.055306862845800685e-03 6.792200127622698841e-04 1.084353646192027544e-03 -1.076869826629218681e-03 -3.617916084946811404e-03 -9.192302508923467022e-03 -8.510592487400015296e-03 1.818647980353037263e-02 4.087678483417490037e-03 -2.913186176602221462e-03 -1.659521874778881537e-02 -1.391582472265536635e-02 2.913232198221622077e-02 6.567762413190910732e-03 -3.149807437386607095e-03 -2.338607512350299265e-03 8.687494682629963438e-03 2.447792705659224046e-04
1.922868325090960765e-03 5.309810404803533669e-04 -1.991692313878471593e-03 2.358110805305481221e-03 1.739026918547565120e-04 7.042659778222639484e-04 1.840428006212817117e-04 -2.657774945781518974e-03 -9.925590083630362378e-04 -1.759834495842503566e-02 8.601514209300826011e-03 1.261651294655773484e-02 -2.629355442827339354e-03 -4.157234264720574557e-03 -2.744423571265600451e-02 1.377170927452857352e-02 1.941457313451818573e-02 -3.242007911529029758e-04 -5.928793382588984709e-03 3.437895027780477411e-03 4.363625855020937180e-03
1.594470186179853611e-03 6.107830735400227549e-05 -2.716786139434605903e-03 3.414294863975062943e-03 2.983004175630957948e-04 -4.349046793221502446e-04 6.417146856119368414e-04 -2.353920240259382065e-03 1.736988008105588540e-03 -1.146385092566453399e-02 -1.024519899150204243e-02 1.707413995920144603e-02 2.133851907455284504e-03 1.594848511022901785e-03 -1.946324509161822744e-02 -1.598212253815593439e-02 2.775846664024643473e-02 4.354819001412434630e-03 -3.838598266477098557e-03 -3.340762035234128707e-03 6.219103818458203252e-03
2.659527497240443336e-03 -8.105145768375369639e-05 -1.928548806960044774e-03 3.265888512832380505e-03 9.862900368112241176e-04 -2.290941138047004715e-03 -8.107154822563522763e-05 -1.789843383323905550e-03 2.488779966432337794e-03 -3.441327105988669765e-03 -1.776933722566063911e-02 6.985077350199403456e-03 1.021693044172349019e-02 2.445778139320664828e-03 -5.871636053448659950e-03 -2.936234233849044362e-02 1.199372054863035927e-02 1.824415733516912899e-02 -3.189236740294755534e-05 -8.701326214911316720e-03 1.665574243431610551e-03
1.914618902399199078e-03 -5.263762102806616473e-04 -2.087464224487933697e-03 3.679816275379342409e-03 1.087934897292008526e-03 -1.282844682854375473e-03 -2.984480030774395477e-03 -1.209051261248312746e-03 2.871113161928051053e-03 -5.688378986474753240e-04 -1.267826144579168104e-02 -1.017041882325632821e-02 1.521655263372662104e-02 3.092781928672236943e-03 -2.544522753228391893e-04 -2.120079768579415103e-02 -1.676913991595784664e-02 2.629881398546381546e-02 2.023837412500435404e-03 -5.919731048472405034e-03 -7.055419093691571268e-03
1.776186765000920811e-03 -5.931594971921776236e-04 -1.921062501863803843e-03 3.230372963853368664e-03 1.822354510965565203e-03 -7.458070492432104445e-05 -3.121215300752693250e-03 -2.393251295367583575e-03 3.156087522462091947e-03 3.234466077420826446e-04 -4.906477221548022349e-03 -1.922550500788053340e-02 5.305170091252495689e-03 3.116893976042247813e-03 1.086969441532270077e-03 -7.621993614332604403e-03 -3.133788547616071091e-02 1.060800972252614986e-02 2.280412756973295568e-03 -1.383369575058412959e-03 -1.088419461855117364e-02
2.004318046596851102e-03 5.472875562721221492e-04 -1.871218708791159459e-03 3.268079229401052964e-03 1.095588000538723133e-03 -3.734635270079336971e-04 -2.649189925946353590e-03 -3.847921953179013824e-03 2.883362380831314825e-03 4.172377497642191244e-04 -8.615298259470453336e-04 -1.321170951975455740e-02 -1.344037432016154110e-02 2.665834861042416359e-03 1.351326297840803803e-03 -1.424527882100973947e-03 -2.132131895716154329e-02 -1.897839325438645947e-02 1.919334944226353326e-03 -4.025333526021181337e-04 -7.858847004479819695e-03
2.280282083798170888e-03 3.279939370667058623e-04 -2.250266441188920365e-03 3.108968327304732077e-03 1.444214557529470595e-03 4.051901962899830080e-04 -1.654376559813431659e-03 -3.629533862358578101e-03 -1.051457337718526971e-03 8.726786965523239750e-03 2.504983640383665489e-03 -9.648290447260611264e-04 -3.339962849933382494e-03 -1.228287614271000514e-02 3.085402779542391338e-02 8.076364957308974218e-03 -1.128064192829446874e-03 -2.940063353097882668e-03 2.085102630909221877e-02 5.807984376599590465e-03 -1.856982192731087243e-03
2.417194684575213037e-03 4.846612379207971590e-04 -1.869497391217017027e-03 2.675373850336057631e-03 1.500245842693097255e-03 3.418202628592903816e-04 -1.897728291652833179e-03 -3.604014810186998655e-03 -4.260819424024585300e-03 4.279490795271232925e-03 5.812697561142314388e-03 -4.155239255996879318e-04 -3.384748396786186296e-03 -2.598226161119877170e-02 1.453626006824127077e-02 2.143088509630843713e-02 1.138542996946062145e-03 -3.348473169986641330e-03 1.121890725103562129e-02 1.448674506048276342e-02 -1.011355688221699271e-03
2.097561231932811021e-03 6.888657498479040233e-04 -1.592190473653268355e-03 2.464613251578289498e-03 8.322094621547816620e-04 6.342840887180606086e-04 -1.070876739907810488e-03 -2.728241115493800027e-03 -1.043886322545039668e-03 -2.771512821674815708e-03 8.098353350988081456e-03 1.740029371781259999e-03 -3.671803593216681465e-03 -1.630670299170965121e-02 -1.381228964420563865e-02 2.939357286118641707e-02 6.557695936194369093e-03 -2.820307083285507159e-03 -7.502646163290736803e-03 1.900422622975333001e-02 2.619120689425101164e-03
2.113371295131909102e-03 -1.150228450319184061e-04 -2.203762005294680228e-03 2.929544791338731594e-03 1.145715523338677790e-03 -1.139505047390713309e-04 -8.494130596436879179e-04 -3.504897431217148234e-03 1.699892360399895630e-03 -6.983181559606268206e-03 3.423091113125948780e-03 4.217718601345082745e-03 -2.723157811378088770e-03 -4.268363267350013500e-03 -2.753325012218824433e-02 1.440303670834415864e-02 1.949574186253620958e-02 -8.948696622299445605e-04 -1.645525402638485513e-02 8.517914492121542863e-03 1.219507327401016770e-02
1.871327072715337110e-03 -4.923094827075850770e-04 -2.387154487911552145e-03 3.750474016443566296e-03 1.079347293062859602e-03 -6.370744362052399579e-04 -1.334247963160401472e-03 -3.179812583385406132e-03 2.994445737842080495e-03 -5.049341794287691768e-03 -4.868760982444490099e-03 7.456510790440001174e-03 -5.711061528956722956e-04 2.149742922765259662e-03 -1.940693217730878398e-02 -1.527822251847595417e-02 2.772403079836116904e-02 4.687542833216797912e-03 -1.139930220713340769e-02 -1.064574603761735648e-02 1.675696012027304976e-02
1.362495952558272737e-03 -1.536428178942347107e-04 -2.091069269153116982e-03 3.130913276116870612e-03 1.307264280055750114e-03 -5.951270958673082149e-04 -1.143608835278137406e-03 -3.091317198945061490e-03 3.067773738272862316e-03 -5.259704649947728912e-04 -7.417228633647639235e-03 3.218005991715768878e-03 2.522875393939064039e-03 3.289849333130598699e-03 -5.477321801749668664e-03 -2.850841113935899396e-02 1.179861484049621843e-02 1.721210800809901825e-02 -2.223302655189315913e-03 -1.913665465836680846e-02 7.096476381083391405e-03
1.920887369183632912e-03 -8.908604324368071120e-07 -2.235836683607939947e-03 3.353542738161650015e-03 2.176357596339658501e-03 -4.063938912094432762e-04 -1.291186715900165694e-03 -2.295458727136167037e-03 3.733664221295769289e-03 3.416150861133718328e-04 -5.677705959383204729e-03 -4.535509637010617066e-03 4.607591700909494797e-03 3.280667467903871596e-03 -4.456700369030012782e-04 -2.027590627698363374e-02 -1.651086153811848894e-02 2.594003576319506982e-02 8.504754394998113864e-04 -1.340945822706197596e-02 -1.214783584353400572e-02
1.942662125073426607e-03 -1.424374073588053030e-04 -1.626896084081539112e-03 3.142059672329366657e-03 7.911727728407125758e-04 -7.220047733514822937e-04 -1.672185906356326440e-03 -2.924233318427380858e-03 3.255873733225471064e-03 7.312995192947730145e-04 -1.742144327823046644e-03 -8.532917833875658734e-03 5.835945850568373915e-04 3.923149089252512406e-03 1.241037065212101734e-03 -7.779209793851573490e-03 -3.009162995901683291e-02 1.077687679427302009e-02 1.790016972799841725e-03 -4.897768221039426606e-03 -2.109454451196334651e-02
1.321323585237560569e-03 1.421647413688046876e-04 -2.042313826771606500e-03 3.049444068460332134e-03 1.778727281966247789e-03 -2.448669110801811300e-04 -1.214234639471388402e-03 -3.096307087727644992e-03 1.561338312327019071e-03 1.864826375176882817e-03 1.163166720450518887e-03 -3.725710997064830680e-04 -3.957467324678970444e-03 -1.474296894802617358e-02 9.758804874190892681e-03 1.318931289320512956e-02 -5.275441389470602541e-04 -3.349816412392692296e-03 1.535455746907237080e-02 2.209048835380273551e-02 -3.338928419283803870e-04
1.496343497766650620e-03 -5.376770178784059722e-04 -1.782429882883754257e-03 3.041888868910499078e-03 1.061980475352458696e-03 4.281899598765043333e-04 -1.140537201512049296e-03 -3.068255611028422505e-03 1.298650143758886457e-03 -2.856354964317254922e-04 1.974185365053742272e-03 -5.303207160140713076e-04 -3.239679163426986003e-03 -9.376899806396010034e-03 -8.048479449784869816e-03 1.785562221124503690e-02 3.682270180016401599e-03 -2.592806672319362959e-03 -1.364673143613062863e-02 2.982112803020135067e-02 5.674225720253531918e-03
2.114842454394397567e-03 3.211398992560795022e-04 -1.840482565785500103e-03 2.799524445442452738e-03 1.718342951717126421e-03 -4.055302632331755745e-04 -1.214877007530222380e-03 -3.031861209927927750e-03 3.149144473606862484e-03 -5.113640581256243683e-04 8.619170131716909732e-04 4.186840953730603656e-04 -3.142506325674580825e-03 -1.169426452639722898e-03 -1.682914313918129276e-02 8.021406627558704677e-03 1.197791243085885582e-02 -2.141436296303163029e-03 -2.755968647068392924e-02 1.346761268317987412e-02 1.941594982333330957e-02
1.806622250747254039e-03 1.966259089505965885e-04 -2.160089515068702986e-03 3.022285634223843571e-03 1.704079933892157887e-03 3.697474988585165842e-05 -1.870741672905422773e-03 -2.934927910018688812e-03 3.502915616387161039e-03 -6.921457842468824086e-04 -1.093981025063068538e-03 1.073089665393499575e-03 -3.277447886262414758e-03 2.375126323570084762e-03 -1.107565447274857021e-02 -9.983821079822324460e-03 1.619379124136668957e-02 2.242977492989104999e-03 -1.799718621347946856e-02 -1.558901024234457706e-02 2.668269736150722521e-02
1.788217037715408636e-03 2.654822363324434598e-04 -1.391830854586220082e-03 2.816653882430936173e-03 1.700496602291837840e-03 5.093179137058798534e-04 -1.530795807509693386e-03 -3.215066678771513753e-03 2.564305770316067674e-03 -4.870925117904434712e-04 -2.094967504869984891e-03 -4.196859590066683932e-05 -1.798972573802076844e-03 2.645542217162892562e-03 -2.589410112295677420e-03 -1.788819784835529031e-02 7.335096317691450554e-03 1.012412861712867936e-02 -5.612313281376913807e-03 -2.983488751214655177e-02 1.205957449131525062e-02
1.796013499275788197e-03 2.288010042985677344e-04 -2.374841518320975047e-03 3.831680467640409538e-03 1.405341498217294299e-03 -5.471112095486708148e-04 -9.173138464544697800e-04 -3.128329263659440640e-03 3.653998677774633608e-03 6.759907126842656716e-04 -1.823104319358156327e-03 -1.955524819238923812e-03 -1.133249701871156916e-03 3.415529647227973954e-03 8.352171965555418853e-04 -1.265085468663622661e-02 -1.074168435374254355e-02 1.525293724848725274e-02 8.609298405593114687e-04 -1.990749580155782433e-02 -1.770942165948366856e-02
1.575090829590224334e-03 1.320017744005285917e-04 -1.729155182479575736e-03 3.022187922006527513e-03 1.557904052150071734e-03 -8.602858202881287844e-05 -1.652836826119239615e-03 -2.819612038793591156e-03 2.899471235539043817e-03 6.937959505260360080e-04 5.148924842085256812e-04 -4.451461458950891107e-05 -3.242119116093895685e-03 -2.930054252154800590e-03 -2.430969640747151356e-03 7.313277360232704749e-03 1.307064878370809173e-03 -3.311658087264508429e-03 -1.338150453407902993e-02 2.792472007888431237e-02 5.948938791911406211e-03
2.400728593625782187e-03 1.310420693125305923e-04 -1.670144364266886762e-03 2.805323094617145907e-03 1.659298136438960847e-03 -2.030634356090302013e-04 -8.325863049680066455e-04 -3.509585417530651508e-03 3.547211278613564712e-03 1.896043277115095499e-04 7.555180613362937362e-04 -3.970971111811127203e-04 -3.204745127322592736e-03 1.184230539214973761e-03 -6.621301079737768047e-03 3.078143464978264857e-03 4.124119058324827482e-03 -2.651106659596369139e-03 -2.721030037615408681e-02 1.372104542652352772e-02 1.825896728463351909e-02
1.760352946738839635e-03 -4.223405948837184558e-05 -1.652418235697588732e-03 2.652225585898785026e-03 1.219683657014644131e-03 3.011990929628979461e-04 -6.089216632733051009e-04 -2.774693314699512060e-03 3.303272401456340285e-03 6.545184332859225323e-04 -1.365962571405299295e-04 -6.032125215862027198e-04 -3.147577450964606297e-03 3.061817349641637355e-03 -4.452530865207089683e-03 -3.196568106564441191e-03 6.439787385808059747e-03 -6.869454577056650392e-04 -1.773329165193783530e-02 -1.602972415751655055e-02 2.728533476593780066e-02
2.265020356665214691e-03 -6.138449291963586369e-04 -1.928240026007166808e-03 2.673763351115780555e-03 1.461092033361730469e-03 -3.689838599584438386e-04 -1.348777751277294721e-03 -2.865342965048746967e-03 3.144054793913715010e-03 8.123373331252402817e-04 1.414723216792164841e-04 -5.118178921797748512e-04 -2.865051568945092830e-03 2.617559441435430949e-03 -7.376263028869903520e-04 -7.261716961247178734e-03 2.799213744194469552e-03 1.843248887577930012e-03 -4.835146031930503616e-03 -2.852285750473834355e-02 1.210756415950383323e-02
1.614188909389235871e-02 1.169251972857150018e-02 4.506535761484801311e-03 7.641553969123659508e-03 2.209735473297648120e-02 1.484357299778318873e-02 2.336694111910562685e-03 2.669563031766206650e-03 7.063771103525447051e-04 1.577004338489570480e-03 1.122491468467858673e-03 1.170761070169976011e-04 -1.127195254748415395e-04 -1.536476545544916044e-03 -1.400008257741926221e-03 -5.015536082691056169e-04 -1.792834331156196309e-03 -2.263131339510065718e-03 -2.462644675267420050e-03 -3.230898730502706779e-03 -3.445381585835424407e-03
1.099865983575708944e-02 1.684991405523768651e-02 7.056526596603961143e-03 3.486260663292745088e-03 1.490512513342743921e-02 2.240889019185410974e-02 7.303702536235018652e-03 2.330170658122144786e-03 1.818420561941445912e-04 1.159817678808768579e-03 1.668409605120653276e-03 4.963443243033984972e-04 3.250001919061874323e-04 -1.978263071786045060e-03 -9.701992551607271139e-04 -6.722704423335034698e-04 -1.555945890010393927e-03 -2.249157475002973045e-03 -3.163489576879166196e-03 -3.052361663706912309e-03 -2.934554489225484151e-03
7.337029002828657567e-03 1.618943946166883155e-02 1.258562460854186979e-02 2.202059946585794258e-03 7.625196302533370635e-03 2.110821666135757890e-02 1.541117008435281648e-02 3.255234881701535212e-03 4.345819464363138876e-04 6.816324657875354361e-04 1.548598910424460419e-03 1.342424547836199196e-03 1.373897648391106060e-04 -2.515579356033415849e-03 -1.545265954951079677e-03 -1.301197656924499638e-03 -1.159835574911405494e-03 -1.680350319196256825e-03 -3.491983946173911509e-03 -2.659564195603722567e-03 -2.891865153352309991e-03
4.147833991846244100e-03 1.197728448142112295e-02 1.627581023348203051e-02 1.769155087235354260e-03 2.648274038158803315e-03 1.397163907741803476e-02 2.325357790111185624e-02 7.559274593112761537e-03 1.781302643963229545e-04 7.355169056857335460e-05 9.252332976944506026e-04 2.325117750713891467e-03 7.213126694244724468e-04 -2.120049297363100008e-03 -1.295774172150535117e-03 -8.223126537013798754e-04 -1.650255345509225608e-03 -1.984688582049068308e-03 -3.704046195754729168e-03 -2.978092563304602074e-03 -2.835692054001818542e-03
-1.270619097596035682e-02 -1.429409446554276604e-03 3.347544498922846220e-03 2.043477637969731003e-02 3.102862012108638379e-02 9.161474388259982504e-03 2.145347594457420060e-03 2.028190628975364007e-03 5.618373508525239569e-03 8.392786725069127304e-03 2.127312353411107797e-03 8.571055900297706344e-06 -2.869663334834467389e-04 -1.624368158001183700e-03 -1.236315412525995769e-03 -5.671640497656711775e-04 -1.029628203908293559e-03 -2.007251650992908278e-03 -3.187070298682735409e-03 -2.625819240055386316e-03 -2.986824531428219475e-03
-1.243036115760759799e-02 -6.518500416910993564e-03 2.078858615454278087e-03 1.036955992773299674e-02 2.980773950463783822e-02 1.959601251337812419e-02 3.620245253767479486e-03 2.106511802311451798e-03 1.953751241126042409e-03 7.828591862586343694e-03 4.873635843149305008e-03 5.314449183492397010e-04 -8.148571504741462671e-05 -2.195964476553749056e-03 -1.379022700500413248e-03 -8.893740266123265591e-04 -1.245770540540415807e-03 -1.974830970101663832e-03 -3.895616342829364906e-03 -3.171766750578237492e-03 -3.420440878701003738e-03
-6.316367301598456961e-03 -1.224963001327783116e-02 -1.179303761428634805e-03 4.069245451167127076e-03 1.972563295328115876e-02 3.091358549660361971e-02 9.487670842436953661e-03 3.334243420200680430e-03 8.991221021607317260e-04 4.707777292314510934e-03 8.415121241550485576e-03 2.213811524031311824e-03 -1.158132967222354160e-04 -1.576171135357383631e-03 -7.185949495072671079e-04 2.489028275034371480e-04 -1.280196543929677279e-03 -2.178071547232941427e-03 -2.805576606400894506e-03 -3.236233230931976484e-03 -3.054520477770408110e-03
-1.560731312578180234e-03 -1.240702774797103683e-02 -6.910826800534908450e-03 1.765824582579007210e-03 9.127744969489304944e-03 2.980221786472277146e-02 2.015980050075163663e-02 3.773654252418071238e-03 -2.488120522916404754e-05 2.347254417450208956e-03 8.296679958185070730e-03 5.567426092422857881e-03 3.921765293731670947e-05 -1.705542282752175835e-03 -1.247696450968925359e-03 -7.927882450288841181e-04 -7.905812511167962468e-04 -1.615011012665903013e-03 -2.989137242041052349e-03 -3.326812649401403484e-03 -3.267073209221823139e-03
1.630533363248071795e-03 -5.776363126852229746e-03 -1.206056676450793091e-02 1.903860021834624227e-03 3.818918109377197976e-03 1.981386975658399122e-02 3.109624822369635999e-02 1.003297575603193451e-02 1.097752783858917840e-04 1.688382457551369830e-04 5.220383383965230585e-03 8.158072177871917435e-03 2.447855384392778107e-03 -2.209302127117618742e-03 -1.160222034987843385e-03 -7.697754767203464615e-04 -1.078595888510544771e-03 -1.968576934921183533e-03 -3.535180846117189080e-03 -2.834132948257072748e-03 -2.908316002956778685e-03
2.899066247177083978e-03 -7.170945716691439235e-04 -1.249334316913990398e-02 2.176220226370434527e-03 2.132440796271982582e-03 8.538325376805140296e-03 2.976993966610059356e-02 2.147943560198995946e-02 1.768029674514839337e-04 3.892760665259771416e-04 2.420143202472866198e-03 8.025288444713877048e-03 5.683492364779560782e-03 -2.382518463406625275e-03 -1.308459556054727534e-03 -7.136901517242232517e-04 -1.120469485863282572e-03 -1.900758680657574579e-03 -2.686005962974034704e-03 -2.885948666327170682e-03 -3.021062614577353558e-03
-1.648086894984483741e-02 9.327750577502887629e-04 3.047437994445704231e-03 1.531890308616554869e-02 9.965605597295907822e-03 1.849036036807814474e-03 1.309316098527627285e-03 2.421807928759366069e-03 2.100438130169055700e-02 1.301934371182479275e-02 1.861725513473386695e-03 6.655313177828978913e-05 3.003277714284440457e-04 -2.073730853613434903e-04 -3.602875260894922702e-04 -8.566768849349189717e-04 -1.330778901268659005e-03 -2.016671831716039184e-03 -3.078133601119787018e-03 -2.924610438516721863e-03 -3.066268826105611467e-03
-2.667019620150202358e-02 -5.623789022061734949e-03 2.354092372717482215e-03 1.025897624068765161e-02 1.499754976276142411e-02 3.936633806054280760e-03 1.573497303382032043e-03 1.880017723313417294e-03 1.283835274649538366e-02 1.998319042622610092e-02 5.909645493763030291e-03 -9.212273342283062262e-06 9.548347811785540262e-04 -1.251373558526466031e-03 -1.371105902134899998e-04 -6.623863642394678484e-04 -1.479205384410852038e-03 -2.094888012174753872e-03 -3.022301345647661341e-03 -3.340406355337425040e-03 -2.965431322299639377e-03
-2.633405247165679364e-02 -1.668734285737271533e-02 1.328528971972387385e-03 4.858069299836043596e-03 1.477234488469653627e-02 9.940081909936169732e-03 2.038159896204533653e-03 1.801744689198436691e-03 5.854313345052357224e-03 2.062130152463376165e-02 1.428947814656544163e-02 1.207657600082003620e-03 -7.001463519683266776e-04 -1.193189807608783549e-03 2.829960001484494348e-04 2.900311136094056307e-04 -1.514681606602916262e-03 -2.427973863512046526e-03 -3.529753185478530161e-03 -3.500225266246828441e-03 -3.509936081856729687e-03
-1.475127185999433946e-02 -2.646599244963472250e-02 -5.583302603857781543e-03 2.953516147582687171e-03 9.822528950782644097e-03 1.444224194646604939e-02 4.696887184629915807e-03 2.408464787315307918e-03 1.541543670567246081e-03 1.336470434495593343e-02 2.209143765583352140e-02 6.050262240357429100e-03 4.231051544035266485e-04 -1.874090766793992582e-03 -4.388997961791800666e-04 1.194140880721997287e-03 -1.011339074029209617e-03 -2.481176677213649175e-03 -3.397986385163656586e-03 -2.943346000231139223e-03 -3.277862042090786462e-03
-4.277437332258676554e-03 -2.492882690674078777e-02 -1.534665563925974481e-02 2.059435950094000520e-03 5.269785825191571245e-03 1.427016411562203289e-02 1.042570520362073525e-02 3.225328834768478262e-03 -2.674944716737524212e-04 5.905625479849857182e-03 2.150972271552739623e-02 1.351867258848517793e-02 1.495856166971371026e-03 -1.634852443518353994e-03 -8.313830515551255034e-04 9.787862026633805876e-04 -3.916822221044049309e-05 -1.754103788254284023e-03 -3.361595161102758945e-03 -2.719367567724080732e-03 -3.207137290902654057e-03
1.567402830810678141e-03 -1.523127063877873985e-02 -2.632208696557257130e-02 2.040648550567650005e-03 2.226266204632578859e-03 9.126948676323215492e-03 1.540561521899542520e-02 5.848054387771283065e-03 -2.869615893876158261e-04 1.330306490224332765e-03 1.392710447919091529e-02 2.174146052905367651e-02 6.376158006444249474e-03 -1.896244812289352155e-03 -1.695656036752547433e-03 5.894529138572477897e-05 1.072584271028579044e-03 -1.307667756709212639e-03 -3.078792946502487398e-03 -3.443876377476711576e-03 -2.708128682236650604e-03
2.356853983560583139e-03 -3.826771818055204818e-03 -2.602260429268495392e-02 1.852144071436694680e-03 1.881497022598858752e-03 4.709495195578400871e-03 1.508421928952744136e-02 1.031321205038603257e-02 -4.796434289867111732e-05 2.390708307196897872e-04 5.143801070756698172e-03 2.104052598147647390e-02 1.365186613220290175e-02 -2.312708285878129887e-03 -1.714512085564075640e-03 -5.520246123770308376e-04 8.414013410234081648e-04 -4.079117910005485947e-04 -3.244576527261623135e-03 -3.240211684636528679e-03 -3.369600556135526025e-03
2.209996698032052394e-03 8.333102843258543939e-04 -1.487022365839434437e-02 1.704390426205375751e-03 1.939568206103183369e-03 1.656464985200720337e-03 1.012292926140111876e-02 1.595167787132831944e-02 5.060878852273778452e-04 -2.271844760237399423e-04 1.848115062068306008e-03 1.313552236616059854e-02 2.142545921891740243e-02 -1.646517158793565873e-03 -1.313449780850129518e-03 -8.013971672653034126e-04 -1.117653479639628444e-05 -2.312577748880593293e-04 -3.737254154604176433e-03 -3.315172317111161893e-03 -2.881875372803769948e-03
-2.685556469306226227e-03 2.753757132115962607e-03 3.515443118396649295e-03 -1.377492032092970248e-02 -3.819920986246990845e-03 5.712779602952499204e-04 1.674014747649404770e-03 2.145605873695560425e-03 2.993461784447529195e-02 8.295466594675041452e-03 6.308057920611373970e-04 2.901594506078051497e-04 -1.005152066353391519e-04 6.454179243047019135e-03 9.829128568032540619e-04 -7.164648795494590796e-04 -1.305138144703387685e-03 -2.232687415364396216e-03 -2.474905296780319404e-03 -3.020728682197844524e-03 -2.972775894923082238e-03
-1.014998310234603227e-02 1.873727898452877145e-03 3.195563960130412898e-03 -1.347733040465865298e-02 -9.294715417765423218e-03 -4.336573395109992284e-04 1.454412334667519371e-03 2.246276362495405396e-03 2.853631470903632283e-02 1.881234694429545148e-02 1.897230642903701596e-03 1.007366340711091275e-04 -2.593873203651569578e-05 5.677566178635867593e-03 3.088867995088099942e-03 1.145281153944200379e-04 -1.576164680096739032e-03 -1.578277289170941424e-03 -3.338173143633676402e-03 -3.567140330273383623e-03 -3.048553243046188931e-03
-1.635974147102781801e-02 -2.287593769673807419e-03 2.916994276608114896e-03 -6.950716300883276640e-03 -1.369133645407185837e-02 -3.313637413460610286e-03 1.243618601306305249e-03 1.437776412604935012e-03 1.793567191050599030e-02 2.952388146223074855e-02 7.987522270524828605e-03 4.962876360738567669e-04 2.550302089008405306e-04 2.896062715939698613e-03 6.646704320502508888e-03 2.087461616410166056e-03 -1.288131184111502387e-03 -1.723719481991333857e-03 -2.210229051566442275e-03 -2.907248876802681972e-03 -3.114419865867222754e-03
-1.738469198610801542e-02 -1.007638382245366546e-02 1.660192408436385412e-03 -2.157348498198779878e-03 -1.404569893561232602e-02 -9.397909770262807827e-03 3.888693294355180562e-04 2.178123774274299748e-03 8.033210324007698105e-03 2.900392479141481253e-02 2.004294302305272002e-02 1.867707538106044233e-03 3.894431091220855587e-04 -2.881115294469118425e-04 6.564584724389966458e-03 4.128908141552897586e-03 -9.662786747556668075e-04 -1.382267939690351097e-03 -2.377512262671595440e-03 -2.615373771661764699e-03 -2.650091674255490234e-03
-8.850401357647879122e-03 -1.787852158951756462e-02 -2.881084142660675709e-03 6.948020897572717170e-04 -7.783802579015473844e-03 -1.511795010580844340e-02 -3.937235962526874911e-03 1.227835020999390632e-03 1.712951755607344806e-03 1.782773415829082275e-02 2.966624968804252790e-02 8.613219295170119333e-03 8.286766663808880573e-04 -1.845375614859988238e-03 2.839259723205578116e-03 7.154037860345424486e-03 1.208150440715337771e-03 -1.879957172692793468e-03 -3.191344849885144504e-03 -2.790708869283931547e-03 -2.757675525392384776e-03
-1.150828250213848996e-03 -1.728156009943637716e-02 -9.333760267717683065e-03 1.642186499021948019e-03 -2.918969836578229424e-03 -1.387792053701246246e-02 -8.841498230234383360e-03 5.675517669689537480e-04 1.081732860659248910e-04 7.423006687819967003e-03 2.854980757153658538e-02 1.908283296167372078e-02 1.731538288326762119e-03 -1.212385298436638101e-03 3.607879443381289616e-04 7.342241665441329862e-03 4.104227514762133315e-03 -1.223247871393061013e-03 -2.149130129611145565e-03 -3.331762232999754304e-03 -2.540293477918830704e-03
1.864100359791123589e-03 -9.966077442311049167e-03 -1.691972244084908802e-02 2.283558528080445460e-03 4.357900924949678753e-04 -8.958696518924103708e-03 -1.485139093921440841e-02 -2.127169029448441450e-03 -3.466106858902123734e-04 1.587320530664377812e-03 1.782981508808190174e-02 2.928931327199439660e-02 8.340920527543187885e-03 -1.844899066076170465e-03 -8.106916485303125629e-04 4.538061394928167777e-03 6.572313009717112298e-03 9.207377995792387338e-05 -2.883493472624156385e-03 -2.921412348222469490e-03 -3.294219234504280718e-03
2.717745992179056505e-03 -2.163066413592401160e-03 -1.764327738129741960e-02 2.022866949618784983e-03 1.368630190039287061e-03 -2.887897929630098108e-03 -1.403579977365077870e-02 -8.300690668532987107e-03 -4.629368660739365806e-04 5.525096224685740456e-04 8.086751505578824994e-03 2.941284000540262539e-02 1.858721852664965354e-02 -2.197189602284082416e-03 -1.428101880404449410e-03 1.136666858274821158e-03 7.800646467274623130e-03 3.525017199414620314e-03 -3.760219938750091091e-03 -2.958748885204285500e-03 -2.731387172275274826e-03
3.609345464998763367e-03 1.902533218249769908e-03 -9.682729708047146250e-03 1.857691947007431531e-03 1.333415080688320079e-03 -5.681754775574065705e-04 -8.125476529908188042e-03 -1.378693929832087127e-02 5.499584804160474608e-04 2.723557968582517507e-04 1.888726167698691165e-03 1.834864228373863163e-02 2.944970070722518346e-02 -2.193297691625350609e-03 -1.032747144948799149e-03 3.732291849711553500e-04 3.992872209555850711e-03 5.989654148141687791e-03 -3.470097254666245669e-03 -3.273462087946308208e-03 -2.543931625369640331e-03
3.625951623324344918e-03 3.338375748254225270e-03 -2.067426441559947706e-03 2.255022901717265715e-03 1.169214725711293593e-03 5.802488399687054897e-04 -2.348976477126176257e-03 -1.337313235270022431e-02 2.699476279493305368e-04 -1.094930261745881759e-04 -9.548741445576699040e-05 8.027114812211081502e-03 2.938197610043805086e-02 -1.538642241533976851e-03 -1.623965230098864876e-03 -1.007329468898728172e-03 9.078975010581250699e-04 6.030673555926280988e-03 -2.777031704360551773e-03 -3.467532711666842377e-03 -2.954559107619851230e-03
1.162014008833357499e-03 3.450912427266992176e-03 3.628861758341910687e-03 -2.774253239729059656e-02 -7.001719814311748238e-03 3.048654245483457814e-04 9.745317814885990368e-04 1.944136718777630252e-03 1.355220397320830786e-02 3.986391048919635423e-03 -2.871293527296518103e-04 -3.249059319435024110e-04 4.203820919261544204e-04 1.945786046140874151e-02 4.741497555449168330e-03 -3.942302023600547907e-04 -2.085215767186057376e-03 -2.172278971325506281e-03 -2.577331061659718977e-03 -3.251760789615601444e-03 -3.431079783009710962e-03
-2.042240654554353281e-03 2.598075874507740565e-03 3.377704764080768744e-03 -2.652442906628500047e-02 -1.794458810672553903e-02 -1.534175284366851282e-03 9.038149400004307551e-04 2.057838371800303420e-03 1.381588523835381062e-02 8.397391367734582945e-03 1.380013831541033759e-03 6.460562471319355711e-04 3.686969827998059558e-04 1.794735554173151199e-02 1.255717697821967169e-02 1.069163505786765046e-03 -1.433820411692234486e-03 -2.088585893549373823e-03 -2.175752501345488976e-03 -2.943718074353809683e-03 -3.796576498603891105e-03
-3.988140573933479129e-03 1.175977385948847893e-03 2.826369887248080144e-03 -1.627605552600169120e-02 -2.815017701265552785e-02 -7.359268179259231130e-03 5.345564996550589143e-04 2.245781987052209144e-03 8.169857812515939066e-03 1.382923053747114189e-02 3.981198583015776310e-03 1.125412461197169761e-03 -2.405916952549661621e-04 1.170088104885183382e-02 1.944692765652810545e-02 5.423312931599800352e-03 -9.986831052474138583e-04 -2.163583249003650771e-03 -9.439038098418930413e-04 -3.083073632034004537e-03 -3.904366703479836276e-03
-4.081832003234501724e-03 -9.244047824227766144e-04 2.878854004199807304e-03 -5.430636668966962524e-03 -2.752588037818376465e-02 -1.801335158492083782e-02 -7.739900165215228729e-04 2.749189118374973859e-03 3.001491416197889749e-03 1.343448799939298693e-02 8.241288877640834398e-03 7.567073925055777537e-04 2.405600872772991445e-04 4.246868803347725145e-03 1.982014829997309421e-02 1.313432882065394477e-02 -5.033248277982760874e-05 -2.324727484834791195e-03 -1.342975668522919039e-03 -2.200914019518037355e-03 -2.925432905407848467e-03
-1.356650149625319773e-03 -3.780202369130746236e-03 1.627696143984563078e-03 -1.897394022848972010e-05 -1.662611206969990749e-02 -2.836534308836187457e-02 -7.654821536995736093e-03 1.795551595199159538e-03 8.686057019246648178e-04 8.533253048299497406e-03 1.361674709217447314e-02 2.878641534537756865e-03 -1.738941885223333091e-04 -7.922877238915088279e-04 1.163639589236209471e-02 2.074088452819902728e-02 5.064676077767411161e-03 -2.264305418631101449e-03 -1.353355846725367651e-03 -1.226827614838852352e-03 -2.504046733390508268e-03
7.411837520193811967e-04 -3.767286982494759927e-03 -9.109413015989790453e-04 1.870959655701547259e-03 -5.736109257407868110e-03 -2.875714162512555544e-02 -1.632497689359954304e-02 4.761609966994926821e-05 5.376856659301641880e-05 3.528563030371081703e-03 1.350665494421362384e-02 8.670994647683238216e-03 8.687766279457699581e-04 -1.505102667568184891e-03 4.684464002420512738e-03 1.973036865329784104e-02 1.288214311460241304e-02 -2.943330576357585542e-04 -2.641218380248961523e-03 -1.121642365461008196e-03 -2.091063849959935109e-03
2.857778940046998197e-03 -4.462290642621392022e-04 -4.261273924776582886e-03 1.590760758264752293e-03 -4.341807763453349629e-04 -1.703490972502956155e-02 -2.805575389704371633e-02 -5.526803543756347512e-03 4.879260337059604575e-04 9.906267959376977884e-04 8.182734377409309201e-03 1.350201552154728021e-02 3.882093916329733968e-03 -2.888016917395342179e-03 -2.888897274599261378e-05 1.217877478984509890e-02 1.949313283774765579e-02 3.248127628981900376e-03 -3.061496776448913333e-03 -1.676141062856860257e-03 -1.148563063061447788e-03
3.089548150687396709e-03 1.554524739432838146e-03 -4.127638343994328128e-03 2.064364224555284046e-03 9.381128201643530512e-04 -7.612272863662154603e-03 -2.780983359722435239e-02 -1.678387575639330234e-02 -2.592483727781740607e-04 7.267138394991283414e-04 3.312369399485186154e-03 1.367583872283326812e-02 9.022329210399101726e-03 -1.706777418657432757e-03 -9.158763748887339181e-04 4.924725341506596028e-03 2.033785008091247570e-02 1.193587595490915032e-02 -3.355421079805058753e-03 -2.845814544494785093e-03 -1.391522715200444946e-03
3.281500197666526938e-03 3.652302869733657989e-03 -1.120197805963132247e-03 1.887114370533033575e-03 1.405391995529644590e-03 -1.250713485288995922e-03 -1.651385124966190526e-02 -2.735990012063316962e-02 1.654198830013389678e-04 -3.790172466114143340e-04 8.572181381351936906e-04 8.695084532554757731e-03 1.368437275541097009e-02 -2.099294974677575441e-03 -1.730626265981550452e-03 5.304843363231734246e-04 1.255277615307547924e-02 1.957167663585091325e-02 -3.540416055067224874e-03 -3.580651412090043312e-03 -2.005103099927204799e-03
3.222360368899704688e-03 3.313547586656860264e-03 9.665970030744574929e-04 1.789797183840645053e-03 1.267677438070870851e-03 2.635738296255965389e-04 -5.327191685951821604e-03 -2.748265408297660695e-02 7.603942682058090815e-05 -1.517489601136105207e-04 1.573230883262352804e-04 4.133887829446207182e-03 1.402524937579935176e-02 -2.167499970487113230e-03 -2.034093798026053064e-03 -4.213088608727855048e-04 4.022196665785073358e-03 1.878596534131195261e-02 -2.978030638108889513e-03 -3.085617995911684418e-03 -3.353420414979456365e-03
2.625145839267678527e-03 3.373545156738741273e-03 3.596143900421962681e-03 -1.732293205437449718e-02 -4.592689670409145358e-03 6.227269123260366444e-04 1.383534402525645910e-03 2.086948981105547427e-03 -1.541698945447402685e-02 -5.203675856274087713e-03 -3.256386105665063724e-04 3.728588945305778661e-04 3.052955490559061246e-05 2.749260355272007197e-02 6.685907947790806390e-03 -1.499267240248050494e-04 -1.692145797391717693e-03 -1.513328153818496551e-03 -1.566893524144033706e-03 -3.032508656557206337e-03 -3.415856211390394005e-03
2.121649159004727545e-03 2.943894897445117204e-03 2.928546769692178670e-03 -1.756779742730535734e-02 -1.191080598078961099e-02 -1.261755013641673766e-03 1.528848066048326499e-03 2.083513997447418876e-03 -1.490517757330081516e-02 -1.078009357384148749e-02 -1.255740748212462021e-03 -5.163966555573538649e-06 3.321361441120433363e-04 2.719843172774916856e-02 1.777823918059702815e-02 1.109047345886390000e-03 -1.404754904906256076e-03 -2.370957020008627493e-03 1.902998464568717626e-03 -2.728242307197948583e-03 -3.438781462709933432e-03
1.366363409234163046e-03 2.408764905437112743e-03 2.919194204482852047e-03 -1.130270673962856069e-02 -1.936337340914085631e-02 -5.009455017128573197e-03 1.071775345263163183e-03 2.219897928364950642e-03 -9.217313525611621483e-03 -1.550732821282799385e-02 -4.318629150071319131e-03 -1.883503807153559398e-04 2.032542596986690255e-04 1.615431272204870261e-02 2.767531256131749648e-02 7.695527941512758999e-03 -7.703453700835948166e-04 -1.315567501871872961e-03 4.797478520478033921e-03 -1.071882875005943699e-03 -2.988986142345053613e-03
1.212784291407345040e-03 1.967196782955973541e-03 2.393238911716459496e-03 -2.685948188227308374e-03 -1.820593173994544678e-02 -1.254658041938487567e-02 -2.932584683916981115e-04 2.185904154053059604e-03 -4.056544835620831679e-03 -1.579905537943827182e-02 -1.012473502209044508e-02 -1.173556814691937037e-03 3.752391477123654816e-04 5.741266342815097568e-03 2.846128432070905642e-02 1.806276881169940549e-02 3.726900936770925158e-04 -1.847692062445157723e-03 4.599674829139012433e-03 2.589842407650182893e-03 -2.590110409344511481e-03
2.393648073378637324e-03 1.973745596933902322e-03 3.137120667028813446e-03 5.507837432310102666e-04 -1.138484452979224466e-02 -1.894658817886706037e-02 -3.547056767756311471e-03 2.158811272857872211e-03 -1.200315331942358775e-03 -9.155159473448264487e-03 -1.620443105581384144e-02 -5.635798738040940017e-03 -2.400535961452099928e-04 -3.685764058521375040e-04 1.654156809060171318e-02 2.898426324097135715e-02 7.067203339119879947e-03 -1.020227101137299126e-03 1.696318306326959503e-03 4.828630003292287004e-03 -3.112845101402472075e-04
3.382078349031487907e-03 1.690799069305235804e-03 2.707207862452585146e-03 1.647739137021903000e-03 -3.415765998219357728e-03 -1.958938958697144933e-02 -1.236411868626261304e-02 1.040485374468377161e-03 2.586383461818304343e-05 -4.568492690155464414e-03 -1.573337035279030738e-02 -9.905439782859057352e-03 -1.301594358276132171e-03 -1.714582366363476534e-03 6.868997150186664270e-03 2.777102447707898922e-02 1.718309522938350417e-02 -4.595602145282380265e-05 -1.088380777892201078e-03 4.827721210018881721e-03 2.283943835695910127e-03
3.396728550534262609e-03 1.543001701800020666e-03 2.078274794912903477e-03 2.666321937525412047e-03 5.216264111195640339e-04 -1.194043461432873349e-02 -1.822981684076006165e-02 -4.197467110985265981e-03 -2.109680064503957359e-04 -6.599217642710829973e-04 -9.251684382893914094e-03 -1.593736423291684801e-02 -4.260673149042739499e-03 -1.952952065133482145e-03 7.673814997015201023e-04 1.725920837117177198e-02 2.867078843220231474e-02 6.642040582121871636e-03 -2.344085295028481338e-03 2.074057552419898264e-03 4.539576285058020619e-03
2.758832226749911506e-03 2.730309778434604744e-03 1.465960888307523769e-03 2.546452852092108941e-03 8.593230193397819990e-04 -4.914051220124083033e-03 -1.836805206425446563e-02 -1.098027766036542736e-02 4.961346819708007847e-05 1.971239059296977982e-04 -4.537709753596238377e-03 -1.520059803510091095e-02 -1.033646959635969517e-02 -1.459625185662103948e-03 -1.176250909585286426e-03 7.450619980861621430e-03 2.798250733117128852e-02 1.580370021752879051e-02 -3.207204566206720790e-03 -1.283319292361950834e-03 4.653472897274158263e-03
3.185332789167408859e-03 3.365524847942337385e-03 2.782454228241133636e-03 1.844813419104778928e-03 1.456096983373701519e-03 -7.019021207039468540e-04 -1.116211645258453899e-02 -1.777220535705169996e-02 5.255110368778114502e-04 8.319611745709988094e-04 -4.159679487857363342e-04 -1.006812200716407715e-02 -1.555319868255088459e-02 -9.963028446923079783e-04 -1.462140479714334890e-03 9.395992235917078120e-04 1.632641772279810888e-02 2.748137009412786672e-02 -2.288321970707299976e-03 -2.851328654329548205e-03 1.845383711189443627e-03
3.342254544331045747e-03 2.819720193051948078e-03 2.430809372572940736e-03 1.365637157646789560e-03 1.165940739225262241e-03 1.901688236147094728e-04 -4.189591114098556446e-03 -1.781948395515220787e-02 3.001108655206554971e-04 2.913945523110632535e-04 -2.622276259341700232e-04 -4.450820580506983926e-03 -1.537644759672574836e-02 -2.411160455379765880e-03 -1.483336426110093854e-03 -3.396637164572772170e-04 6.793710412850557240e-03 2.721429025360071197e-02 -3.402140461487636845e-03 -3.646568247998784908e-03 -1.208952406579184499e-03
3.767818798268360303e-03 3.269269021482716642e-03 3.042850392479008650e-03 -5.558981623425167558e-03 -5.026117303145044308e-04 1.131892452871797799e-03 2.118065344910051179e-03 2.155663833526558042e-03 -2.926655163309428362e-02 -8.038559214296459726e-03 -8.980755084513388897e-04 1.797146059006920669e-04 -1.919307079327440971e-04 1.173245410582583054e-02 2.007005875311568960e-03 -7.116862801095665122e-04 -1.340273212760892136e-03 -2.611268987561037643e-03 3.331028628489653750e-03 -2.921336605645009042e-03 -3.621393070521916526e-03
3.290863153851920561e-03 3.320976565896186471e-03 2.885925430571582850e-03 -5.627758864719409858e-03 -3.330431505586107285e-03 2.657771632579529735e-04 1.245665009225609392e-03 2.089487592948645594e-03 -2.899855014820464441e-02 -1.911860347705818253e-02 -2.714937878834165329e-03 4.196721995181297224e-04 2.921633965178613659e-04 1.116241328210731271e-02 7.209517202962015606e-03 2.855174790967386785e-04 -2.030910866571299881e-03 -2.086157573894198165e-03 1.103850715458392848e-02 -1.530937216930002617e-03 -3.394503722809577052e-03
2.958843280277861313e-03 3.449059435666951279e-03 3.130810441589534400e-03 -1.809037271007898299e-03 -5.631571903511027426e-03 -1.336996848696248279e-03 1.216972056649264465e-03 2.143335143388651765e-03 -1.772410308889902850e-02 -2.983487210055943417e-02 -8.215074009442813879e-03 -2.124020212114102767e-04 -5.302819025681613369e-04 6.453255609109686056e-03 1.241775885393700540e-02 3.074165695606485837e-03 -1.354802698903375281e-03 -2.502076889744231196e-03 1.886877669248970477e-02 2.453830298469026130e-03 -2.877220797579059432e-03
3.340518958851148874e-03 2.606245777368947948e-03 2.868760766424143481e-03 2.561672106629345408e-04 -5.403702756698216050e-03 -4.064981204358216610e-03 1.048142171398908475e-03 1.636887172185190215e-03 -7.712559543206790220e-03 -2.828653121370296869e-02 -1.934658037060536101e-02 -2.799218987680061888e-03 4.236477451553751525e-04 4.901412756161689210e-04 1.262010706866592905e-02 8.210347242923271560e-03 -2.634483609180969521e-05 -1.935004841902767270e-03 1.724090775099772904e-02 1.076525044689874942e-02 -1.942273252354338384e-03
2.938794985511866339e-03 2.669100164104527915e-03 3.107501233362766971e-03 1.613776267726324543e-03 -3.110192504557021502e-03 -6.874282752169487073e-03 -5.538892328710993658e-04 1.515575331327826411e-03 -1.960951278345055178e-03 -1.776456921370640069e-02 -3.013330580218732263e-02 -8.825670741049283438e-03 -7.066496330578865516e-04 -9.936660953497561226e-04 7.009350989001770366e-03 1.300493282005452458e-02 2.155314158365886999e-03 -2.054127551225193304e-03 9.975045081399451508e-03 1.871655340600864373e-02 3.223826448568324794e-03
2.688288077878358759e-03 3.088965839374099680e-03 3.620543762563479748e-03 2.181518027512545106e-03 -7.604533708815744940e-04 -6.264088173657322151e-03 -2.871095594469593067e-03 1.436485881729076403e-03 4.311512105921196493e-04 -8.013675360019067995e-03 -2.895962768640919852e-02 -1.836966246790113985e-02 -1.998800719918144425e-03 -1.987588174159951853e-03 1.985148352343748309e-03 1.263116326058541343e-02 7.359554134896006614e-03 -8.150840930024166311e-04 2.651909706214752947e-03 1.850165432389551390e-02 1.093674628850869850e-02
2.934999757042831836e-03 3.232820171536717954e-03 3.027711946111820169e-03 2.422775036558550300e-03 1.481089166779634260e-03 -3.658611885672029621e-03 -5.690843487991548329e-03 3.454938994185564449e-05 6.589870966612446123e-05 -1.496703675839671822e-03 -1.795673674467192921e-02 -2.954675503957490679e-02 -8.157291274908457651e-03 -2.143150092179343935e-03 -5.472674948486863774e-04 7.906283950750651879e-03 1.231276554266666143e-02 1.465062627991305924e-03 -1.593975745329552279e-03 1.085770307803293408e-02 1.818768157417241169e-02
2.489898654113550155e-03 3.303862689839801459e-03 2.715460914459316699e-03 2.014422309539617983e-03 1.521634937041543758e-03 -8.006330003220210861e-04 -5.875928792202136236e-03 -3.403916686613692004e-03 6.870626756031106763e-05 -6.664285130845995974e-04 -7.541895125403706365e-03 -2.923614176513814750e-02 -1.880170138316226980e-02 -1.647853097643196384e-03 -8.743899000275461367e-04 1.917097103807491234e-03 1.172607903624016748e-02 7.060979039951524941e-03 -2.655974624766911565e-03 2.304025919406282354e-03 1.825409675026726589e-02
2.944464122277087263e-03 3.531721477955412913e-03 3.288563198939773065e-03 1.941793807056235461e-03 1.213218399039119955e-03 -1.730675800822284015e-06 -3.089151334408801047e-03 -5.038098493199742733e-03 -3.657194128052718715e-04 8.556969690984045796e-05 -1.805946891305217896e-03 -1.777669950490952389e-02 -2.928082662554341853e-02 -1.728441060343261469e-03 -1.413190130537102327e-03 2.032777427294727313e-04 6.721178151907826991e-03 1.205114053796075245e-02 -3.167667176698358081e-03 -2.181657506214837016e-03 1.016628804249134974e-02
3.220493398971764100e-03 3.464544627362886424e-03 2.763958403574707894e-03 1.872859703980213255e-03 1.700960938812446678e-03 3.583660001366808590e-04 -9.934645320628823599e-04 -5.272821371053556389e-03 -2.855069780318284173e-04 1.370143662881484936e-04 -1.543063525166290563e-04 -8.284809840951905952e-03 -2.957804282764770615e-02 -1.716117780314030481e-03 -1.627322826641160961e-03 -1.311522293301466634e-04 2.822234133401285532e-03 1.160694597255717067e-02 -3.212246372396378256e-03 -3.569409425734196978e-03 2.847161209478460148e-03
3.432020486085505216e-03 3.465556409371579882e-03 2.616628319035307470e-03 3.852119480532554163e-04 9.017679009988757016e-04 6.619643846273125503e-04 1.982948309472348791e-03 2.488472874423444062e-03 -1.956638409233334847e-02 -1.315995133830054516e-02 -1.193334065949866766e-03 4.075597417203697401e-04 2.234664377979034711e-05 -1.708987628894843847e-02 -1.141910732080899521e-02 -1.875927508507166819e-03 -1.289631472368271518e-03 -2.076976929701814575e-03 1.509802983582228531e-02 -1.103334616277591544e-03 -3.218482277985523429e-03
3.228542561962792316e-03 3.280815475627025472e-03 2.879219302497042308e-03 1.233349074469541331e-03 -2.438177878213009669e-04 6.886369869584634809e-04 1.493781067393215589e-03 1.307802919183503887e-03 -1.304477339926951932e-02 -1.948129441506473228e-02 -6.171025421947686981e-03 1.513734855540677126e-04 -2.057972991923958967e-04 -1.160985733202549337e-02 -1.729582876150021625e-02 -5.506202210730512872e-03 -9.181097235740344172e-04 -1.907709801117273484e-03 2.624763539124913558e-02 5.375515809406880043e-03 -2.647310009667504585e-03
3.315440063604640011e-03 2.637996689347979831e-03 3.216084210902653978e-03 1.911381696771539528e-03 -1.469012981203984933e-04 -3.577456279861602768e-04 1.368889618992327533e-03 2.635295575983313734e-03 -6.031572497438822573e-03 -1.938100288889280445e-02 -1.322200437868139948e-02 -1.433765559271921132e-03 -2.518462108926260222e-04 -5.959098269521972795e-03 -1.680945859032739742e-02 -1.171006836771582189e-02 -2.844567723870839240e-03 -1.723764732736446197e-03 2.572036174269863931e-02 1.553169263986169460e-02 -1.477697544785246033e-03
3.203796168809176781e-03 3.362348863194964971e-03 3.068745807190204761e-03 1.804545364167881027e-03 6.278087617532755738e-04 -1.080221840233111085e-03 9.977891353808044511e-04 1.894675247189252752e-03 -1.385141155278589355e-03 -1.250953765421795177e-02 -2.026933131142922423e-02 -6.114122419164278420e-03 -2.778081820341624228e-04 -2.886494175254843055e-03 -1.077715819667605240e-02 -1.611460451867851446e-02 -6.484448305042847180e-03 -2.229616532179795260e-03 1.468313188252897729e-02 2.633207815448905184e-02 5.148003426631431526e-03
2.601117144830496133e-03 4.057575241950234918e-03 2.768611466643447656e-03 2.283655849420054579e-03 8.427177868808484462e-04 -4.779706642726354662e-04 4.500754442822252430e-04 1.872910169183600055e-03 -5.309406346395870125e-04 -5.693894332181598759e-03 -2.087710331438261471e-02 -1.324150279612209234e-02 -8.624266238815022452e-04 -2.596090815392509271e-03 -4.506707950243816346e-03 -1.586407632445822197e-02 -1.125436018305768157e-02 -2.582393897020509622e-03 4.884581525072587659e-03 2.562947017366081284e-02 1.555912133272345857e-02
3.006766618860575759e-03 3.371029413909324129e-03 3.040755779262742028e-03 2.228899225249835608e-03 9.002340663239122645e-04 -9.815237854907653010e-05 -8.561390266222533487e-04 2.243549361209121705e-03 7.992328500080716136e-05 -1.492774415767966377e-03 -1.172118977043630494e-02 -2.028273079918749278e-02 -6.503446426201983828e-03 -1.847251274443502487e-03 -1.907852769806173045e-03 -9.693194130966611283e-03 -1.687755913520875423e-02 -5.904498035337019980e-03 -1.265042192502078373e-03 1.490704534433312002e-02 2.681454720937246836e-02
3.504138028429219440e-03 3.333893885022583530e-03 2.653837879600850526e-03 1.972212129107132200e-03 1.955843882361311264e-03 2.057274248117000898e-04 -6.515976667277664910e-04 1.121311372565488712e-03 -8.930618601207153807e-05 4.437110065785836600e-04 -4.890954107183979882e-03 -1.991672987305223921e-02 -1.359713395020753501e-02 -1.968379852149438822e-03 -1.364326306030036072e-03 -4.925919458907848311e-03 -1.716716396970573849e-02 -1.240077805912265067e-02 -2.735503062611664357e-03 4.792303013124237301e-03 2.636542731639458792e-02
3.068967676006096289e-03 3.335257318543073755e-03 3.398400961609220408e-03 1.422389098548428564e-03 1.437784982699368604e-03 7.523910971227699366e-04 1.041880016043105015e-03 6.208182269326245790e-04 6.351430729352169078e-04 -2.570019184117389405e-04 -1.506937136944815374e-03 -1.289385154481613623e-02 -1.997724585355518945e-02 -2.201398010168398485e-03 -1.460637499445903128e-03 -1.643594101123493868e-03 -1.058164172299996646e-02 -1.785352223094752860e-02 -3.041953142149650142e-03 -1.240390991808230014e-03 1.475717054978633279e-02
3.171464231113243267e-03 3.092743367446537835e-03 2.750390205834679722e-03 1.791582132936930458e-03 8.404939826941736384e-04 2.433388868252582278e-04 1.565499831587985899e-03 1.599143307813991229e-03 -4.619443965936033403e-03 -6.897950879937836052e-03 -1.529942702469655859e-03 9.423109300554473929e-05 -1.000948067104050275e-04 -2.006869387884429104e-02 -3.108328634718217701e-02 -8.788751251646973253e-03 -1.524889209486659548e-03 -2.403478662411520726e-03 1.031384453538119160e-02 4.279011970419487922e-04 -2.719931732405340453e-03
2.765971179247605355e-03 3.298640429132422124e-03 2.635902340390239296e-03 1.940325833200127071e-03 1.062740786788352303e-03 8.218850521407355860e-04 1.282667801677411009e-03 1.598021807060559258e-03 -1.910692396119956140e-03 -7.094273818821808866e-03 -4.792892715571466650e-03 -6.425319505036171169e-04 -2.215920182771529323e-04 -1.003179294215165995e-02 -3.009068014678118602e-02 -1.925535653668784125e-02 -3.367317427048046111e-03 -1.571834036165810616e-03 1.068178802004017894e-02 5.029722056450620579e-03 -2.061132042795016470e-03
3.497548476059359965e-03 3.053400550964405127e-03 3.215994807533394551e-03 2.310528443304431852e-03 1.083724427552855635e-03 9.427632646513586616e-04 1.342770588529699008e-03 2.400388570278922436e-03 -6.209910346461765436e-04 -3.961783665674893651e-03 -7.711133119989756202e-03 -2.440226627567168571e-03 4.381309693048194144e-04 -4.053881715536703303e-03 -1.925197780022252364e-02 -2.962613107683225236e-02 -9.760538968897860407e-03 -2.449875929466292356e-03 5.525708168257639427e-03 1.095338332671551805e-02 5.709283188873089804e-04
3.497555657337249151e-03 3.499694699196129188e-03 3.155232751397721823e-03 2.415979777789694152e-03 1.400225604907048664e-03 8.487877824376842406e-04 1.030110167791980060e-03 1.862653755357629231e-03 1.893574679795098495e-04 -1.225480829683332816e-03 -7.089099726318074876e-03 -4.633433897591192514e-03 -6.512378824207664882e-04 -2.370469255034947202e-03 -9.261451890052280547e-03 -2.911706359405490108e-02 -2.052852721438219383e-02 -4.482447836525083225e-03 5.769578999419422687e-04 1.030737669651132782e-02 5.430609274422761729e-03
2.968816974019617555e-03 3.615637271312350295e-03 2.985906373977606672e-03 2.339701011329288656e-03 1.903594317665696471e-03 1.107131022714385842e-03 1.458937420683967257e-03 2.085741613024170819e-03 -1.277144597598058192e-04 -3.730066530022857615e-04 -4.225100605838337693e-03 -7.645845168040795760e-03 -1.800103702396008924e-03 -1.940271945564005923e-03 -3.072323309811958707e-03 -1.857433082809976585e-02 -3.051983781177683430e-02 -9.666459938079257144e-03 -2.043261949038375439e-03 5.067936711061346404e-03 1.056712245919894447e-02
3.298242203978716570e-03 3.295921026642728655e-03 2.867873926144850864e-03 1.681452002571373399e-03 1.537126819635246163e-03 5.503056429804683040e-04 1.395087575338479916e-03 1.717316817225473255e-03 1.223860186085373898e-04 7.568294251222299678e-05 -1.848809026617996305e-03 -7.086068164648479800e-03 -4.104419869229103401e-03 -2.072106534682309053e-03 -1.792939543012507476e-03 -8.292339831471293859e-03 -3.094681832113907113e-02 -2.161492648168505254e-02 -3.165852062239242655e-03 -6.579709467583291956e-04 1.098235672210996772e-02
3.167503608490368668e-03 3.492876171087846374e-03 3.082592797670427424e-03 2.057996288874607699e-03 2.096947706720284771e-03 3.929714108880584837e-04 1.271697009489842090e-03 1.896407333009612634e-03 -4.734461425681455284e-04 -1.300245198452565582e-03 -1.959447947544548478e-03 -4.012473640944520456e-04 1.018889716142646820e-04 -7.666032756660740716e-03 -2.126832837719800848e-02 -1.459451392007115808e-02 -2.738466013547248990e-03 -2.371512365862197408e-03 -1.845796935508668690e-02 -1.303405698103374082e-02 -4.455512531268679237e-03
3.437428983370878835e-03 3.290685662833622415e-03 3.079111826766429451e-03 2.172887518259460169e-03 1.457779345625249317e-03 3.337612807848339873e-04 1.404049476010191862e-03 1.828100150686957090e-03 -1.904396023918243403e-04 -1.251935034848816134e-03 -1.354125248118565484e-03 -2.212319276102595294e-04 1.495051523748635669e-04 -3.412342786735185311e-03 -1.358250735001175803e-02 -2.089244977820513272e-02 -7.696435822700689426e-03 -2.189676971564206032e-03 -1.250439887063649336e-02 -1.860407602937147464e-02 -7.991813786470087361e-03
2.961783954853458838e-03 3.014265670478633898e-03 2.965266381623998717e-03 1.961197215700079786e-03 1.452587897673807442e-03 9.018851361969968793e-04 1.497128031276195956e-03 2.411265605176133274e-03 -9.550009239319010772e-05 -3.245494418253428988e-04 -8.100105413681212355e-04 -7.093101290738631397e-04 -4.433401720037088772e-04 -2.207798090567771997e-03 -6.441944823484367297e-03 -2.017376689060668832e-02 -1.508778261987279296e-02 -3.317966213946547862e-03 -7.053636998500725092e-03 -1.904860346116283437e-02 -1.316888660656779890e-02
3.629845239188867530e-03 3.092960554884965733e-03 3.290135207732966700e-03 2.566024936426162389e-03 1.844611487394050807e-03 1.579274374509189154e-03 1.726058555840633653e-03 1.791168726151200902e-03 -6.545064929790590617e-05 -4.119395807035819011e-04 -1.302760554482315994e-03 -1.171842846271779629e-03 -6.791563314891943710e-04 -1.564335514572954156e-03 -3.352038965117169235e-03 -1.346016471847894490e-02 -2.234450484297023642e-02 -7.768255865319092374e-03 -4.066992065933020505e-03 -1.246894300097758403e-02 -1.869228137481734539e-02
