854.011 283.281
908.096 282.993
961.682 283.102
1015.949 282.672
1071.624 282.475
1125.828 282.066
1180.465 281.439
1236.973 281.481
745.626 335.990
799.369 338.142
853.329 338.582
907.415 337.887
960.841 337.569
1015.473 337.742
1070.565 337.149
1125.867 336.948
1180.673 336.463
1236.184 336.255
1290.616 335.791
1344.526 335.860
640.982 386.850
694.018 387.199
747.416 388.803
801.120 391.381
853.277 392.985
906.400 392.695
960.328 391.435
1015.754 390.955
1069.953 390.974
1125.392 390.564
1180.064 390.168
1235.949 390.227
1290.140 390.411
1344.638 390.688
1399.522 390.868
1454.058 391.115
587.108 441.198
641.094 440.663
695.460 440.841
749.403 442.351
802.574 444.077
853.184 445.701
904.827 445.387
959.570 444.645
1015.186 444.210
1070.383 444.387
1125.043 444.534
1179.596 444.564
1235.777 444.450
1289.775 444.457
1344.517 444.916
1400.080 445.178
1453.965 445.558
1508.636 445.355
533.350 496.985
587.631 496.107
641.234 496.095
695.520 496.179
749.467 495.816
803.199 495.916
853.604 495.256
905.583 496.335
959.722 497.899
1015.096 499.024
1070.443 498.961
1124.959 499.549
1179.513 499.757
1235.685 499.983
1289.986 499.760
1344.572 499.885
1399.590 499.948
1453.944 499.764
1508.338 500.015
1562.731 500.904
476.847 551.829
532.405 551.047
586.475 550.531
641.042 550.436
694.754 549.751
749.049 549.228
802.311 548.552
854.373 547.816
907.457 549.080
961.009 550.951
1016.114 552.009
1070.673 553.019
1125.470 553.540
1179.936 553.923
1235.339 553.971
1289.791 553.982
1344.699 553.796
1399.118 553.927
1453.470 554.113
1508.634 554.226
1563.399 554.552
1618.816 554.917
421.021 606.629
475.772 605.724
531.758 605.785
586.140 605.672
640.029 604.714
694.396 604.371
747.467 604.250
801.394 603.516
854.810 603.342
908.877 604.387
962.359 605.568
1016.660 606.315
1071.199 606.998
1125.832 607.822
1179.933 608.163
1235.448 608.268
1289.770 608.323
1344.417 608.399
1399.106 608.143
1453.589 608.794
1508.470 608.824
1563.483 608.287
1619.144 609.448
1673.035 610.187
420.270 661.343
474.755 661.547
531.112 660.949
585.213 660.320
639.026 660.159
693.338 659.814
747.208 658.845
801.016 658.868
855.368 659.444
909.365 659.424
962.933 660.029
1017.373 660.857
1072.068 661.352
1126.379 661.691
1180.471 662.512
1235.417 662.982
1289.538 662.794
1344.066 662.986
1399.395 663.291
1453.670 663.489
1508.208 664.494
1563.351 664.838
1619.282 664.309
1673.254 664.499
365.212 715.899
420.302 716.141
474.726 716.273
529.852 715.753
584.523 715.266
638.829 714.700
692.211 714.488
746.596 714.016
801.415 714.396
855.245 714.841
909.328 714.957
963.386 715.144
1017.941 715.921
1071.993 716.185
1126.415 716.452
1180.942 716.961
1234.977 716.812
1289.507 717.197
1344.462 717.559
1399.008 718.483
1453.993 718.843
1508.805 719.513
1563.336 719.658
1618.591 719.563
1672.980 719.414
1727.370 719.982
365.802 770.444
420.370 770.788
474.239 770.878
529.405 770.529
584.131 770.030
638.189 769.589
692.437 769.466
746.883 769.581
801.441 769.616
854.988 769.954
909.356 770.278
963.216 770.091
1018.119 770.319
1072.110 770.728
1126.762 771.151
1180.870 771.152
1235.366 771.706
1289.718 772.568
1344.187 772.499
1399.690 772.687
1454.243 773.446
1508.523 773.819
1563.276 774.329
1618.225 774.090
1672.923 773.939
1727.418 774.089
310.652 825.158
365.316 824.972
420.010 825.063
473.862 824.605
529.066 824.818
583.201 824.795
637.423 824.361
692.622 824.409
746.595 824.195
801.120 824.111
855.138 824.223
909.596 824.921
962.861 825.329
1018.037 825.106
1072.678 825.666
1126.641 825.776
1180.499 825.700
1235.781 825.887
1289.859 826.431
1344.297 827.097
1400.093 827.468
1454.234 827.684
1508.780 827.781
1563.213 827.827
1618.456 828.061
1672.688 828.380
1726.746 828.779
1782.555 828.778
310.332 880.660
364.933 879.988
419.734 879.750
473.737 879.997
528.787 879.603
582.865 879.472
637.376 879.962
691.985 879.322
746.731 879.045
801.268 879.383
855.616 879.924
909.967 880.035
963.395 880.550
1017.965 881.137
1072.073 881.089
1126.685 881.127
1180.488 881.376
1235.822 881.849
1290.236 881.486
1345.040 882.039
1399.850 882.474
1454.354 882.489
1508.845 882.884
1563.801 883.905
1618.475 884.060
1673.156 884.012
1726.983 884.895
1781.755 883.543
309.874 933.997
364.790 934.099
419.574 933.776
473.911 933.835
528.646 933.648
582.945 933.675
637.142 933.680
691.696 933.728
746.612 933.937
801.340 933.938
855.595 934.119
909.932 934.405
963.817 934.922
1018.215 935.338
1071.690 935.413
1126.602 935.537
1180.511 935.656
1236.048 935.963
1290.596 935.724
1345.311 935.846
1399.954 936.162
1454.385 936.587
1509.464 936.684
1564.345 937.043
1617.060 937.809
1672.907 936.527
1726.661 937.683
1781.073 937.642
309.581 988.116
364.541 988.504
419.468 988.786
473.881 988.153
528.511 988.434
582.592 988.700
636.883 988.579
691.648 988.483
746.626 988.602
800.749 988.635
855.502 988.605
910.120 989.262
964.231 989.702
1018.140 989.931
1071.966 990.068
1126.216 990.021
1180.295 990.087
1236.249 990.203
1290.451 990.221
1345.181 990.563
1399.916 990.437
1454.788 990.784
1509.386 991.357
1563.623 990.728
1617.761 990.761
1672.780 991.835
1726.828 991.921
1781.495 991.790
309.865 1043.364
364.451 1043.082
419.453 1043.312
473.240 1043.914
528.494 1043.646
582.411 1043.469
636.387 1043.436
692.194 1043.748
746.585 1043.558
801.212 1043.860
855.421 1044.227
910.036 1043.717
963.994 1043.339
1018.363 1043.670
1072.033 1043.660
1126.147 1044.519
1180.567 1045.357
1236.139 1045.675
1290.141 1045.020
1344.618 1044.945
1400.233 1045.303
1454.803 1045.153
1509.527 1045.239
1563.649 1045.970
1618.276 1046.315
1672.476 1045.796
1726.530 1045.699
1781.531 1045.946
309.729 1097.520
364.224 1097.638
419.114 1097.731
473.591 1098.043
527.974 1098.092
581.874 1098.053
636.800 1098.230
691.595 1098.589
746.667 1098.509
801.150 1098.655
855.431 1098.513
909.435 1098.512
964.146 1098.465
1018.359 1098.255
1072.148 1098.598
1126.793 1099.006
1180.623 1099.650
1235.634 1099.418
1289.965 1099.328
1344.676 1099.448
1400.095 1099.666
1455.087 1099.714
1509.518 1099.682
1563.543 1100.298
1618.032 1100.159
1671.592 1100.174
1726.657 1100.269
1781.356 1100.152
310.044 1151.145
364.118 1151.926
418.752 1152.112
472.992 1151.898
527.988 1152.230
582.053 1152.408
636.890 1152.294
691.413 1152.621
746.176 1152.871
800.632 1152.819
855.077 1152.720
909.467 1153.096
963.563 1153.015
1018.236 1152.623
1072.567 1153.204
1127.021 1153.401
1180.407 1154.014
1235.499 1153.791
1289.520 1153.630
1344.312 1153.725
1400.343 1153.369
1455.173 1154.185
1509.348 1154.140
1563.336 1154.221
1617.979 1154.220
1671.801 1154.603
1726.757 1154.566
1781.461 1154.331
310.069 1207.208
364.314 1206.686
418.465 1206.695
472.875 1206.696
527.920 1207.073
582.010 1206.772
636.820 1207.286
691.958 1207.359
745.974 1207.355
800.464 1207.886
854.955 1208.049
909.760 1208.261
963.423 1208.501
1017.731 1208.870
1072.532 1208.395
1126.823 1208.123
1180.149 1208.572
1235.833 1208.910
1289.614 1209.037
1344.275 1209.624
1400.107 1209.580
1454.721 1208.926
1509.397 1208.569
1563.231 1208.418
1617.902 1208.484
1671.988 1208.926
1726.250 1209.035
1781.218 1208.890
363.842 1261.029
418.360 1260.879
472.960 1261.033
527.890 1261.072
582.321 1261.155
636.836 1261.299
691.676 1261.348
745.899 1261.735
800.594 1262.050
854.839 1262.448
909.482 1262.328
963.554 1262.569
1017.879 1262.590
1072.044 1262.536
1126.571 1262.919
1180.479 1262.877
1235.727 1262.986
1289.992 1263.395
1344.622 1263.723
1399.415 1263.541
1453.710 1263.526
1508.763 1263.043
1563.035 1262.359
1618.002 1262.737
1672.164 1263.037
1726.326 1263.396
363.668 1315.816
418.358 1315.730
472.729 1315.380
527.888 1315.297
582.358 1315.632
637.125 1315.998
691.460 1315.917
746.298 1316.165
800.620 1316.375
855.034 1317.141
909.538 1316.993
963.573 1317.332
1017.835 1317.228
1071.842 1317.276
1126.189 1317.198
1180.278 1317.336
1235.537 1317.911
1290.090 1317.939
1344.460 1317.973
1398.928 1317.395
1452.999 1317.666
1508.117 1317.648
1562.860 1317.081
1618.056 1317.341
1672.307 1317.133
1726.123 1317.650
417.724 1370.258
472.177 1370.416
528.337 1370.182
581.879 1370.535
636.675 1370.192
691.580 1370.309
746.286 1370.587
800.599 1370.913
855.072 1371.153
909.424 1371.490
963.396 1371.439
1017.533 1371.190
1071.872 1371.565
1126.182 1372.051
1180.148 1371.914
1235.654 1372.167
1289.891 1372.314
1344.010 1372.106
1398.550 1371.887
1452.919 1372.077
1507.368 1372.047
1562.197 1371.810
1617.957 1372.248
1672.003 1372.191
418.192 1424.548
471.919 1425.143
527.518 1424.916
581.437 1424.429
636.597 1424.808
691.567 1425.162
746.411 1424.940
801.039 1425.024
854.842 1425.198
909.348 1425.182
963.431 1425.018
1017.717 1425.430
1071.828 1425.943
1126.421 1426.331
1180.764 1427.054
1235.210 1426.752
1289.373 1426.292
1344.169 1425.858
1398.755 1426.057
1452.807 1426.090
1507.328 1426.492
1562.550 1427.064
1617.151 1426.499
1671.528 1425.979
472.108 1479.425
527.155 1479.383
581.433 1479.102
636.459 1479.205
691.473 1479.476
746.366 1479.692
800.835 1479.397
854.518 1479.409
909.219 1479.581
963.124 1479.612
1017.978 1480.056
1071.859 1480.118
1126.518 1480.541
1180.425 1480.891
1234.642 1481.061
1288.871 1480.921
1343.580 1480.671
1398.697 1480.577
1453.335 1480.770
1507.649 1481.208
1562.118 1481.509
1616.471 1481.203
527.405 1532.895
581.146 1533.705
636.078 1533.367
691.533 1533.586
745.866 1533.993
800.239 1533.639
854.470 1532.994
909.054 1533.517
963.286 1533.944
1018.014 1533.959
1072.398 1534.213
1126.770 1534.902
1180.406 1534.933
1234.958 1534.863
1288.903 1535.442
1342.745 1535.618
1398.447 1535.094
1453.455 1535.627
1507.666 1535.311
1561.446 1534.874
581.698 1588.562
636.070 1589.282
691.232 1589.487
745.602 1588.818
800.084 1588.733
854.259 1588.968
908.988 1588.886
963.595 1589.444
1017.846 1589.882
1072.295 1589.449
1126.437 1589.428
1179.920 1589.890
1235.398 1590.349
1289.016 1590.442
1343.107 1591.120
1397.877 1592.111
1453.211 1591.291
1507.075 1590.359
636.397 1642.702
690.874 1642.905
745.359 1642.902
799.792 1642.903
854.143 1643.306
909.089 1643.726
963.388 1644.022
1017.670 1643.836
1071.888 1643.691
1126.298 1643.786
1180.392 1644.371
1234.893 1644.675
1289.073 1644.680
1343.724 1644.785
1397.490 1645.404
1452.021 1644.786
745.048 1697.459
799.409 1697.241
854.479 1697.474
909.238 1698.439
963.462 1698.521
1017.557 1697.843
1072.394 1698.092
1126.720 1698.803
1180.454 1698.832
1235.119 1699.253
1289.291 1699.223
1343.634 1699.083
854.969 1753.091
909.132 1753.176
962.705 1752.842
1017.147 1752.785
1072.588 1753.142
1126.948 1753.140
1180.073 1753.702
1235.560 1753.585
