853.999 285.313
907.671 285.169
960.975 284.501
1015.237 283.355
1071.613 283.159
1125.562 282.881
1180.037 282.225
1237.417 282.307
746.006 337.102
799.003 340.331
852.969 341.434
906.641 340.254
959.766 339.307
1014.658 339.111
1070.038 338.164
1125.580 338.128
1180.639 338.053
1236.190 338.006
1291.054 337.193
1344.526 337.072
645.874 384.984
697.697 385.843
749.356 388.808
802.024 393.157
852.871 395.365
904.971 394.448
958.753 393.004
1014.017 392.175
1068.882 392.000
1124.614 391.309
1179.653 391.016
1235.948 391.139
1290.138 391.310
1344.644 391.421
1399.531 392.009
1454.021 392.383
592.476 439.923
645.448 438.922
699.917 439.543
752.636 441.992
805.237 445.080
852.778 447.272
902.735 446.287
957.713 445.329
1013.008 445.044
1069.562 445.194
1123.814 445.291
1178.786 445.334
1235.816 445.196
1289.776 445.312
1344.513 446.212
1400.075 446.327
1453.975 447.053
1508.605 447.082
537.659 496.627
591.558 495.153
644.662 494.998
700.273 494.974
753.273 494.042
806.267 493.911
853.627 493.587
903.631 495.637
957.544 497.889
1013.529 499.349
1069.582 499.354
1123.760 500.310
1178.752 500.451
1235.689 501.131
1289.950 501.036
1344.581 501.140
1399.584 501.146
1453.941 500.451
1508.000 501.018
1562.724 502.172
480.218 551.833
536.227 550.698
590.591 549.766
644.384 549.692
698.469 548.101
752.380 546.998
804.309 545.566
854.354 544.684
906.642 546.932
959.695 550.512
1014.774 551.998
1069.745 553.450
1124.630 554.362
1179.543 555.174
1234.913 555.257
1289.768 555.183
1344.718 555.042
1398.750 555.028
1453.112 555.205
1508.651 555.281
1563.405 556.000
1619.147 556.386
423.219 606.634
478.373 604.954
535.031 605.071
589.584 604.958
642.872 603.567
697.514 602.780
749.521 601.805
802.361 600.601
855.311 599.932
908.866 601.910
961.855 604.593
1015.790 605.944
1070.736 607.022
1124.934 608.277
1179.550 608.996
1235.041 609.132
1289.773 609.272
1343.941 609.321
1398.681 609.009
1453.609 610.065
1508.104 609.949
1563.475 609.219
1619.963 611.005
1673.344 611.965
422.162 661.365
477.240 662.002
534.400 660.941
588.453 659.916
642.002 659.695
696.542 658.885
749.020 657.507
801.492 656.952
856.299 658.564
909.378 658.545
962.942 659.585
1016.922 660.830
1072.055 661.375
1125.879 662.156
1180.012 663.357
1234.942 664.279
1289.533 664.077
1343.640 664.285
1398.976 664.939
1453.721 664.933
1507.968 665.840
1563.343 666.995
1620.100 666.287
1673.943 666.257
366.971 715.896
422.378 716.150
477.381 716.281
532.332 715.764
587.088 714.900
641.358 713.827
694.466 712.904
747.483 712.776
802.212 713.658
856.252 713.895
909.322 714.491
963.381 714.720
1017.954 715.917
1072.000 716.179
1125.983 716.447
1180.916 717.398
1233.999 717.244
1289.067 718.093
1343.997 718.446
1398.620 720.064
1453.961 720.366
1508.823 721.119
1563.321 721.371
1618.924 721.397
1673.275 721.066
1727.339 721.787
367.441 770.057
422.338 770.781
476.280 770.868
531.205 770.551
586.135 769.656
640.033 768.745
694.341 768.576
748.267 768.740
802.299 768.802
855.450 769.074
909.348 769.847
963.206 769.693
1018.127 769.854
1072.126 770.746
1126.754 771.115
1180.859 771.134
1234.946 772.093
1289.718 773.440
1343.764 773.305
1399.695 773.942
1454.241 775.176
1508.547 775.511
1563.253 776.236
1618.190 776.201
1673.312 776.029
1727.402 775.870
311.928 825.169
367.197 824.967
422.085 825.089
475.420 824.612
530.989 824.845
584.411 824.821
638.220 824.015
694.399 824.022
748.039 823.752
802.082 823.687
856.088 823.785
910.029 824.911
962.861 825.308
1018.026 825.094
1073.106 826.097
1126.654 826.187
1180.037 826.142
1235.766 826.283
1289.849 827.262
1343.930 828.228
1400.094 829.002
1454.240 829.200
1508.791 829.446
1563.195 829.433
1618.442 830.306
1673.078 830.908
1726.758 831.263
1783.413 831.280
311.299 881.108
367.045 879.976
421.259 879.741
475.224 879.971
530.175 879.565
584.119 879.058
638.195 879.966
693.272 878.901
748.088 878.614
802.156 878.949
857.018 879.922
910.435 880.023
963.363 880.993
1017.968 881.875
1072.065 881.913
1126.690 881.926
1180.064 882.196
1235.823 883.066
1290.218 882.370
1345.025 883.232
1399.881 883.982
1454.368 884.146
1508.869 885.009
1564.253 886.957
1618.405 886.930
1673.956 886.458
1726.656 887.960
1782.188 886.228
310.355 933.989
366.116 934.115
420.453 933.774
475.195 933.837
529.447 933.641
584.230 933.664
638.055 933.663
692.953 933.724
747.927 933.922
802.160 933.945
856.431 934.106
910.391 934.403
964.235 935.305
1018.213 936.202
1071.672 936.307
1126.600 936.377
1180.514 936.415
1236.030 937.123
1291.066 937.080
1345.298 937.182
1399.953 937.469
1454.373 938.445
1509.437 939.177
1565.362 939.050
1616.728 939.145
1673.409 939.144
1726.741 939.423
1781.020 940.103
309.997 987.723
365.338 988.507
420.234 988.787
474.935 987.843
529.314 988.091
584.021 988.694
637.356 988.560
693.118 988.036
747.455 988.595
801.197 988.638
856.371 988.593
910.953 989.273
965.117 990.145
1018.138 990.345
1071.964 990.935
1125.666 990.965
1179.891 990.482
1236.248 990.971
1290.443 991.079
1345.200 991.367
1399.938 991.389
1455.270 992.118
1509.361 993.160
1563.983 992.088
1617.818 991.901
1673.185 993.972
1726.854 993.932
1782.004 994.106
310.195 1043.382
365.229 1043.111
420.235 1043.331
474.007 1044.284
529.346 1044.034
583.283 1043.476
636.377 1043.461
693.404 1044.096
747.369 1043.905
801.908 1044.204
856.210 1045.003
910.446 1044.098
964.449 1043.359
1018.387 1044.152
1072.057 1044.191
1125.623 1046.029
1180.575 1047.124
1236.118 1047.347
1290.135 1046.305
1344.612 1046.225
1400.223 1046.975
1455.263 1046.476
1510.033 1047.178
1564.055 1048.165
1618.271 1048.097
1672.480 1047.362
1726.541 1048.065
1781.943 1048.273
310.053 1097.525
364.984 1097.641
419.875 1097.757
474.443 1098.042
528.414 1098.110
582.320 1098.046
637.255 1098.242
692.404 1098.975
747.434 1098.869
801.924 1098.998
856.181 1098.903
909.440 1098.897
964.982 1098.471
1018.338 1098.295
1072.141 1099.121
1126.792 1100.058
1180.629 1100.972
1235.629 1100.345
1289.968 1100.339
1344.644 1100.361
1400.095 1100.927
1455.989 1101.029
1509.976 1101.041
1563.917 1101.862
1618.029 1101.294
1671.588 1101.223
1726.672 1101.409
1781.323 1102.043
310.423 1150.785
365.084 1151.955
419.203 1152.103
473.452 1151.920
528.437 1152.249
583.019 1152.403
637.289 1152.302
692.249 1153.015
747.082 1153.307
801.013 1153.209
855.463 1153.065
909.463 1153.902
963.942 1153.371
1018.224 1153.023
1073.041 1154.099
1127.028 1154.305
1179.984 1155.257
1235.060 1155.048
1289.519 1155.047
1343.813 1155.125
1400.296 1154.266
1456.075 1155.936
1509.345 1155.950
1563.316 1155.973
1617.965 1155.372
1671.775 1156.087
1726.811 1156.132
1781.464 1156.075
310.988 1207.220
365.315 1206.676
418.457 1206.647
473.356 1206.693
528.397 1207.058
582.418 1206.782
637.165 1207.283
693.221 1207.350
746.448 1207.346
800.462 1208.251
855.338 1208.393
910.168 1209.063
963.428 1209.217
1017.761 1210.153
1073.035 1209.345
1126.836 1209.006
1179.723 1209.335
1235.815 1210.154
1289.615 1210.396
1343.881 1211.279
1400.095 1211.311
1455.128 1210.112
1509.368 1209.421
1563.205 1209.366
1617.893 1209.377
1671.982 1210.161
1725.695 1211.061
1781.222 1210.212
364.291 1261.049
418.358 1260.882
473.377 1261.042
528.330 1261.085
583.128 1261.154
637.211 1261.297
692.937 1261.369
746.345 1262.170
801.009 1262.462
855.290 1263.346
909.464 1263.268
964.021 1263.470
1017.913 1264.026
1072.045 1263.458
1126.577 1264.133
1180.034 1264.113
1235.729 1264.393
1289.983 1265.150
1344.602 1265.917
1398.907 1265.449
1453.704 1265.043
1508.759 1264.251
1563.053 1263.349
1618.000 1264.222
1672.161 1265.083
1725.850 1265.215
364.203 1315.854
418.345 1315.749
473.222 1314.914
528.303 1314.902
583.136 1315.633
637.980 1316.016
692.388 1315.939
747.187 1316.208
801.055 1316.423
855.430 1317.969
909.966 1317.440
964.059 1318.242
1017.851 1318.187
1071.838 1318.153
1125.829 1317.943
1179.914 1318.050
1235.531 1319.053
1290.092 1319.162
1344.116 1319.071
1397.905 1318.366
1452.533 1319.089
1507.701 1318.954
1562.846 1318.060
1618.038 1318.262
1672.303 1318.149
1725.604 1319.075
417.722 1369.772
472.181 1369.961
529.186 1369.764
582.352 1370.543
637.165 1369.710
693.151 1369.823
747.196 1370.596
801.026 1370.901
856.033 1371.161
909.410 1371.476
963.403 1371.430
1017.518 1371.189
1071.887 1371.974
1125.811 1372.394
1179.790 1372.225
1235.630 1373.046
1289.909 1373.131
1343.559 1372.909
1397.660 1372.259
1452.051 1372.479
1506.566 1372.408
1561.795 1372.227
1617.960 1373.141
1672.003 1373.042
418.183 1424.573
471.917 1425.150
527.922 1424.901
581.399 1423.997
637.074 1424.821
693.041 1425.172
747.267 1424.931
801.495 1425.045
855.347 1425.194
909.345 1425.187
963.421 1425.038
1017.695 1425.421
1071.822 1426.397
1125.999 1427.140
1180.770 1428.160
1234.809 1427.966
1288.922 1427.144
1343.663 1426.327
1397.843 1426.469
1451.956 1426.492
1506.637 1427.156
1562.579 1428.201
1616.768 1427.325
1671.520 1426.362
472.135 1479.003
527.133 1478.971
581.431 1478.740
636.451 1478.826
692.368 1479.075
747.308 1479.697
801.323 1478.949
855.001 1478.965
909.222 1479.597
963.132 1479.631
1017.979 1480.058
1071.863 1480.134
1126.538 1480.946
1180.035 1481.261
1233.808 1481.467
1287.962 1481.373
1342.762 1481.052
1397.745 1481.006
1452.883 1481.205
1506.872 1482.002
1561.780 1482.205
1615.767 1481.856
527.384 1532.529
581.143 1533.689
636.058 1532.973
692.464 1533.595
746.364 1534.003
800.228 1533.668
854.963 1532.549
909.064 1533.538
963.289 1533.959
1018.008 1533.973
1072.395 1534.239
1126.763 1535.303
1180.005 1535.317
1234.533 1535.260
1287.976 1536.345
1341.505 1536.344
1397.714 1535.454
1453.056 1536.396
1506.730 1536.236
1560.689 1535.270
582.127 1588.573
636.068 1589.293
692.168 1589.505
746.101 1588.845
800.066 1588.753
854.243 1588.993
908.987 1588.901
963.973 1589.462
1017.845 1590.302
1072.294 1589.456
1126.004 1589.438
1179.561 1590.240
1235.056 1591.023
1288.582 1591.309
1341.737 1592.316
1396.911 1593.371
1452.811 1592.435
1505.753 1591.193
636.393 1642.726
691.346 1642.910
745.342 1642.928
799.799 1642.941
854.135 1643.306
909.102 1644.196
963.396 1644.453
1017.670 1644.251
1071.885 1644.133
1125.827 1644.205
1180.009 1645.132
1234.518 1645.411
1288.641 1645.956
1342.648 1646.254
1396.016 1646.403
1450.729 1646.007
745.051 1697.034
798.984 1696.879
854.489 1697.048
909.206 1698.453
963.458 1698.965
1017.567 1697.842
1072.364 1698.079
1126.696 1699.257
1180.001 1699.279
1234.696 1700.009
1288.833 1700.143
1342.727 1699.939
855.435 1753.992
909.122 1753.918
962.666 1753.234
1016.822 1753.147
1073.009 1753.942
1126.941 1754.107
1179.596 1755.131
1235.557 1755.062
