100.745 18.925
109.802 18.921
118.923 18.923
128.028 18.889
137.057 18.944
146.163 18.910
155.299 18.942
82.558 28.004
91.635 27.998
100.739 27.988
109.834 27.994
118.930 27.984
127.990 28.002
137.058 28.000
146.132 28.000
155.272 28.013
164.329 28.002
173.417 27.990
64.349 37.102
73.417 37.073
82.568 37.052
91.689 37.073
100.788 37.084
109.818 37.076
118.917 37.058
127.997 37.089
137.055 37.079
146.168 37.099
155.256 37.061
164.327 37.075
173.449 37.102
182.555 37.081
191.664 37.042
55.278 46.138
64.358 46.197
73.410 46.136
82.584 46.160
91.637 46.195
100.722 46.219
109.845 46.172
118.916 46.175
128.019 46.151
137.082 46.169
146.159 46.173
155.266 46.204
164.345 46.169
173.420 46.176
182.568 46.175
191.656 46.139
200.752 46.186
46.221 55.247
55.231 55.234
64.346 55.245
73.433 55.211
82.578 55.257
91.660 55.269
100.796 55.283
109.841 55.270
118.907 55.291
127.955 55.279
137.084 55.272
146.158 55.256
155.223 55.300
164.315 55.239
173.435 55.243
182.532 55.264
191.683 55.229
200.735 55.257
209.800 55.234
37.111 64.373
46.151 64.330
55.288 64.316
64.331 64.350
73.403 64.334
82.575 64.344
91.666 64.374
100.733 64.337
109.824 64.375
118.906 64.329
128.005 64.415
137.043 64.382
146.171 64.364
155.249 64.355
164.336 64.337
173.412 64.317
182.524 64.338
191.708 64.367
200.743 64.357
209.820 64.388
218.925 64.313
37.062 73.458
46.148 73.438
55.287 73.403
64.311 73.430
73.443 73.424
82.581 73.442
91.641 73.464
100.738 73.399
109.849 73.424
118.893 73.427
128.017 73.428
137.091 73.419
146.139 73.468
155.239 73.388
164.336 73.411
173.459 73.366
182.572 73.441
191.694 73.431
200.723 73.470
209.808 73.457
218.889 73.424
27.991 82.549
37.086 82.615
46.162 82.553
55.264 82.586
64.332 82.551
73.459 82.572
82.572 82.544
91.605 82.526
100.743 82.552
109.850 82.560
118.900 82.538
127.996 82.570
137.091 82.581
146.162 82.562
155.293 82.587
164.350 82.535
173.457 82.575
182.585 82.543
191.641 82.571
200.757 82.538
209.792 82.561
218.954 82.567
227.979 82.568
27.977 91.671
37.089 91.667
46.166 91.656
55.244 91.660
64.400 91.620
73.454 91.671
82.541 91.636
91.619 91.666
100.741 91.679
109.832 91.699
118.909 91.609
128.016 91.654
137.071 91.672
146.186 91.628
155.266 91.663
164.382 91.666
173.434 91.672
182.561 91.675
191.629 91.640
200.753 91.625
209.794 91.677
218.878 91.656
228.014 91.637
18.893 100.793
28.013 100.762
37.080 100.769
46.168 100.713
55.268 100.744
64.331 100.754
73.432 100.768
82.589 100.734
91.660 100.710
100.743 100.703
109.836 100.773
118.920 100.759
128.005 100.737
137.066 100.755
146.191 100.720
155.291 100.738
164.366 100.757
173.480 100.706
182.583 100.763
191.605 100.771
200.771 100.725
209.810 100.735
218.894 100.775
228.018 100.719
237.077 100.767
18.941 109.804
28.009 109.792
37.061 109.825
46.214 109.870
55.239 109.825
64.328 109.847
73.429 109.861
82.588 109.842
91.644 109.822
100.759 109.796
109.791 109.793
118.928 109.840
127.992 109.869
137.071 109.816
146.173 109.812
155.298 109.815
164.333 109.822
173.453 109.828
182.539 109.840
191.694 109.775
200.748 109.831
209.826 109.856
218.918 109.830
228.001 109.827
237.074 109.795
18.941 118.932
28.006 118.889
37.079 118.923
46.169 118.917
55.240 118.897
64.376 118.912
73.451 118.921
82.535 118.907
91.663 118.914
100.750 118.890
109.818 118.906
118.920 118.891
127.990 118.897
137.054 118.919
146.202 118.916
155.268 118.926
164.316 118.899
173.432 118.890
182.598 118.917
191.648 118.962
200.746 118.923
209.815 118.903
218.936 118.903
228.017 118.920
237.122 118.943
18.918 127.998
28.017 127.946
37.067 127.990
46.179 127.998
55.254 128.039
64.319 127.980
73.428 127.992
82.556 127.996
91.658 128.012
100.714 127.990
109.789 127.984
118.928 128.004
128.015 127.987
137.093 127.979
146.165 127.989
155.248 128.003
164.363 128.002
173.469 127.997
182.607 127.989
191.702 128.028
200.756 128.000
209.842 127.975
218.892 127.996
228.000 128.015
237.082 127.996
18.915 137.040
28.011 137.098
37.091 137.042
46.156 137.060
55.301 137.089
64.355 137.087
73.440 137.066
82.537 137.113
91.649 137.073
100.712 137.083
109.842 137.110
118.881 137.083
128.003 137.070
137.090 137.067
146.166 137.111
155.260 137.067
164.341 137.088
173.439 137.080
182.570 137.069
191.643 137.096
200.733 137.090
209.816 137.064
218.922 137.102
227.973 137.076
237.077 137.072
18.916 146.160
28.049 146.204
37.047 146.240
46.183 146.200
55.249 146.169
64.326 146.176
73.437 146.180
82.535 146.161
91.695 146.160
100.721 146.203
109.833 146.160
118.916 146.149
128.000 146.138
137.064 146.189
146.143 146.154
155.247 146.150
164.320 146.144
173.450 146.116
182.606 146.200
191.707 146.134
200.764 146.206
209.792 146.137
218.896 146.150
227.984 146.161
237.092 146.158
18.902 155.258
27.980 155.243
37.080 155.228
46.155 155.276
55.257 155.258
64.362 155.261
73.459 155.313
82.575 155.275
91.615 155.248
100.742 155.301
109.854 155.279
118.890 155.288
127.978 155.241
137.101 155.252
146.167 155.252
155.265 155.280
164.397 155.217
173.494 155.269
182.561 155.275
191.673 155.277
200.757 155.274
209.804 155.262
218.920 155.242
227.985 155.246
237.058 155.262
28.004 164.323
37.065 164.361
46.171 164.370
55.255 164.329
64.370 164.323
73.428 164.378
82.565 164.282
91.652 164.368
100.754 164.309
109.831 164.298
118.892 164.339
128.032 164.327
137.106 164.314
146.202 164.324
155.249 164.372
164.326 164.379
173.431 164.319
182.601 164.337
191.650 164.340
200.772 164.333
209.820 164.354
218.921 164.352
228.007 164.357
28.007 173.480
37.057 173.477
46.153 173.385
55.270 173.445
64.348 173.437
73.443 173.485
82.541 173.410
91.682 173.433
100.728 173.449
109.803 173.417
118.902 173.436
127.987 173.463
137.088 173.446
146.172 173.444
155.213 173.456
164.349 173.465
173.435 173.438
182.581 173.434
191.634 173.431
200.747 173.430
209.828 173.465
218.914 173.421
227.984 173.406
37.107 182.573
46.192 182.558
55.228 182.599
64.354 182.594
73.450 182.611
82.602 182.580
91.712 182.567
100.724 182.569
109.822 182.564
118.914 182.594
127.967 182.537
137.044 182.597
146.172 182.538
155.275 182.540
164.310 182.547
173.427 182.535
182.571 182.548
191.641 182.549
200.760 182.590
209.850 182.584
218.926 182.550
37.077 191.665
46.117 191.619
55.289 191.671
64.340 191.672
73.449 191.648
82.580 191.626
91.684 191.611
100.770 191.677
109.830 191.654
118.955 191.683
127.981 191.663
137.089 191.619
146.176 191.680
155.249 191.639
164.347 191.639
173.415 191.646
182.584 191.681
191.663 191.682
200.767 191.651
209.791 191.652
218.911 191.665
46.157 200.739
55.260 200.760
64.352 200.745
73.445 200.713
82.575 200.748
91.667 200.744
100.715 200.747
109.804 200.748
118.897 200.714
128.022 200.713
137.084 200.727
146.164 200.793
155.268 200.724
164.339 200.755
173.432 200.765
182.622 200.713
191.655 200.779
200.729 200.711
209.807 200.757
55.277 209.871
64.349 209.761
73.424 209.866
82.526 209.873
91.659 209.831
100.721 209.812
109.844 209.806
118.914 209.835
128.029 209.859
137.081 209.812
146.197 209.825
155.240 209.804
164.356 209.840
173.422 209.837
182.552 209.845
191.663 209.840
200.704 209.836
64.373 218.880
73.458 218.910
82.542 218.920
91.655 218.899
100.744 218.966
109.811 218.906
118.912 218.906
128.028 218.883
137.060 218.954
146.184 218.937
155.273 218.933
164.339 218.937
173.487 218.936
182.528 218.911
191.648 218.943
82.575 228.028
91.651 227.991
100.716 228.005
109.821 227.981
118.900 228.048
127.990 227.992
137.077 228.002
146.203 227.964
155.291 227.993
164.384 227.964
173.421 227.987
100.721 237.121
109.820 237.060
118.929 237.073
128.004 237.067
137.100 237.063
146.168 237.050
155.228 237.138
