100.711 18.992
109.817 18.927
118.994 18.943
128.019 18.968
137.088 18.924
146.135 18.931
155.254 18.874
82.600 27.998
91.587 28.020
100.696 27.997
109.901 28.020
118.850 28.048
127.969 27.990
137.083 28.033
146.185 27.952
155.278 27.980
164.329 27.992
173.453 27.982
64.343 37.132
73.411 37.124
82.564 37.075
91.683 37.051
100.827 36.995
109.790 37.068
118.898 37.086
128.023 37.050
137.083 37.082
146.138 37.081
155.263 37.058
164.287 37.045
173.438 37.038
182.594 37.075
191.774 37.096
55.169 46.242
64.342 46.152
73.403 46.146
82.521 46.152
91.635 46.118
100.763 46.107
109.826 46.263
118.893 46.159
127.998 46.202
137.049 46.178
146.138 46.194
155.282 46.101
164.364 46.133
173.419 46.181
182.619 46.188
191.694 46.114
200.716 46.183
46.135 55.215
55.283 55.285
64.261 55.230
73.530 55.228
82.535 55.205
91.682 55.240
100.824 55.242
109.863 55.233
118.926 55.230
127.967 55.215
137.027 55.246
146.110 55.217
155.235 55.223
164.353 55.262
173.436 55.277
182.560 55.267
191.757 55.218
200.732 55.189
209.833 55.202
37.102 64.278
46.231 64.326
55.189 64.293
64.339 64.343
73.364 64.347
82.643 64.345
91.672 64.364
100.780 64.314
109.848 64.328
118.961 64.387
127.941 64.367
137.025 64.341
146.169 64.311
155.214 64.334
164.290 64.279
173.369 64.333
182.544 64.323
191.625 64.310
200.755 64.341
209.931 64.285
218.874 64.321
37.133 73.402
46.195 73.493
55.219 73.422
64.357 73.512
73.446 73.434
82.589 73.422
91.723 73.442
100.762 73.458
109.846 73.380
118.869 73.432
128.002 73.441
137.088 73.388
146.188 73.415
155.302 73.399
164.290 73.453
173.424 73.354
182.570 73.365
191.665 73.349
200.716 73.402
209.827 73.397
218.923 73.410
27.964 82.571
37.108 82.563
46.227 82.616
55.199 82.559
64.336 82.587
73.454 82.639
82.570 82.539
91.741 82.625
100.732 82.541
109.804 82.595
118.957 82.585
128.012 82.516
137.000 82.560
146.217 82.550
155.257 82.589
164.359 82.611
173.422 82.537
182.567 82.497
191.694 82.467
200.769 82.620
209.871 82.595
218.923 82.573
228.058 82.589
27.996 91.719
37.087 91.706
46.211 91.706
55.263 91.626
64.334 91.677
73.462 91.688
82.619 91.668
91.607 91.687
100.731 91.694
109.806 91.721
118.899 91.645
128.031 91.681
137.124 91.670
146.154 91.668
155.293 91.648
164.295 91.702
173.468 91.616
182.524 91.672
191.603 91.637
200.753 91.589
209.859 91.693
218.895 91.684
227.961 91.679
18.866 100.767
27.983 100.754
37.067 100.803
46.185 100.822
55.259 100.733
64.387 100.714
73.401 100.709
82.610 100.787
91.699 100.719
100.821 100.771
109.860 100.707
118.977 100.706
127.936 100.748
137.098 100.795
146.200 100.776
155.264 100.778
164.325 100.761
173.396 100.720
182.598 100.718
191.619 100.719
200.737 100.726
209.803 100.718
218.923 100.764
227.932 100.733
237.188 100.744
18.912 109.741
27.980 109.871
37.034 109.899
46.177 109.824
55.339 109.870
64.319 109.861
73.467 109.828
82.582 109.799
91.630 109.869
100.733 109.822
109.834 109.805
118.906 109.859
128.000 109.887
137.048 109.819
146.151 109.775
155.222 109.812
164.391 109.831
173.457 109.877
182.582 109.804
191.702 109.786
200.745 109.809
209.844 109.795
218.905 109.799
228.050 109.827
237.069 109.838
18.907 118.878
28.018 118.897
37.041 118.899
46.122 118.875
55.274 118.896
64.363 118.884
73.462 118.917
82.612 118.887
91.672 118.940
100.721 118.968
109.812 118.907
118.930 118.939
128.030 118.923
137.069 118.935
146.185 118.929
155.254 118.926
164.306 118.835
173.383 118.939
182.423 118.898
191.621 118.897
200.732 118.881
209.813 118.963
218.903 118.904
228.107 118.899
237.065 118.920
18.868 127.962
28.046 127.960
37.105 127.944
46.183 128.034
55.280 128.001
64.410 128.005
73.426 127.940
82.460 127.959
91.588 128.018
100.711 127.998
109.845 127.997
118.914 128.008
128.027 128.016
137.116 128.032
146.178 127.977
155.261 128.025
164.335 128.011
173.361 128.003
182.566 127.941
191.644 127.988
200.745 127.985
209.814 128.016
218.874 128.036
227.944 128.002
237.066 128.049
18.931 137.083
28.083 137.106
37.114 137.012
46.208 137.060
55.210 137.075
64.407 137.087
73.448 137.033
82.557 137.020
91.695 137.111
100.739 137.082
109.758 137.077
118.969 137.094
128.076 137.032
137.063 137.061
146.178 136.995
155.218 137.106
164.312 137.030
173.430 137.034
182.575 137.047
191.670 137.046
200.798 137.044
209.836 137.096
218.983 137.043
227.944 137.109
237.118 137.097
18.940 146.154
27.973 146.121
37.046 146.176
46.165 146.149
55.193 146.166
64.358 146.225
73.375 146.145
82.681 146.158
91.726 146.186
100.733 146.130
109.815 146.166
118.936 146.125
127.993 146.166
137.089 146.122
146.097 146.169
155.230 146.153
164.290 146.170
173.551 146.146
182.572 146.138
191.699 146.190
200.741 146.201
209.797 146.075
218.917 146.142
228.046 146.191
237.085 146.135
18.925 155.282
27.993 155.316
37.074 155.167
46.163 155.268
55.211 155.224
64.325 155.244
73.477 155.216
82.610 155.190
91.695 155.213
100.753 155.238
109.844 155.249
118.957 155.205
127.977 155.192
137.035 155.254
146.172 155.269
155.238 155.259
164.339 155.257
173.558 155.272
182.586 155.225
191.670 155.277
200.754 155.252
209.874 155.226
218.941 155.242
228.014 155.211
237.066 155.262
27.940 164.284
37.107 164.366
46.202 164.316
55.298 164.351
64.327 164.412
73.478 164.313
82.518 164.334
91.699 164.389
100.661 164.299
109.768 164.357
118.913 164.421
128.001 164.342
137.103 164.334
146.198 164.343
155.254 164.318
164.335 164.339
173.465 164.362
182.531 164.353
191.616 164.319
200.742 164.305
209.825 164.328
218.920 164.331
227.973 164.287
27.990 173.489
37.064 173.379
46.146 173.394
55.275 173.396
64.369 173.365
73.467 173.422
82.564 173.415
91.688 173.476
100.817 173.446
109.818 173.393
118.896 173.432
128.025 173.370
137.165 173.426
146.219 173.410
155.223 173.385
164.376 173.299
173.376 173.322
182.524 173.482
191.622 173.346
200.722 173.338
209.808 173.440
218.958 173.386
227.981 173.381
37.050 182.502
46.208 182.596
55.215 182.521
64.334 182.616
73.373 182.690
82.629 182.600
91.654 182.601
100.746 182.549
109.841 182.606
118.901 182.644
127.972 182.538
137.137 182.537
146.151 182.636
155.202 182.573
164.321 182.619
173.424 182.601
182.546 182.556
191.634 182.606
200.710 182.625
209.814 182.581
218.947 182.546
37.084 191.729
46.159 191.664
55.280 191.692
64.343 191.636
73.440 191.730
82.622 191.647
91.697 191.628
100.747 191.701
109.875 191.721
119.005 191.709
127.973 191.668
137.179 191.609
146.227 191.685
155.288 191.643
164.283 191.679
173.437 191.651
182.551 191.668
191.692 191.639
200.796 191.653
209.879 191.671
218.932 191.676
46.173 200.783
55.238 200.796
64.403 200.752
73.461 200.818
82.622 200.778
91.734 200.712
100.763 200.798
109.801 200.749
118.908 200.754
127.973 200.800
137.088 200.784
146.125 200.711
155.231 200.727
164.297 200.738
173.459 200.763
182.586 200.746
191.567 200.705
200.728 200.668
209.823 200.739
55.253 209.799
64.323 209.894
73.400 209.752
82.570 209.827
91.683 209.892
100.721 209.861
109.866 209.851
118.915 209.849
128.024 209.814
137.126 209.829
146.158 209.802
155.244 209.828
164.304 209.830
173.474 209.930
182.563 209.832
191.815 209.870
200.716 209.864
64.241 218.942
73.455 218.980
82.621 218.880
91.713 218.869
100.756 218.916
109.795 218.965
118.956 218.960
127.940 218.909
137.030 218.944
146.190 218.862
155.222 218.924
164.294 218.869
173.409 218.976
182.640 218.919
191.675 218.876
82.573 227.967
91.665 228.069
100.757 228.026
109.877 227.938
118.956 227.923
128.001 227.997
137.062 228.001
146.173 227.971
155.290 227.937
164.385 228.005
173.465 227.991
100.722 237.074
109.872 236.998
118.928 237.098
128.036 237.114
137.066 237.065
146.114 237.166
155.298 236.991
