100.867 18.962
109.979 18.988
118.938 18.948
127.967 18.956
137.041 18.954
146.081 18.943
155.074 18.983
82.863 28.003
91.870 28.014
100.953 28.002
109.959 27.991
118.980 28.039
128.010 27.979
137.029 28.011
146.059 28.017
155.105 28.000
164.056 27.994
173.139 27.995
64.042 37.038
73.113 37.041
82.886 37.004
91.877 37.026
100.916 36.993
109.952 37.035
118.990 37.036
128.032 37.051
137.023 37.018
146.033 36.992
155.045 37.015
164.088 37.050
173.106 37.032
182.845 37.020
191.892 37.025
55.091 46.016
64.122 46.082
73.143 46.068
82.882 46.047
91.871 46.054
100.892 46.049
109.941 46.127
119.001 46.071
128.010 46.074
137.051 46.050
146.067 46.093
155.047 46.064
164.110 46.043
173.116 46.051
182.860 46.023
191.923 46.046
200.909 46.089
46.078 55.075
55.091 55.106
64.118 55.049
73.849 55.078
82.875 55.092
91.903 55.073
100.897 55.058
109.960 55.069
118.936 55.055
127.994 55.059
137.009 55.091
146.016 55.063
155.088 55.096
164.077 55.079
173.116 55.066
182.879 55.095
191.900 55.111
200.901 55.107
209.931 55.089
37.030 64.109
46.018 64.125
55.080 64.110
64.106 64.074
73.151 64.087
82.855 64.154
91.866 64.103
100.936 64.107
109.981 64.069
118.960 64.075
127.976 64.126
137.009 64.073
146.020 64.076
155.070 64.111
164.161 64.122
173.161 64.107
182.845 64.075
191.905 64.107
200.953 64.106
209.965 64.107
218.930 64.088
37.010 73.108
46.085 73.144
55.099 73.142
64.099 73.833
73.141 73.139
82.916 73.135
91.905 73.154
100.923 73.146
109.965 73.125
118.965 73.161
127.990 73.130
137.025 73.124
146.012 73.137
155.102 73.169
164.130 73.110
173.136 73.131
182.876 73.144
191.898 73.141
200.877 73.162
209.961 73.092
218.984 73.150
28.039 82.899
37.015 82.900
46.061 82.879
55.064 82.820
64.098 82.864
73.138 82.861
82.907 82.870
91.876 82.861
100.914 82.820
109.937 82.836
118.984 82.879
127.969 82.840
137.011 82.861
146.050 82.896
155.082 82.876
164.087 82.872
173.131 82.900
182.867 82.154
191.915 82.152
200.942 82.891
209.907 82.820
219.003 82.921
228.003 82.850
28.019 91.905
37.031 91.910
46.011 91.875
55.112 91.893
64.144 91.857
73.109 91.894
82.897 91.889
91.909 91.905
100.960 91.945
109.929 91.932
118.955 91.870
127.998 91.908
137.040 91.841
146.035 91.893
155.044 91.906
164.121 91.878
173.144 91.877
182.856 91.876
191.896 91.914
200.896 91.880
209.925 91.895
218.982 91.904
228.016 91.890
18.989 100.882
28.029 100.901
37.017 100.926
46.034 100.914
55.080 100.926
64.099 100.905
73.114 100.942
82.842 100.905
91.853 100.906
100.942 100.936
109.929 100.949
118.961 100.895
128.017 100.950
137.050 100.907
146.035 100.945
155.058 100.929
164.102 100.895
173.143 100.943
182.896 100.926
191.888 100.914
200.904 100.935
209.971 100.903
218.958 100.886
228.003 100.927
237.009 100.915
19.008 109.937
28.007 109.933
37.008 109.945
46.046 109.905
55.102 109.955
64.122 109.926
73.135 109.930
82.893 109.947
91.890 109.955
100.893 109.952
109.922 109.966
118.990 109.924
127.985 109.917
137.039 109.962
146.036 109.947
155.045 109.977
164.116 109.967
173.126 109.974
182.865 109.945
191.880 109.958
200.914 109.925
209.956 109.923
218.972 109.961
228.006 109.956
237.021 109.936
18.939 118.960
27.979 118.961
37.016 118.976
46.105 118.979
55.057 118.976
64.137 118.931
73.166 118.991
82.860 118.985
91.866 118.986
100.942 118.952
109.938 118.973
118.966 119.000
128.008 118.951
136.997 118.938
146.056 118.975
155.066 118.985
164.090 118.988
173.107 118.982
182.110 118.938
191.904 118.989
200.930 118.957
209.975 118.989
218.931 118.979
227.957 118.969
237.052 118.983
18.954 127.939
28.033 128.002
37.023 128.030
46.063 128.007
55.079 127.974
64.118 127.980
73.160 127.988
82.164 128.020
91.883 128.006
100.942 128.019
109.942 127.998
118.952 127.989
127.995 127.995
137.058 127.983
146.065 128.015
155.076 128.002
164.098 128.006
173.120 128.010
182.849 128.031
191.904 128.001
200.898 127.997
209.937 127.978
218.988 128.043
227.991 128.037
237.048 127.991
18.998 137.032
27.961 137.030
37.014 137.026
46.063 137.028
55.065 137.027
64.094 137.011
73.154 136.995
82.894 137.014
91.888 137.006
100.947 137.029
109.984 137.020
118.971 137.058
128.003 137.005
137.022 137.064
146.051 137.015
155.056 137.053
164.115 137.036
173.145 137.063
182.882 137.002
191.892 137.050
200.961 136.996
209.947 137.027
218.991 137.051
228.015 137.013
237.032 137.028
18.969 146.046
27.990 146.017
37.014 146.028
46.039 146.041
55.107 146.080
64.144 146.021
73.118 146.049
82.850 146.045
91.925 146.075
100.923 146.055
109.932 146.016
118.983 146.054
127.965 146.052
137.008 146.017
146.025 146.036
155.106 146.061
164.111 146.066
173.849 146.041
182.863 146.047
191.906 146.048
200.922 146.045
209.947 146.052
218.944 146.028
228.028 146.052
236.992 146.095
18.993 155.067
27.980 155.096
37.045 155.076
46.042 155.077
55.100 155.055
64.112 155.028
73.162 155.077
82.894 155.079
91.910 155.083
100.918 155.044
109.982 155.037
118.945 155.083
128.006 155.084
137.032 155.086
146.074 155.067
155.114 155.074
164.120 155.034
173.860 155.101
182.887 155.081
191.887 155.096
200.930 155.074
209.994 155.108
219.015 155.042
228.050 155.091
237.006 155.098
28.022 164.096
37.006 164.109
46.071 164.079
55.066 164.092
64.121 164.097
73.154 164.102
82.859 164.142
91.907 164.118
100.928 164.086
109.979 164.101
118.996 164.085
128.007 164.080
137.015 164.047
146.055 164.120
155.099 164.107
164.112 164.104
173.157 164.064
182.857 164.105
191.879 164.126
200.924 164.108
209.947 164.057
218.968 164.128
228.012 164.079
27.981 173.129
37.027 173.134
46.028 173.123
55.072 173.168
64.136 173.125
73.122 173.121
82.866 173.088
91.909 173.165
100.920 173.130
109.996 173.128
119.004 173.142
128.019 173.138
137.038 173.130
146.061 173.138
155.067 173.141
164.061 173.126
173.134 173.136
182.849 173.104
191.872 173.125
200.937 173.121
209.924 173.152
218.937 173.131
228.011 173.087
36.992 182.869
46.046 182.894
55.108 182.882
64.088 182.883
73.128 182.900
82.894 182.885
91.891 182.898
100.925 182.884
109.970 182.903
118.968 182.845
128.013 182.866
137.044 182.875
146.034 182.784
155.047 182.842
164.071 182.826
173.091 182.846
182.871 182.897
191.877 182.863
200.912 182.854
209.932 182.901
218.968 182.862
37.068 191.910
46.028 191.903
55.077 191.917
64.119 191.927
73.126 191.855
82.878 191.911
91.932 191.884
100.919 191.928
109.958 191.920
118.965 191.954
128.002 191.906
137.060 191.900
146.057 191.933
155.077 191.897
164.140 191.873
173.129 191.869
182.862 191.911
191.928 191.878
200.900 191.927
209.921 191.890
218.987 191.907
46.045 200.912
55.090 200.957
64.119 200.956
73.163 200.930
82.879 200.959
91.933 200.925
100.927 200.939
109.905 200.913
118.966 200.953
128.017 200.903
137.028 200.910
146.091 200.901
155.094 200.963
164.091 200.941
173.153 200.929
182.857 200.911
191.894 200.937
200.954 200.910
209.988 200.915
55.111 209.957
64.091 209.976
73.141 209.957
82.892 209.925
91.896 209.945
100.968 209.954
109.970 209.920
118.910 209.949
128.018 209.925
137.027 209.970
146.046 209.963
155.101 209.953
164.090 209.965
173.124 209.969
182.854 209.995
191.904 209.950
200.929 209.956
64.118 218.972
73.129 218.987
82.901 218.976
91.884 218.996
100.878 218.989
109.955 218.959
118.978 219.001
127.999 218.972
137.026 218.968
146.057 218.959
155.116 218.998
164.094 218.970
173.121 218.992
182.876 218.963
191.883 218.975
82.859 228.005
91.888 227.981
100.894 228.019
109.967 227.996
118.962 228.030
127.992 227.999
137.031 227.968
146.058 228.027
155.068 228.021
164.089 228.006
173.118 228.015
100.906 237.007
109.946 237.031
118.959 237.017
128.014 237.041
137.024 237.069
146.057 237.010
155.091 237.018
