100.871 18.947
109.908 18.969
118.958 18.987
128.020 18.940
137.043 18.977
146.075 18.952
155.121 18.949
82.824 28.018
91.845 27.999
100.904 27.992
109.929 28.027
118.936 28.015
128.014 28.022
137.066 27.995
146.079 28.016
155.103 27.996
164.192 28.009
173.203 28.011
64.168 37.041
73.186 37.051
82.766 37.050
91.829 37.059
100.896 37.019
109.923 37.060
118.951 37.048
128.004 37.083
137.039 37.050
146.050 37.049
155.084 37.003
164.173 37.026
173.200 37.043
182.786 37.018
191.817 37.036
55.116 46.098
64.163 46.070
73.195 46.079
82.794 46.077
91.852 46.099
100.849 46.087
109.935 46.092
118.932 46.080
127.995 46.088
137.029 46.050
146.090 46.073
155.139 46.107
164.187 46.086
173.198 46.072
182.794 46.103
191.862 46.090
200.835 46.042
46.083 55.114
55.135 55.122
64.173 55.124
73.204 55.096
82.782 55.117
91.843 55.118
100.883 55.115
109.885 55.144
118.938 55.108
128.003 55.112
137.050 55.121
146.085 55.116
155.075 55.115
164.151 55.124
173.196 55.109
182.813 55.132
191.880 55.114
200.871 55.127
209.932 55.111
37.030 64.167
46.088 64.170
55.106 64.158
64.157 64.168
73.212 64.176
82.791 64.178
91.852 64.178
100.903 64.152
109.902 64.164
118.988 64.152
128.012 64.166
137.051 64.145
146.087 64.157
155.124 64.187
164.142 64.130
173.764 64.164
182.779 64.162
191.832 64.174
200.869 64.164
209.903 64.172
218.961 64.140
37.063 73.194
46.101 73.185
55.131 73.206
64.177 73.205
73.223 73.214
82.821 73.232
91.848 73.194
100.866 73.184
109.910 73.214
118.952 73.214
127.990 73.232
137.079 73.184
146.093 73.199
155.124 73.206
164.159 73.747
173.187 73.207
182.791 73.188
191.861 73.204
200.871 73.198
209.890 73.213
218.943 73.227
28.021 82.794
37.043 82.825
46.078 82.772
55.110 82.811
64.160 82.797
73.201 82.799
82.759 82.784
91.832 82.792
100.873 82.804
109.897 82.771
118.917 82.805
127.983 82.808
137.064 82.790
146.097 82.780
155.124 82.806
164.145 82.785
173.227 82.777
182.797 82.789
191.852 82.788
200.888 82.795
209.918 82.790
218.959 82.802
227.993 82.807
28.019 91.846
37.051 91.837
46.095 91.849
55.129 91.830
64.191 91.853
73.191 91.799
82.784 91.835
91.850 91.846
100.867 91.845
109.908 91.823
118.943 91.829
128.021 91.852
137.022 91.808
146.090 91.821
155.122 91.824
164.155 91.826
173.170 91.832
182.771 91.842
191.847 91.809
200.921 91.850
209.930 91.871
218.958 91.844
227.984 91.827
18.955 100.847
28.014 100.870
37.018 100.849
46.063 100.875
55.092 100.895
64.156 100.854
73.203 100.884
82.808 100.874
91.823 100.883
100.911 100.862
109.937 100.880
118.947 100.864
128.012 100.860
137.028 100.890
146.073 100.885
155.109 100.887
164.160 100.902
173.237 100.883
182.808 100.901
191.817 100.879
200.885 100.868
209.935 100.867
218.940 100.866
227.978 100.878
237.020 100.862
18.956 109.936
28.016 109.894
37.050 109.924
46.081 109.904
55.136 109.899
64.151 109.895
73.188 109.925
82.807 109.898
91.826 109.903
100.885 109.929
109.949 109.914
118.944 109.931
127.987 109.926
137.055 109.889
146.093 109.934
155.146 109.901
164.176 109.897
173.198 109.902
182.792 109.926
191.821 109.935
200.888 109.932
209.911 109.943
218.954 109.904
227.990 109.934
237.043 109.924
18.967 118.966
28.045 118.950
37.036 118.942
46.061 118.974
55.123 118.945
64.173 118.973
73.213 118.982
82.777 118.974
91.825 118.962
100.883 118.940
109.909 118.962
118.962 118.939
128.004 118.958
137.048 118.971
146.081 118.971
155.140 118.992
164.185 118.965
173.188 118.962
182.767 118.972
191.852 118.954
200.854 118.948
209.922 118.959
218.958 118.950
227.975 118.931
237.042 118.969
18.974 128.011
28.002 128.022
37.055 128.012
46.074 127.994
55.140 128.016
64.173 128.016
73.187 128.003
82.790 127.993
91.818 128.002
100.871 127.980
109.927 127.999
118.965 128.004
127.973 127.989
137.061 127.990
146.076 127.985
155.126 128.007
164.151 128.027
173.185 128.015
182.797 128.007
191.848 127.986
200.866 128.012
209.906 127.995
218.954 127.992
227.999 128.018
237.079 128.005
18.935 137.049
27.999 137.020
37.038 137.032
46.062 137.053
55.116 137.050
64.165 137.007
73.210 137.035
82.800 137.031
91.826 137.038
100.863 137.045
109.933 137.019
118.981 137.021
128.036 137.031
137.034 137.008
146.088 137.065
155.120 137.061
164.120 137.004
173.180 137.069
182.799 137.065
191.860 137.009
200.886 137.048
209.881 137.050
218.932 137.032
227.999 137.021
237.081 137.028
18.964 146.077
28.014 146.075
37.029 146.074
46.079 146.074
55.163 146.088
64.172 146.070
73.746 146.067
82.786 146.082
91.827 146.091
100.896 146.063
109.935 146.082
118.919 146.094
128.007 146.068
137.066 146.080
146.077 146.098
155.103 146.049
164.169 146.075
173.764 146.107
182.799 146.071
191.851 146.086
200.862 146.119
209.901 146.083
218.995 146.066
227.993 146.044
237.031 146.098
18.973 155.126
27.998 155.140
37.044 155.116
46.062 155.115
55.129 155.125
64.149 155.133
73.204 155.112
82.795 155.123
91.857 155.104
100.872 155.122
109.926 155.091
118.971 155.091
127.988 155.123
137.056 155.106
146.076 155.135
155.105 155.126
164.153 155.110
173.739 155.134
182.814 155.131
191.839 155.118
200.860 155.157
209.920 155.158
218.969 155.114
227.997 155.133
237.033 155.103
28.021 164.146
37.041 164.168
46.073 164.164
55.112 164.131
64.163 164.189
73.217 164.131
82.822 164.195
91.831 164.162
100.849 164.178
109.930 164.122
118.937 164.158
127.996 164.163
137.055 164.162
146.091 164.199
155.122 164.164
164.164 164.183
173.221 164.164
182.780 164.142
191.828 164.154
200.891 164.186
209.926 164.179
218.969 164.146
227.996 164.141
27.979 173.213
37.026 173.183
46.065 173.206
55.161 173.171
64.144 173.216
73.223 173.755
82.792 173.212
91.830 173.213
100.904 173.188
109.930 173.194
118.945 173.200
128.006 173.183
137.041 173.172
146.095 173.200
155.122 173.216
164.151 173.187
173.183 173.230
182.802 173.230
191.844 173.191
200.865 173.181
209.944 173.207
218.963 173.192
227.983 173.210
37.058 182.806
46.063 182.826
55.111 182.822
64.154 182.817
73.178 182.791
82.789 182.784
91.878 182.807
100.866 182.808
109.929 182.788
118.981 182.815
128.001 182.767
137.017 182.798
146.081 182.797
155.107 182.828
164.158 182.769
173.202 182.804
182.808 182.813
191.847 182.789
200.904 182.802
209.895 182.827
218.982 182.802
37.033 191.868
46.089 191.860
55.106 191.836
64.143 191.818
73.190 191.818
82.789 191.841
91.831 191.833
100.889 191.876
109.966 191.828
118.955 191.810
128.023 191.816
137.024 191.860
146.069 191.856
155.129 191.852
164.140 191.835
173.209 191.821
182.786 191.838
191.847 191.833
200.909 191.839
209.919 191.840
218.970 191.837
46.081 200.893
55.133 200.857
64.164 200.864
73.197 200.857
82.839 200.853
91.846 200.874
100.871 200.842
109.923 200.857
118.986 200.873
128.003 200.875
137.050 200.886
146.080 200.879
155.119 200.908
164.144 200.864
173.207 200.882
182.814 200.847
191.833 200.893
200.909 200.874
209.914 200.851
55.137 209.922
64.174 209.919
73.211 209.938
82.807 209.910
91.827 209.892
100.860 209.917
109.919 209.889
118.943 209.898
128.004 209.900
137.037 209.908
146.092 209.929
155.128 209.933
164.157 209.927
173.206 209.875
182.795 209.935
191.822 209.902
200.878 209.920
64.179 218.954
73.188 218.956
82.788 218.939
91.824 218.957
100.878 218.941
109.900 218.939
118.919 218.971
128.012 218.977
137.073 218.975
146.059 218.971
155.137 218.978
164.137 218.955
173.748 218.982
182.765 218.946
191.855 218.977
82.807 228.005
91.854 227.971
100.893 227.987
109.945 227.996
118.968 227.999
128.013 228.019
137.013 227.997
146.075 227.981
155.102 228.013
164.143 227.982
173.220 227.992
100.880 237.045
109.916 237.007
118.961 237.044
127.992 237.025
137.004 237.009
146.070 237.047
155.098 237.051
