100.820 19.000
109.930 19.000
119.000 19.000
128.000 19.000
137.000 19.000
146.058 19.000
155.196 19.000
82.561 28.000
91.687 28.000
100.788 28.000
109.916 28.000
119.000 28.000
128.000 28.000
137.000 28.000
146.073 28.000
155.183 28.000
164.313 28.000
173.410 28.000
64.309 37.000
73.435 37.000
82.554 37.000
91.680 37.000
100.797 37.000
109.914 37.000
119.000 37.000
128.000 37.000
137.000 37.000
146.074 37.000
155.195 37.000
164.333 37.000
173.480 37.000
182.556 37.000
191.686 37.000
55.188 46.020
64.299 46.004
73.467 46.000
82.560 46.000
91.692 46.017
100.838 46.000
109.944 46.055
119.000 46.065
128.000 46.053
137.000 46.058
146.047 46.049
155.135 46.020
164.299 46.004
173.445 46.006
182.542 46.000
191.734 46.000
200.839 46.051
46.038 55.186
55.140 55.156
64.267 55.141
73.419 55.082
82.612 55.087
91.700 55.099
100.861 55.130
109.981 55.153
119.000 55.197
128.000 55.183
137.000 55.206
146.012 55.181
155.145 55.139
164.252 55.120
173.427 55.099
182.619 55.112
191.724 55.122
200.868 55.148
209.995 55.190
37.000 64.314
46.009 64.315
55.130 64.295
64.263 64.256
73.389 64.282
82.550 64.235
91.738 64.271
100.884 64.265
110.000 64.297
119.000 64.326
128.000 64.346
137.000 64.288
146.000 64.315
155.123 64.279
164.248 64.266
173.415 64.264
182.581 64.249
191.762 64.234
200.907 64.305
210.000 64.303
219.000 64.295
37.000 73.435
46.000 73.439
55.068 73.421
64.251 73.436
73.440 73.402
82.574 73.438
91.754 73.416
100.899 73.408
109.997 73.430
119.000 73.460
128.000 73.432
137.000 73.458
146.000 73.406
155.083 73.454
164.224 73.407
173.402 73.421
182.557 73.417
191.757 73.432
200.945 73.419
210.000 73.408
219.000 73.441
28.000 82.575
37.000 82.544
46.000 82.583
55.078 82.553
64.234 82.614
73.442 82.594
82.600 82.568
91.732 82.598
100.890 82.581
110.000 82.588
119.000 82.562
128.000 82.580
137.000 82.559
146.000 82.557
155.076 82.633
164.251 82.605
173.411 82.551
182.557 82.597
191.757 82.585
200.938 82.601
210.000 82.572
219.000 82.587
228.000 82.575
28.000 91.671
37.000 91.677
46.010 91.669
55.095 91.708
64.240 91.781
73.390 91.743
82.602 91.779
91.726 91.774
100.909 91.736
110.000 91.690
119.000 91.657
128.000 91.691
137.000 91.680
146.039 91.694
155.089 91.715
164.247 91.708
173.379 91.753
182.556 91.776
191.744 91.737
200.893 91.743
209.996 91.674
219.000 91.695
228.000 91.671
19.000 100.826
28.000 100.811
37.000 100.817
46.041 100.826
55.152 100.845
64.220 100.894
73.438 100.915
82.613 100.911
91.684 100.919
100.850 100.834
109.985 100.817
119.000 100.786
128.000 100.791
137.000 100.784
146.022 100.822
155.139 100.849
164.319 100.911
173.406 100.921
182.545 100.929
191.706 100.864
200.859 100.845
210.000 100.805
219.000 100.795
228.000 100.803
237.000 100.805
19.000 109.951
28.000 109.913
37.000 109.924
46.077 109.913
55.198 109.986
64.330 109.993
73.425 110.000
82.581 110.000
91.713 110.000
100.836 109.973
109.932 109.953
119.000 109.920
128.000 109.924
137.000 109.924
146.046 109.940
155.149 109.967
164.305 109.993
173.436 110.000
182.558 110.000
191.676 110.000
200.816 109.976
209.951 109.924
219.000 109.897
228.000 109.911
237.000 109.918
19.000 119.000
28.000 119.000
37.000 119.000
46.051 119.000
55.203 119.000
64.311 119.000
73.453 119.000
82.556 119.000
91.678 119.000
100.779 119.000
109.911 119.000
119.000 119.000
128.000 119.000
137.000 119.000
146.101 119.000
155.179 119.000
164.318 119.000
173.442 119.000
182.574 119.000
191.717 119.000
200.815 119.000
209.925 119.000
219.000 119.000
228.000 119.000
237.000 119.000
19.000 128.000
28.000 128.000
37.000 128.000
46.096 128.000
55.221 128.000
64.297 128.000
73.424 128.000
82.547 128.000
91.672 128.000
100.802 128.000
109.892 128.000
119.000 128.000
128.000 128.000
137.000 128.000
146.094 128.000
155.225 128.000
164.347 128.000
173.436 128.000
182.568 128.000
191.662 128.000
200.794 128.000
209.921 128.000
219.000 128.000
228.000 128.000
237.000 128.000
19.000 137.000
28.000 137.000
37.000 137.000
46.090 137.000
55.163 137.000
64.322 137.000
73.406 137.000
82.535 137.000
91.696 137.000
100.826 137.000
109.924 137.000
119.000 137.000
128.000 137.000
137.000 137.000
146.057 137.000
155.189 137.000
164.328 137.000
173.445 137.000
182.549 137.000
191.701 137.000
200.800 137.000
209.933 137.000
219.000 137.000
228.000 137.000
237.000 137.000
19.000 146.073
28.000 146.109
37.000 146.082
46.062 146.050
55.185 146.040
64.341 146.000
73.423 146.000
82.584 146.000
91.685 146.000
100.824 146.028
109.957 146.057
119.000 146.081
128.000 146.096
137.000 146.069
146.055 146.071
155.216 146.044
164.343 146.000
173.445 146.000
182.540 146.005
191.721 146.000
200.831 146.033
209.917 146.064
219.000 146.122
228.000 146.108
237.000 146.084
19.000 155.222
28.000 155.214
37.000 155.205
46.023 155.213
55.147 155.158
64.264 155.107
73.454 155.083
82.566 155.028
91.749 155.123
100.861 155.122
109.960 155.142
119.000 155.174
128.000 155.213
137.000 155.176
146.056 155.168
155.129 155.146
164.285 155.100
173.434 155.060
182.575 155.038
191.717 155.117
200.870 155.127
209.970 155.162
219.000 155.199
228.000 155.216
237.000 155.210
28.000 164.331
37.000 164.316
46.001 164.287
55.105 164.277
64.262 164.188
73.426 164.283
82.544 164.248
91.774 164.274
100.910 164.272
110.000 164.340
119.000 164.300
128.000 164.336
137.000 164.318
146.000 164.310
155.120 164.267
164.255 164.210
173.412 164.268
182.564 164.216
191.771 164.238
200.864 164.264
210.000 164.305
219.000 164.310
228.000 164.298
28.000 173.416
37.000 173.443
46.000 173.433
55.092 173.434
64.225 173.394
73.428 173.446
82.575 173.426
91.781 173.475
100.939 173.438
110.000 173.446
119.000 173.467
128.000 173.432
137.000 173.435
146.000 173.410
155.080 173.420
164.237 173.400
173.446 173.396
182.578 173.412
191.739 173.424
200.952 173.419
210.000 173.443
219.000 173.453
228.000 173.435
37.000 182.522
46.000 182.552
55.094 182.588
64.242 182.535
73.447 182.577
82.616 182.601
91.738 182.564
100.924 182.605
110.000 182.589
119.000 182.557
128.000 182.542
137.000 182.557
146.000 182.547
155.043 182.575
164.254 182.598
173.414 182.555
182.550 182.571
191.759 182.573
200.923 182.614
210.000 182.587
219.000 182.572
37.000 191.680
46.000 191.656
55.122 191.744
64.288 191.808
73.435 191.744
82.598 191.734
91.767 191.765
100.890 191.718
110.000 191.731
119.000 191.672
128.000 191.673
137.000 191.677
146.000 191.688
155.099 191.753
164.247 191.789
173.393 191.731
182.632 191.732
191.747 191.765
200.897 191.727
209.998 191.684
219.000 191.680
46.065 200.816
55.168 200.808
64.260 200.883
73.427 200.902
82.572 200.957
91.753 200.905
100.853 200.879
109.955 200.850
119.000 200.793
128.000 200.795
137.000 200.793
146.052 200.813
155.156 200.856
164.291 200.891
173.435 200.950
182.579 200.917
191.745 200.904
200.865 200.838
209.980 200.817
55.178 209.960
64.309 210.000
73.429 210.000
82.579 210.000
91.745 209.991
100.838 209.959
109.955 209.944
119.000 209.913
128.000 209.895
137.000 209.937
146.048 209.942
155.172 209.975
164.310 209.986
173.418 210.000
182.548 210.000
191.681 210.000
200.809 209.976
64.337 219.000
73.428 219.000
82.544 219.000
91.660 219.000
100.796 219.000
109.887 219.000
119.000 219.000
128.000 219.000
137.000 219.000
146.085 219.000
155.222 219.000
164.330 219.000
173.419 219.000
182.592 219.000
191.677 219.000
82.584 228.000
91.688 228.000
100.770 228.000
109.928 228.000
119.000 228.000
128.000 228.000
137.000 228.000
146.079 228.000
155.196 228.000
164.338 228.000
173.424 228.000
100.831 237.000
109.913 237.000
119.000 237.000
128.000 237.000
137.000 237.000
146.076 237.000
155.202 237.000
