100.797 18.851
109.913 18.815
118.959 18.826
128.014 18.860
137.073 18.823
146.077 18.841
155.205 18.827
82.585 27.903
91.681 27.902
100.753 27.962
109.856 27.934
118.909 27.948
128.008 27.942
137.120 27.998
146.156 27.955
155.225 27.991
164.272 27.924
173.408 27.924
64.232 36.966
73.381 36.947
82.594 36.977
91.642 37.068
100.747 37.027
109.875 37.033
118.938 37.051
128.000 37.092
137.052 37.034
146.152 37.052
155.240 37.028
164.335 37.012
173.406 36.994
182.604 36.930
191.760 36.987
55.074 46.003
64.248 46.063
73.327 46.037
82.582 46.025
91.701 46.076
100.793 46.105
109.893 46.123
118.959 46.102
128.013 46.131
137.070 46.144
146.129 46.154
155.188 46.108
164.282 46.089
173.369 46.039
182.650 46.013
191.733 46.048
200.910 46.029
45.995 55.120
55.142 55.140
64.217 55.054
73.287 55.083
82.625 55.095
91.725 55.131
100.802 55.168
109.867 55.184
118.919 55.226
128.025 55.239
137.083 55.257
146.131 55.230
155.192 55.192
164.266 55.112
173.351 55.102
182.633 55.084
191.756 55.099
200.849 55.176
209.975 55.132
36.958 64.227
46.037 64.266
55.096 64.226
64.193 64.192
73.288 64.204
82.661 64.185
91.752 64.217
100.838 64.228
109.902 64.264
118.935 64.354
127.964 64.344
137.072 64.337
146.102 64.270
155.139 64.268
164.235 64.234
173.323 64.196
182.660 64.223
191.763 64.180
200.943 64.246
209.928 64.294
219.015 64.234
36.906 73.385
46.051 73.332
55.116 73.322
64.178 73.287
73.307 73.320
82.648 73.333
91.763 73.317
100.890 73.353
109.908 73.353
118.968 73.403
127.995 73.423
137.034 73.408
146.102 73.416
155.111 73.394
164.214 73.546
173.353 73.325
182.614 73.337
191.778 73.352
200.878 73.318
209.922 73.360
219.048 73.361
27.884 82.537
37.017 82.595
46.058 82.585
55.099 82.613
64.192 82.620
73.279 82.665
82.641 82.643
91.793 82.666
100.892 82.660
109.908 82.628
118.936 82.612
127.986 82.590
137.022 82.569
146.084 82.627
155.149 82.661
164.218 82.670
173.311 82.698
182.648 82.636
191.812 82.667
200.916 82.627
209.930 82.630
218.983 82.632
228.061 82.598
27.915 91.667
37.013 91.661
46.088 91.712
55.127 91.695
64.206 91.770
73.314 91.800
82.629 91.728
91.771 91.773
100.848 91.730
109.922 91.699
118.957 91.648
127.980 91.654
137.067 91.682
146.065 91.706
155.137 91.746
164.221 91.807
173.311 91.795
182.671 91.797
191.801 91.754
200.854 91.740
209.955 91.715
218.960 91.668
228.081 91.710
18.867 100.774
27.993 100.773
37.033 100.732
46.098 100.756
55.196 100.809
64.223 100.837
73.347 100.870
82.638 100.881
91.748 100.848
100.796 100.808
109.873 100.810
118.968 100.775
128.005 100.747
137.043 100.755
146.127 100.776
155.164 100.847
164.263 100.850
173.319 100.890
182.609 100.862
191.757 100.855
200.817 100.803
209.874 100.820
218.964 100.761
228.032 100.791
237.184 100.811
18.829 109.898
27.929 109.864
37.089 109.865
46.146 109.873
55.192 109.872
64.283 109.903
73.350 109.912
82.597 109.888
91.723 109.927
100.786 109.898
109.843 109.866
118.920 109.867
128.044 109.840
137.065 109.845
146.130 109.841
155.183 109.891
164.283 109.872
173.368 109.914
182.569 109.910
191.706 109.903
200.807 109.899
209.865 109.896
218.957 109.860
228.076 109.856
237.172 109.875
18.779 118.943
27.954 118.885
37.071 118.874
46.125 118.949
55.213 118.949
64.327 118.952
73.379 118.962
82.576 118.927
91.696 118.950
100.756 118.940
109.860 118.926
118.941 118.911
127.999 118.961
137.098 118.929
146.127 118.925
155.213 118.915
164.335 118.956
173.403 118.970
182.568 118.945
191.654 118.938
200.778 118.931
209.855 118.921
218.924 118.916
228.028 118.898
237.147 118.959
18.845 127.979
27.949 128.019
37.088 128.021
46.153 128.030
55.275 128.035
64.342 127.979
73.388 127.998
82.576 127.997
91.617 127.990
100.754 128.005
109.824 128.007
118.917 127.982
128.009 128.021
137.069 127.984
146.176 127.988
155.232 128.023
164.343 128.017
173.417 128.026
182.583 127.981
191.657 127.993
200.780 127.989
209.851 127.994
218.939 127.973
228.031 128.004
237.140 127.985
18.853 137.030
27.959 137.057
37.075 137.082
46.106 137.040
55.242 137.044
64.343 137.049
73.420 137.054
82.592 137.047
91.682 137.041
100.766 137.064
109.862 137.089
118.948 137.058
128.034 137.091
137.076 137.033
146.133 137.098
155.211 137.076
164.361 137.065
173.433 137.061
182.573 137.058
191.691 137.073
200.804 137.068
209.883 137.053
218.934 137.078
228.047 137.075
237.167 137.052
18.828 146.124
27.957 146.179
37.033 146.146
46.113 146.115
55.179 146.125
64.278 146.072
73.388 146.101
82.625 146.084
91.694 146.105
100.767 146.119
109.838 146.135
118.913 146.142
127.995 146.160
137.103 146.132
146.125 146.131
155.210 146.102
164.303 146.097
173.483 146.093
182.641 146.102
191.717 146.121
200.814 146.114
209.906 146.142
218.933 146.136
228.066 146.144
237.180 146.088
18.863 155.197
27.933 155.229
37.041 155.266
46.101 155.212
55.177 155.192
64.240 155.164
73.366 155.125
82.636 155.118
91.764 155.145
100.840 155.180
109.884 155.198
118.920 155.226
128.012 155.230
137.042 155.258
146.120 155.216
155.161 155.159
164.266 155.122
173.553 155.139
182.686 155.138
191.766 155.155
200.852 155.182
209.887 155.222
218.996 155.238
228.041 155.228
237.133 155.213
27.899 164.342
37.010 164.356
46.084 164.274
55.146 164.247
64.199 164.237
73.324 164.234
82.662 164.203
91.762 164.236
100.843 164.248
109.866 164.297
118.925 164.340
128.013 164.338
137.067 164.347
146.096 164.304
155.112 164.266
164.261 164.245
173.333 164.227
182.684 164.228
191.829 164.208
200.857 164.276
209.934 164.297
218.984 164.332
228.103 164.324
27.922 173.432
37.010 173.378
46.042 173.399
55.102 173.390
64.203 173.363
73.316 173.577
82.650 173.360
91.816 173.318
100.908 173.331
109.934 173.349
118.967 173.401
128.019 173.412
137.039 173.411
146.081 173.395
155.143 173.348
164.246 173.366
173.344 173.341
182.669 173.389
191.839 173.346
200.913 173.373
209.955 173.363
218.993 173.402
228.063 173.434
36.965 182.624
46.014 182.677
55.110 182.664
64.229 182.671
73.325 182.684
82.643 182.660
91.785 182.664
100.865 182.650
109.898 182.626
118.930 182.577
128.008 182.584
137.053 182.598
146.100 182.609
155.118 182.677
164.225 182.683
173.364 182.698
182.697 182.697
191.801 182.682
200.923 182.705
209.948 182.691
219.055 182.648
36.961 191.728
46.073 191.732
55.095 191.752
64.225 191.778
73.351 191.755
82.615 191.792
91.763 191.760
100.897 191.764
109.908 191.711
118.947 191.677
128.014 191.666
137.050 191.683
146.129 191.707
155.163 191.774
164.260 191.811
173.351 191.807
182.694 191.775
191.833 191.813
200.913 191.800
209.935 191.776
219.014 191.816
46.008 200.816
55.170 200.830
64.248 200.901
73.335 200.925
82.608 200.904
91.721 200.871
100.844 200.829
109.883 200.779
118.964 200.763
128.045 200.745
137.076 200.762
146.145 200.781
155.255 200.820
164.261 200.847
173.327 200.897
182.687 200.897
191.810 200.918
200.901 200.866
210.013 200.926
55.126 209.986
64.282 209.931
73.349 209.977
82.588 209.944
91.724 209.917
100.809 209.919
109.907 209.881
118.908 209.900
127.990 209.851
137.084 209.863
146.131 209.878
155.210 209.916
164.323 209.917
173.383 209.977
182.674 209.948
191.789 209.965
200.938 209.993
64.258 219.013
73.381 219.034
82.615 218.975
91.647 218.973
100.772 218.962
109.863 218.964
118.929 218.944
128.011 218.952
137.067 218.936
146.142 218.944
155.263 218.948
164.316 218.977
173.534 218.979
182.642 219.056
191.818 219.024
82.597 228.060
91.696 228.100
100.771 228.026
109.837 228.081
118.916 228.064
127.987 228.034
137.075 228.041
146.165 228.052
155.248 228.057
164.300 228.099
173.430 228.100
100.808 237.161
109.867 237.176
118.927 237.187
128.019 237.158
137.056 237.171
146.101 237.175
155.211 237.157
