100.786 18.853
109.893 18.823
118.963 18.832
128.028 18.810
137.059 18.823
146.133 18.825
155.198 18.816
82.561 27.914
91.643 27.856
100.761 27.972
109.821 27.954
118.924 27.951
127.989 27.912
137.085 27.970
146.160 27.962
155.221 27.956
164.303 27.929
173.388 27.926
64.236 36.945
73.378 36.934
82.555 37.026
91.658 37.013
100.757 37.029
109.847 37.007
118.910 37.072
128.004 37.067
137.045 37.059
146.170 37.057
155.246 37.023
164.348 37.007
173.371 37.027
182.624 36.967
191.769 36.988
55.127 45.988
64.260 46.064
73.319 46.055
82.603 46.019
91.675 46.071
100.754 46.107
109.891 46.104
118.951 46.128
127.998 46.143
137.053 46.134
146.120 46.162
155.214 46.103
164.291 46.083
173.371 46.071
182.646 46.027
191.712 46.061
200.888 45.996
46.008 55.127
55.124 55.141
64.222 55.081
73.299 55.095
82.613 55.106
91.730 55.132
100.806 55.154
109.865 55.196
118.914 55.222
128.020 55.228
137.069 55.256
146.114 55.201
155.170 55.170
164.248 55.134
173.337 55.117
182.665 55.120
191.753 55.111
200.812 55.160
209.948 55.102
36.952 64.228
46.055 64.241
55.103 64.224
64.187 64.190
73.304 64.189
82.580 64.199
91.765 64.171
100.852 64.268
109.872 64.269
118.937 64.324
128.010 64.336
137.047 64.325
146.129 64.305
155.169 64.241
164.226 64.228
173.518 64.239
182.647 64.241
191.787 64.231
200.891 64.254
209.912 64.259
219.030 64.238
36.910 73.371
46.023 73.339
55.078 73.321
64.209 73.343
73.307 73.307
82.598 73.308
91.775 73.324
100.844 73.343
109.885 73.324
118.942 73.452
127.995 73.420
137.046 73.426
146.070 73.383
155.144 73.371
164.206 73.548
173.342 73.325
182.654 73.329
191.811 73.337
200.911 73.344
209.922 73.348
219.056 73.410
27.903 82.543
37.018 82.607
46.065 82.586
55.086 82.583
64.185 82.647
73.300 82.660
82.599 82.641
91.736 82.626
100.868 82.634
109.914 82.625
118.959 82.589
128.005 82.587
137.044 82.569
146.093 82.627
155.142 82.686
164.219 82.703
173.328 82.704
182.650 82.619
191.789 82.663
200.896 82.661
209.933 82.594
218.990 82.610
228.070 82.615
27.899 91.686
37.000 91.690
46.076 91.685
55.147 91.714
64.206 91.758
73.310 91.786
82.634 91.754
91.750 91.751
100.853 91.764
109.892 91.705
118.970 91.670
128.025 91.659
137.066 91.682
146.125 91.711
155.164 91.724
164.241 91.763
173.325 91.769
182.650 91.797
191.810 91.772
200.853 91.762
209.910 91.713
218.971 91.659
228.110 91.690
18.841 100.788
27.928 100.739
37.040 100.740
46.093 100.771
55.154 100.812
64.240 100.852
73.311 100.860
82.641 100.855
91.736 100.856
100.835 100.855
109.864 100.762
118.917 100.764
128.004 100.738
137.056 100.787
146.127 100.767
155.176 100.783
164.249 100.855
173.312 100.869
182.642 100.877
191.727 100.873
200.842 100.819
209.912 100.799
218.948 100.746
228.055 100.770
237.137 100.819
18.798 109.886
27.938 109.824
37.049 109.871
46.139 109.850
55.206 109.870
64.271 109.852
73.343 109.921
82.577 109.882
91.691 109.918
100.807 109.899
109.881 109.879
118.926 109.854
128.001 109.840
137.090 109.852
146.159 109.869
155.226 109.895
164.316 109.880
173.347 109.911
182.607 109.901
191.685 109.894
200.781 109.861
209.885 109.887
218.960 109.831
228.073 109.838
237.171 109.914
18.840 118.932
27.940 118.882
37.081 118.909
46.121 118.914
55.226 118.946
64.307 118.917
73.404 118.955
82.608 118.951
91.665 118.918
100.778 118.932
109.858 118.926
118.924 118.939
128.012 118.932
137.063 118.928
146.150 118.922
155.232 118.940
164.338 118.990
173.432 118.966
182.601 118.936
191.672 118.949
200.766 118.945
209.885 118.903
218.958 118.926
228.025 118.928
237.135 118.919
18.829 128.018
27.949 127.989
37.094 128.000
46.172 128.014
55.249 127.979
64.318 127.973
73.400 127.983
82.580 128.001
91.643 127.979
100.740 128.000
109.816 128.005
118.930 127.996
128.012 128.000
137.070 128.020
146.166 128.026
155.251 128.032
164.337 128.008
173.408 128.023
182.586 127.984
191.671 128.022
200.777 127.988
209.845 128.004
218.947 127.992
228.029 128.004
237.167 128.000
18.838 137.073
27.923 137.088
37.059 137.074
46.152 137.087
55.222 137.058
64.332 137.051
73.385 137.061
82.580 137.040
91.667 137.031
100.769 137.062
109.850 137.063
118.923 137.068
127.985 137.068
137.085 137.045
146.153 137.054
155.231 137.057
164.322 137.059
173.402 137.035
182.595 137.047
191.646 137.059
200.792 137.075
209.841 137.056
218.948 137.071
228.030 137.093
237.161 137.050
18.830 146.130
27.923 146.143
37.068 146.141
46.126 146.104
55.201 146.128
64.279 146.119
73.516 146.088
82.616 146.100
91.724 146.108
100.763 146.112
109.857 146.127
118.919 146.133
128.019 146.180
137.054 146.155
146.121 146.167
155.196 146.102
164.335 146.096
173.545 146.049
182.613 146.101
191.701 146.116
200.817 146.144
209.879 146.133
218.947 146.161
228.061 146.144
237.155 146.092
18.833 155.221
27.971 155.217
37.036 155.234
46.114 155.242
55.184 155.194
64.261 155.148
73.339 155.120
82.676 155.112
91.740 155.145
100.836 155.174
109.868 155.213
118.917 155.217
128.016 155.260
137.039 155.266
146.125 155.227
155.177 155.169
164.264 155.159
173.525 155.128
182.669 155.147
191.756 155.147
200.825 155.188
209.924 155.216
218.949 155.231
228.073 155.220
237.143 155.213
27.882 164.296
37.002 164.323
46.112 164.273
55.135 164.247
64.198 164.232
73.334 164.205
82.670 164.222
91.786 164.218
100.862 164.252
109.913 164.300
118.942 164.305
128.014 164.339
137.087 164.334
146.106 164.315
155.162 164.301
164.258 164.227
173.534 164.252
182.684 164.220
191.800 164.234
200.872 164.282
209.950 164.306
218.965 164.348
228.079 164.339
27.942 173.430
37.011 173.397
46.081 173.402
55.120 173.362
64.214 173.334
73.328 173.576
82.663 173.331
91.785 173.297
100.873 173.295
109.902 173.373
118.954 173.413
128.003 173.408
137.051 173.423
146.097 173.365
155.132 173.400
164.251 173.368
173.334 173.350
182.685 173.367
191.815 173.341
200.922 173.348
209.976 173.392
219.020 173.401
228.095 173.410
36.960 182.614
46.050 182.630
55.099 182.655
64.200 182.669
73.310 182.704
82.632 182.677
91.774 182.671
100.860 182.675
109.923 182.606
118.961 182.576
127.977 182.569
137.031 182.598
146.125 182.676
155.138 182.684
164.243 182.688
173.331 182.695
182.732 182.704
191.789 182.684
200.898 182.688
209.955 182.684
219.051 182.638
36.949 191.736
46.078 191.724
55.131 191.741
64.206 191.764
73.345 191.788
82.608 191.783
91.781 191.764
100.856 191.767
109.898 191.683
118.941 191.670
128.017 191.655
137.085 191.670
146.119 191.671
155.157 191.765
164.262 191.821
173.352 191.845
182.669 191.788
191.828 191.815
200.919 191.793
209.948 191.768
219.063 191.818
46.027 200.853
55.199 200.821
64.243 200.896
73.331 200.909
82.642 200.859
91.739 200.879
100.820 200.808
109.878 200.823
118.968 200.775
127.997 200.748
137.070 200.780
146.144 200.816
155.202 200.849
164.273 200.888
173.347 200.914
182.703 200.914
191.815 200.921
200.854 200.891
210.023 200.909
55.138 209.985
64.262 209.936
73.345 209.958
82.615 209.945
91.726 209.929
100.827 209.923
109.903 209.865
118.935 209.858
127.981 209.851
137.065 209.853
146.128 209.873
155.202 209.894
164.306 209.896
173.397 209.977
182.684 209.995
191.746 209.934
200.883 210.009
64.226 219.036
73.401 219.086
82.593 218.984
91.683 218.949
100.740 218.958
109.872 218.940
118.895 218.953
128.014 218.964
137.070 218.951
146.137 218.953
155.242 218.968
164.340 218.966
173.549 218.993
182.642 219.075
191.793 219.027
82.599 228.091
91.703 228.100
100.769 228.056
109.832 228.047
118.929 228.071
127.973 228.050
137.047 228.059
146.160 228.044
155.237 228.050
164.314 228.111
173.433 228.081
100.802 237.130
109.885 237.173
118.948 237.180
128.004 237.158
137.039 237.185
146.103 237.187
155.211 237.146
