100.937 18.981
109.931 18.991
118.983 18.946
128.021 18.948
136.988 18.941
146.014 18.988
155.105 18.927
82.861 28.007
91.892 27.973
100.910 28.006
109.961 27.995
118.963 27.965
127.981 27.959
137.030 27.989
146.071 28.037
155.065 27.983
164.096 28.018
173.155 27.989
64.073 37.058
73.132 37.020
82.880 37.023
91.902 37.016
100.932 37.060
109.941 37.017
118.954 37.025
127.982 36.991
137.014 37.015
146.041 37.033
155.071 37.055
164.129 37.001
173.142 37.044
182.884 37.011
191.942 37.033
55.066 46.089
64.122 46.066
73.101 46.061
82.889 46.041
91.882 46.075
100.928 46.030
109.962 45.995
118.975 46.085
127.975 46.046
136.998 46.042
146.059 46.070
155.078 46.089
164.090 46.062
173.100 46.039
182.858 46.039
191.937 46.070
200.893 46.056
46.030 55.073
55.050 55.072
64.116 55.086
73.861 55.068
82.871 55.037
91.935 55.075
100.929 55.101
109.980 55.107
118.936 55.074
127.997 55.081
137.023 55.043
146.033 55.090
155.089 55.061
164.134 55.085
173.115 55.094
182.870 55.069
191.882 55.052
200.903 55.063
210.000 55.052
37.038 64.120
46.033 64.144
55.075 64.074
64.108 64.078
73.110 64.116
82.881 64.123
91.874 64.107
100.914 64.124
109.933 64.092
119.006 64.103
128.026 64.096
137.041 64.088
146.066 64.103
155.053 64.104
164.078 64.108
173.120 64.131
182.847 64.099
191.877 64.124
200.906 64.096
209.989 64.105
218.974 64.104
37.032 73.145
46.016 73.125
55.089 73.159
64.065 73.851
73.084 73.092
82.868 73.181
91.888 73.150
100.892 73.094
109.909 73.109
119.006 73.105
127.998 73.158
137.034 73.141
146.031 73.090
155.077 73.165
164.126 73.105
173.147 73.126
182.886 73.149
191.922 73.116
200.907 73.141
209.943 73.162
218.954 73.091
28.010 82.854
37.003 82.861
46.053 82.876
55.071 82.903
64.102 82.877
73.121 82.885
82.869 82.871
91.877 82.837
100.919 82.878
109.927 82.896
118.962 82.859
128.001 82.884
137.044 82.850
146.080 82.844
155.087 82.861
164.116 82.858
173.139 82.847
182.840 82.144
191.897 82.122
200.969 82.880
209.975 82.865
218.938 82.895
228.016 82.876
27.977 91.926
36.988 91.885
46.030 91.877
55.097 91.866
64.084 91.889
73.122 91.883
82.886 91.883
91.897 91.912
100.884 91.866
109.955 91.920
118.967 91.880
127.998 91.899
137.003 91.869
146.044 91.903
155.094 91.884
164.123 91.889
173.140 91.897
182.893 91.907
191.901 91.925
200.943 91.925
209.997 91.897
218.969 91.899
228.000 91.890
18.964 100.879
28.023 100.891
36.993 100.950
46.084 100.923
55.079 100.934
64.053 100.945
73.139 100.915
82.872 100.920
91.904 100.915
100.938 100.916
109.948 100.948
118.990 100.958
128.010 100.926
137.008 100.855
146.061 100.939
155.086 100.915
164.104 100.918
173.106 100.913
182.846 100.928
191.870 100.925
200.937 100.931
209.922 100.954
218.968 100.915
227.998 100.920
236.992 100.904
18.995 109.975
27.993 109.923
37.056 109.932
46.045 109.950
55.080 109.958
64.053 110.001
73.153 109.934
82.878 109.934
91.891 109.951
100.902 109.963
109.945 109.932
119.013 109.948
127.974 109.963
137.035 109.945
146.039 109.958
155.085 109.964
164.131 109.907
173.130 109.939
182.858 109.940
191.895 109.960
200.903 109.919
209.940 109.955
219.026 109.954
227.994 109.957
236.987 109.939
18.978 118.999
28.022 118.963
37.045 118.944
46.030 118.994
55.069 119.019
64.120 118.995
73.122 118.959
82.893 118.983
91.892 118.971
100.916 118.938
109.936 119.014
118.996 118.952
128.010 118.989
137.004 118.952
146.073 118.972
155.088 118.957
164.109 118.973
173.144 118.995
182.162 118.980
191.893 118.995
200.889 118.943
209.953 118.947
218.963 118.970
228.020 118.983
237.016 118.940
19.008 127.987
28.006 127.992
37.042 128.010
46.052 128.025
55.104 127.986
64.100 127.955
73.174 127.984
82.150 128.050
91.909 127.994
100.942 128.038
109.939 128.031
118.984 128.003
128.001 127.979
137.027 128.011
146.045 128.001
155.053 127.992
164.088 127.976
173.121 127.996
182.873 127.977
191.909 127.988
200.903 127.995
209.971 127.981
218.916 127.975
228.000 127.993
237.019 127.961
19.008 137.021
27.993 137.039
37.049 137.039
46.022 137.019
55.077 137.021
64.104 137.025
73.126 137.008
82.870 136.987
91.898 137.045
100.908 137.033
109.928 137.009
118.982 137.043
127.995 137.009
137.016 137.011
146.071 137.028
155.085 137.040
164.070 137.025
173.178 137.075
182.885 137.020
191.911 137.013
200.946 137.059
209.953 137.005
218.968 137.018
228.046 137.014
237.048 137.026
18.930 146.034
28.017 146.068
37.009 146.069
46.052 146.050
55.081 146.081
64.126 146.009
73.112 146.052
82.873 146.047
91.895 146.062
100.910 146.053
109.925 146.041
118.959 146.059
127.984 146.021
137.015 146.036
146.056 146.047
155.049 146.044
164.111 146.071
173.821 146.028
182.838 146.063
191.852 146.080
200.940 146.033
209.921 146.043
218.968 146.023
227.983 146.028
237.039 146.038
18.955 155.087
27.985 155.090
37.038 155.044
46.064 155.085
55.049 155.113
64.106 155.089
73.143 155.091
82.862 155.089
91.872 155.078
100.921 155.028
109.932 155.078
118.985 155.059
127.993 155.101
137.025 155.067
146.045 155.090
155.065 155.088
164.081 155.073
173.837 155.081
182.847 155.069
191.905 155.090
200.932 155.082
209.946 155.107
218.991 155.077
228.000 155.125
237.037 155.102
27.987 164.100
36.981 164.122
46.075 164.095
55.122 164.117
64.117 164.119
73.132 164.096
82.862 164.090
91.881 164.100
100.948 164.072
109.929 164.067
118.957 164.092
128.019 164.115
137.071 164.111
146.015 164.091
155.096 164.063
164.098 164.123
173.132 164.104
182.885 164.084
191.859 164.108
200.904 164.110
209.917 164.107
218.943 164.101
228.041 164.079
28.004 173.120
37.041 173.145
46.050 173.148
55.082 173.130
64.103 173.131
73.128 173.123
82.889 173.094
91.888 173.111
100.870 173.099
109.946 173.124
118.971 173.173
128.005 173.134
137.024 173.133
146.032 173.150
155.069 173.158
164.139 173.115
173.095 173.144
182.883 173.117
191.896 173.147
200.916 173.131
209.951 173.154
218.990 173.128
227.986 173.142
37.053 182.854
46.070 182.847
55.093 182.822
64.124 182.839
73.132 182.880
82.867 182.856
91.933 182.845
100.927 182.836
109.968 182.855
118.980 182.883
128.014 182.911
137.034 182.858
146.063 182.873
155.082 182.842
164.119 182.860
173.116 182.902
182.876 182.887
191.914 182.858
200.897 182.869
209.965 182.855
218.988 182.873
37.040 191.901
45.996 191.893
55.077 191.903
64.121 191.863
73.118 191.899
82.862 191.906
91.875 191.828
100.905 191.886
109.989 191.847
118.964 191.921
127.968 191.880
137.007 191.894
146.052 191.856
155.060 191.879
164.131 191.894
173.106 191.900
182.861 191.896
191.890 191.919
200.891 191.891
209.983 191.900
218.971 191.901
46.037 200.938
55.067 200.946
64.102 200.945
73.164 200.901
82.889 200.937
91.902 200.922
100.904 200.944
109.946 200.911
118.993 200.942
127.995 200.907
137.061 200.919
146.038 200.957
155.083 200.934
164.119 200.918
173.164 200.923
182.889 200.900
191.874 200.939
200.942 200.897
209.981 200.929
55.078 209.947
64.114 209.963
73.117 209.949
82.862 209.951
91.871 209.982
100.929 209.949
109.968 209.952
119.000 209.955
128.012 209.944
137.036 209.960
146.075 209.941
155.049 209.945
164.076 209.925
173.116 209.987
182.850 209.950
191.916 209.945
200.949 209.977
64.092 218.992
73.088 218.988
82.863 219.004
91.890 218.975
100.910 218.984
109.910 219.011
118.973 218.968
127.992 218.964
137.024 218.937
146.072 219.005
155.054 218.989
164.132 218.933
173.102 218.975
182.852 218.981
191.921 219.002
82.859 228.029
91.962 228.032
100.921 228.016
109.978 228.000
118.982 228.006
128.012 228.003
136.992 227.990
146.042 228.003
155.077 227.987
164.083 227.986
173.121 228.048
100.909 237.005
109.960 237.045
119.010 237.043
127.998 237.047
137.013 237.004
146.067 237.015
155.086 237.065
