100.812 18.842
109.901 18.835
118.924 18.814
127.999 18.808
137.059 18.815
146.112 18.843
155.188 18.844
82.548 27.919
91.663 27.915
100.788 27.959
109.841 27.952
118.920 27.917
128.032 27.944
137.099 27.954
146.158 27.924
155.265 27.961
164.297 27.905
173.417 27.911
64.218 36.925
73.368 36.944
82.578 37.014
91.615 37.008
100.782 37.044
109.865 37.019
118.957 37.060
127.999 37.065
137.047 37.062
146.129 37.064
155.244 37.031
164.338 37.032
173.377 37.022
182.589 36.933
191.778 36.985
55.109 46.010
64.245 46.084
73.301 46.010
82.573 46.026
91.692 46.066
100.769 46.119
109.863 46.113
118.950 46.141
128.024 46.149
137.090 46.160
146.138 46.134
155.178 46.093
164.296 46.083
173.352 46.044
182.633 46.029
191.727 46.099
200.882 46.029
46.007 55.071
55.146 55.116
64.205 55.081
73.296 55.080
82.634 55.113
91.718 55.123
100.776 55.179
109.873 55.192
118.944 55.192
128.022 55.243
137.067 55.229
146.140 55.211
155.149 55.180
164.240 55.153
173.318 55.101
182.659 55.104
191.765 55.121
200.822 55.172
209.961 55.140
36.945 64.249
46.058 64.255
55.058 64.212
64.182 64.185
73.280 64.199
82.636 64.205
91.725 64.188
100.870 64.237
109.908 64.252
118.898 64.314
127.987 64.355
137.065 64.322
146.116 64.303
155.161 64.237
164.252 64.186
173.505 64.229
182.622 64.226
191.791 64.220
200.894 64.261
209.931 64.280
219.039 64.257
36.926 73.364
46.023 73.323
55.083 73.329
64.201 73.336
73.275 73.311
82.622 73.347
91.740 73.319
100.871 73.323
109.909 73.364
118.960 73.406
127.988 73.418
137.052 73.411
146.091 73.379
155.150 73.367
164.177 73.536
173.335 73.304
182.655 73.332
191.776 73.345
200.915 73.329
209.964 73.360
219.042 73.401
27.918 82.549
37.008 82.592
46.015 82.598
55.102 82.592
64.199 82.649
73.313 82.666
82.674 82.650
91.766 82.631
100.894 82.641
109.923 82.617
118.937 82.574
128.026 82.575
137.061 82.577
146.082 82.611
155.131 82.649
164.201 82.694
173.319 82.679
182.644 82.671
191.804 82.663
200.900 82.669
209.967 82.587
218.974 82.594
228.105 82.573
27.905 91.698
37.016 91.650
46.065 91.669
55.156 91.718
64.187 91.749
73.313 91.778
82.611 91.749
91.722 91.716
100.869 91.716
109.897 91.707
118.939 91.677
127.991 91.692
137.044 91.685
146.088 91.686
155.153 91.761
164.217 91.770
173.328 91.793
182.630 91.770
191.784 91.738
200.871 91.771
209.900 91.705
218.999 91.644
228.085 91.695
18.836 100.773
27.952 100.751
37.045 100.779
46.100 100.779
55.180 100.801
64.239 100.819
73.334 100.862
82.621 100.892
91.715 100.862
100.815 100.836
109.893 100.787
118.932 100.764
128.022 100.752
137.077 100.748
146.125 100.794
155.173 100.842
164.256 100.878
173.342 100.903
182.654 100.906
191.759 100.846
200.855 100.826
209.878 100.805
218.960 100.751
228.059 100.789
237.175 100.822
18.830 109.903
27.942 109.829
37.034 109.858
46.101 109.850
55.192 109.872
64.292 109.866
73.360 109.930
82.592 109.902
91.703 109.928
100.825 109.896
109.881 109.875
118.930 109.844
128.019 109.810
137.071 109.842
146.139 109.881
155.173 109.826
164.301 109.878
173.361 109.904
182.584 109.906
191.718 109.886
200.827 109.876
209.896 109.897
218.936 109.863
228.080 109.861
237.171 109.896
18.839 118.960
27.958 118.907
37.065 118.923
46.143 118.941
55.213 118.927
64.301 118.936
73.381 118.952
82.567 118.929
91.632 118.972
100.779 118.950
109.866 118.914
118.948 118.931
128.012 118.925
137.102 118.904
146.177 118.924
155.243 118.899
164.340 118.959
173.420 118.944
182.586 118.977
191.696 118.949
200.761 118.964
209.849 118.924
218.951 118.891
228.019 118.912
237.162 118.957
18.827 128.013
27.945 128.044
37.051 128.006
46.146 127.999
55.253 127.984
64.333 127.984
73.406 128.008
82.559 127.992
91.664 127.970
100.754 127.977
109.872 128.012
118.929 127.992
128.007 127.978
137.071 127.993
146.144 128.002
155.234 127.980
164.326 127.999
173.389 128.027
182.585 128.000
191.672 127.987
200.761 127.991
209.895 127.999
218.906 128.007
228.063 128.008
237.178 128.025
18.810 137.033
27.907 137.086
37.067 137.093
46.150 137.054
55.249 137.070
64.310 137.098
73.406 137.040
82.569 137.069
91.672 137.067
100.789 137.081
109.844 137.098
118.887 137.072
128.018 137.086
137.093 137.072
146.170 137.058
155.198 137.091
164.310 137.041
173.400 137.072
182.600 137.056
191.663 137.084
200.781 137.067
209.868 137.075
218.954 137.057
228.026 137.061
237.185 137.045
18.833 146.112
27.986 146.180
37.065 146.136
46.152 146.130
55.201 146.102
64.269 146.099
73.542 146.053
82.578 146.090
91.693 146.111
100.810 146.138
109.852 146.143
118.936 146.174
128.041 146.175
137.041 146.143
146.123 146.105
155.211 146.123
164.313 146.080
173.531 146.085
182.636 146.086
191.714 146.140
200.833 146.127
209.875 146.140
218.960 146.121
228.050 146.153
237.157 146.100
18.844 155.172
27.957 155.226
37.017 155.255
46.125 155.183
55.205 155.172
64.239 155.152
73.322 155.097
82.664 155.133
91.752 155.142
100.820 155.169
109.891 155.233
118.919 155.220
127.999 155.266
137.081 155.252
146.095 155.209
155.178 155.173
164.290 155.131
173.526 155.126
182.662 155.129
191.760 155.142
200.853 155.211
209.915 155.201
218.977 155.278
228.038 155.238
237.175 155.186
27.905 164.327
37.012 164.379
46.060 164.293
55.155 164.272
64.206 164.245
73.339 164.212
82.686 164.204
91.800 164.216
100.863 164.248
109.903 164.276
118.964 164.322
128.011 164.362
137.040 164.343
146.104 164.295
155.157 164.254
164.225 164.240
173.332 164.215
182.686 164.259
191.792 164.263
200.862 164.249
209.925 164.320
218.982 164.336
228.086 164.333
27.904 173.429
37.033 173.449
46.043 173.390
55.105 173.359
64.218 173.351
73.283 173.548
82.664 173.361
91.809 173.328
100.910 173.354
109.888 173.403
118.966 173.397
127.988 173.418
137.061 173.420
146.109 173.404
155.164 173.371
164.238 173.379
173.355 173.346
182.655 173.369
191.824 173.342
200.880 173.343
209.963 173.393
218.996 173.396
228.112 173.419
36.959 182.555
46.044 182.634
55.136 182.635
64.239 182.665
73.303 182.686
82.660 182.653
91.781 182.648
100.902 182.672
109.899 182.629
118.956 182.580
128.000 182.582
137.069 182.571
146.095 182.640
155.103 182.660
164.222 182.686
173.340 182.693
182.691 182.656
191.796 182.671
200.934 182.713
209.949 182.725
219.040 182.635
36.950 191.747
46.090 191.751
55.125 191.740
64.206 191.805
73.336 191.771
82.622 191.825
91.800 191.797
100.861 191.740
109.894 191.706
118.957 191.690
128.032 191.655
137.041 191.676
146.115 191.713
155.165 191.740
164.220 191.799
173.357 191.835
182.665 191.829
191.820 191.840
200.950 191.806
209.955 191.756
219.044 191.777
46.054 200.876
55.156 200.849
64.259 200.911
73.332 200.893
82.631 200.915
91.736 200.869
100.833 200.847
109.879 200.807
118.956 200.792
128.011 200.769
137.064 200.761
146.129 200.775
155.202 200.831
164.277 200.877
173.368 200.918
182.716 200.909
191.810 200.894
200.862 200.858
210.023 200.916
55.137 209.973
64.289 209.912
73.341 209.974
82.595 209.979
91.715 209.904
100.818 209.906
109.886 209.890
118.931 209.840
128.031 209.870
137.021 209.865
146.141 209.886
155.232 209.912
164.314 209.919
173.417 209.990
182.679 209.984
191.750 209.927
200.907 210.013
64.250 219.030
73.399 219.064
82.601 218.956
91.658 219.015
100.759 218.959
109.856 218.957
118.932 218.964
127.985 218.956
137.077 218.966
146.159 218.935
155.224 218.967
164.356 218.987
173.546 219.010
182.637 219.051
191.796 219.077
82.587 228.077
91.694 228.094
100.784 228.062
109.833 228.071
118.917 228.053
127.983 228.045
137.072 228.007
146.177 228.058
155.225 228.006
164.304 228.095
173.430 228.092
100.815 237.137
109.894 237.176
118.909 237.162
128.015 237.172
137.051 237.171
146.096 237.160
155.197 237.143
