100.895 18.989
109.988 19.008
118.991 18.982
128.030 18.972
136.997 18.967
146.034 18.955
155.104 18.994
82.913 28.015
91.916 27.986
100.967 28.009
109.968 27.992
118.979 27.978
128.021 28.035
137.042 27.970
146.072 27.996
155.067 28.069
164.036 27.992
173.068 27.978
64.037 37.042
73.028 37.019
82.907 37.009
91.923 37.007
100.925 36.996
109.979 36.973
118.949 37.030
128.012 37.018
137.032 37.024
146.004 36.993
155.050 36.975
164.091 36.999
173.086 36.993
182.929 37.040
191.943 37.051
55.030 46.051
64.090 45.976
73.066 46.054
82.857 46.049
91.927 46.036
100.939 46.025
109.970 46.039
118.967 46.047
127.974 46.003
136.983 46.041
146.054 46.007
155.044 46.060
164.050 46.045
173.063 46.007
182.922 46.069
191.976 46.015
200.965 46.044
46.044 55.040
55.083 55.042
64.049 55.070
73.108 55.028
82.935 55.083
91.957 55.062
100.927 55.071
109.983 55.070
119.001 55.083
127.993 55.043
136.981 55.065
146.027 55.059
155.030 55.070
164.066 55.099
173.103 55.048
182.893 55.101
191.953 55.076
200.928 55.036
209.981 55.042
37.021 64.060
46.039 64.016
55.046 64.073
64.095 64.072
73.093 64.037
82.948 64.032
91.903 64.051
100.951 64.077
109.935 64.049
118.978 64.083
128.015 64.071
136.994 64.066
146.037 64.105
155.032 64.058
164.050 64.122
173.090 64.020
182.911 64.077
191.903 64.052
200.943 64.076
209.976 64.098
218.970 64.079
37.040 73.063
46.074 73.082
55.067 73.100
64.067 73.113
73.101 73.105
82.907 73.077
91.928 73.086
100.951 73.048
109.964 73.095
119.016 73.062
128.006 73.090
137.016 73.093
146.057 73.089
155.060 73.087
164.106 73.880
173.104 73.118
182.895 73.139
191.949 73.172
200.963 73.094
209.960 73.131
218.973 73.089
28.027 82.935
37.017 82.897
46.025 82.862
55.051 82.909
64.057 82.923
73.079 82.875
82.924 82.910
91.948 82.926
100.920 82.882
109.966 82.867
119.040 82.911
128.023 82.915
137.006 82.900
146.036 82.918
155.087 82.903
164.093 82.912
173.102 82.927
182.910 82.904
191.961 82.887
200.968 82.927
209.989 82.882
218.986 82.882
228.029 82.937
28.043 91.909
37.022 91.919
45.992 91.974
55.039 91.895
64.096 91.929
73.104 91.942
82.921 91.925
91.919 91.927
100.958 91.919
109.949 91.925
118.950 91.910
128.004 91.945
137.048 91.972
146.067 91.927
155.014 91.962
164.072 91.901
173.068 91.884
182.910 91.919
191.941 91.900
200.961 91.956
209.961 91.927
219.009 91.900
227.973 91.927
18.987 100.922
27.969 100.945
37.018 100.928
46.019 100.908
55.083 100.978
64.034 100.932
73.086 100.964
82.870 100.909
91.900 100.936
100.906 100.955
109.946 100.934
118.982 100.939
128.008 100.930
137.020 100.909
146.036 100.942
155.066 100.967
164.072 100.946
173.104 100.929
182.945 100.956
191.942 100.962
200.966 100.907
209.947 100.958
218.965 100.946
228.007 100.942
237.035 100.941
18.985 109.968
28.009 109.982
37.045 109.990
46.034 109.957
55.086 109.961
64.067 109.938
73.099 109.960
82.911 109.960
91.891 109.959
100.979 109.956
109.974 109.937
118.992 109.968
127.997 109.970
136.998 109.984
146.017 109.970
155.018 109.958
164.083 109.965
173.066 109.953
182.926 109.972
191.881 109.946
200.933 109.993
209.984 109.984
218.971 109.966
228.000 109.985
237.046 109.980
18.985 118.984
27.953 118.995
37.032 118.991
45.985 118.974
55.062 118.980
64.068 118.984
73.087 118.970
82.888 118.986
91.949 118.980
100.938 118.980
109.997 118.968
118.982 119.011
128.042 118.967
137.010 118.971
146.075 118.971
155.014 118.964
164.053 118.985
173.128 118.972
182.925 119.000
191.966 118.990
200.932 119.006
209.958 118.971
218.983 118.979
227.992 118.961
236.997 118.955
18.979 127.992
27.987 127.997
36.988 128.001
46.058 127.986
55.024 127.990
64.090 127.982
73.083 128.026
82.865 127.997
91.944 127.962
100.969 128.038
109.949 128.008
118.985 128.008
127.988 128.007
137.067 127.973
146.027 127.957
155.019 127.947
164.067 128.028
173.103 127.988
182.866 128.028
191.934 127.986
200.906 127.988
209.966 127.993
219.006 128.009
227.981 127.990
237.046 128.008
19.000 137.020
28.012 136.996
37.005 136.993
46.022 137.064
55.044 137.031
64.091 137.007
73.114 137.008
82.948 137.023
91.918 136.995
100.934 137.066
109.974 137.027
119.006 137.014
127.998 137.044
137.001 137.001
146.010 137.008
155.065 137.016
164.071 137.022
173.094 137.013
182.889 137.017
191.946 137.079
200.964 137.036
209.966 137.010
218.979 137.023
228.012 137.049
236.985 137.017
18.910 146.026
27.973 146.028
37.054 146.053
45.993 146.061
55.026 146.049
64.079 146.060
73.079 146.027
82.920 146.034
91.916 146.030
100.944 146.023
109.959 146.029
118.973 146.045
128.012 146.025
137.022 146.020
146.040 146.070
155.076 146.042
164.091 146.026
173.131 146.048
182.889 146.033
191.926 146.034
200.968 145.999
209.966 146.040
219.008 146.037
227.985 146.062
236.997 146.046
18.966 155.076
27.955 155.024
37.029 155.065
45.997 155.026
55.032 155.035
64.045 155.024
73.094 155.076
82.917 155.034
91.882 155.105
100.927 155.034
109.978 155.060
118.976 155.081
127.984 155.048
137.004 155.052
146.016 155.068
155.074 155.072
164.029 155.052
173.906 155.074
182.933 155.038
191.928 155.033
200.943 155.075
209.944 155.077
219.001 154.996
228.012 155.043
237.002 155.046
28.012 164.021
37.058 164.027
46.025 164.108
55.061 164.051
64.108 164.044
73.089 164.059
82.914 164.095
91.946 164.076
100.914 164.085
109.954 164.090
118.992 164.067
127.964 164.101
137.018 164.068
146.033 164.098
155.030 164.067
164.066 164.047
173.096 164.094
182.923 164.095
191.964 164.047
200.918 164.077
209.966 164.097
218.980 164.059
228.002 164.104
28.034 173.023
36.995 173.100
46.060 173.100
55.055 173.102
64.065 173.109
73.067 173.907
82.932 173.075
91.920 173.110
100.962 173.082
109.969 173.098
118.990 173.096
127.986 173.035
136.985 173.061
146.043 173.084
155.042 173.103
164.036 173.087
173.079 173.101
182.919 173.057
191.921 173.089
200.956 173.047
209.969 173.088
218.975 173.039
228.020 173.099
37.043 182.879
46.036 182.900
55.043 182.885
64.090 182.884
73.077 182.882
82.932 182.898
91.976 182.931
100.910 182.887
109.935 182.891
118.989 182.909
127.982 182.913
137.030 182.910
146.110 182.901
155.045 182.894
164.085 182.937
173.068 182.956
182.865 182.908
191.936 182.946
200.920 182.894
209.968 182.928
218.969 182.907
37.030 191.927
46.024 191.959
55.052 191.926
64.045 191.937
73.109 191.925
82.957 191.932
91.931 191.938
100.955 191.932
109.979 191.922
118.969 191.924
127.996 191.931
137.038 191.959
146.033 191.886
155.041 191.927
164.055 191.906
173.057 191.919
182.907 191.958
191.919 191.941
200.964 191.916
209.961 191.907
218.954 191.943
46.033 200.963
55.034 200.947
64.067 200.912
73.106 200.975
82.915 200.944
91.911 200.942
100.928 200.953
109.955 200.936
118.949 200.948
128.023 200.925
137.007 200.961
146.073 200.969
155.061 200.969
164.081 200.918
173.101 200.899
182.855 200.969
191.913 200.954
200.947 200.956
209.995 200.970
55.077 209.945
64.091 209.966
73.073 209.976
82.921 209.945
91.908 209.959
100.938 209.955
109.975 209.964
119.022 209.938
128.018 209.978
136.990 209.955
146.032 209.988
155.021 209.974
164.058 209.962
173.077 209.999
182.912 209.989
191.874 209.954
200.934 209.924
64.107 219.006
73.056 218.992
82.936 218.948
91.906 218.978
100.939 218.982
109.965 219.015
118.974 219.010
127.984 218.959
137.030 218.983
146.037 219.020
155.053 218.950
164.071 218.983
173.885 219.006
182.868 218.960
191.932 219.004
82.879 227.947
91.937 227.964
100.949 228.020
109.983 227.950
119.024 228.021
127.993 228.021
137.010 227.979
146.046 227.999
155.008 227.970
164.062 228.002
173.062 227.982
100.902 236.977
109.970 237.026
118.977 237.051
127.980 237.040
137.042 237.009
146.043 236.987
155.069 237.044
