100.895 19.007
109.959 18.978
118.987 19.018
127.994 18.993
137.027 19.010
146.066 18.945
155.097 18.949
82.874 27.974
91.921 27.983
100.944 28.024
109.960 27.974
118.990 28.025
128.017 27.983
136.989 28.019
146.044 28.026
155.096 27.997
164.100 28.013
173.102 27.997
64.069 37.059
73.132 37.024
82.820 37.057
91.884 37.017
100.934 37.031
109.932 36.999
118.981 37.028
128.008 37.074
137.036 37.043
146.068 36.999
155.079 37.023
164.103 37.030
173.130 36.977
182.902 37.010
191.885 36.998
55.094 46.068
64.101 46.062
73.166 46.059
82.881 46.037
91.884 46.060
100.931 46.012
109.996 46.068
118.993 46.035
127.962 46.039
137.002 46.055
146.073 46.031
155.092 46.050
164.119 46.091
173.139 46.054
182.823 46.048
191.913 46.051
200.911 46.056
46.030 55.054
55.087 55.061
64.097 55.100
73.797 55.083
82.874 55.076
91.889 55.127
100.906 55.060
109.934 55.073
118.998 55.099
128.004 55.059
137.025 55.064
146.071 55.124
155.078 55.082
164.081 55.066
173.153 55.041
182.827 55.080
191.917 55.094
200.914 55.084
209.978 55.093
37.021 64.100
46.067 64.098
55.093 64.081
64.134 64.095
73.138 64.128
82.897 64.111
91.929 64.111
100.920 64.113
109.960 64.101
118.983 64.127
127.982 64.127
137.034 64.127
146.045 64.103
155.032 64.125
164.100 64.119
173.114 64.136
182.855 64.091
191.886 64.139
200.880 64.103
209.967 64.118
219.000 64.098
37.022 73.120
46.039 73.118
55.037 73.138
64.111 73.880
73.134 73.099
82.894 73.141
91.850 73.136
100.927 73.133
109.952 73.150
118.984 73.125
127.999 73.122
137.020 73.162
146.060 73.146
155.083 73.148
164.098 73.143
173.141 73.147
182.802 73.165
191.905 73.108
200.908 73.146
209.931 73.165
218.958 73.130
28.004 82.840
37.023 82.902
46.045 82.881
55.083 82.883
64.122 82.875
73.142 82.869
82.863 82.870
91.879 82.856
100.937 82.875
109.935 82.833
118.947 82.858
127.978 82.841
137.073 82.891
146.079 82.880
155.087 82.850
164.113 82.834
173.139 82.871
182.858 82.164
191.892 82.177
200.940 82.841
209.956 82.855
218.978 82.820
228.006 82.882
28.020 91.954
37.072 91.887
46.048 91.926
55.060 91.884
64.109 91.926
73.122 91.896
82.893 91.886
91.907 91.930
100.937 91.839
109.964 91.884
118.974 91.904
127.994 91.882
137.009 91.889
146.048 91.886
155.121 91.896
164.061 91.867
173.124 91.854
182.877 91.904
191.920 91.873
200.892 91.890
209.954 91.893
218.972 91.909
228.005 91.870
18.968 100.897
28.002 100.909
37.066 100.927
46.028 100.923
55.082 100.924
64.127 100.943
73.121 100.946
82.883 100.892
91.918 100.921
100.928 100.927
109.959 100.949
118.965 100.936
128.037 100.922
137.000 100.930
146.054 100.921
155.112 100.919
164.106 100.941
173.140 100.932
182.881 100.957
191.903 100.951
200.924 100.930
209.968 100.918
218.950 100.928
228.020 100.885
237.004 100.897
18.962 109.935
27.957 109.931
36.998 109.934
46.052 109.971
55.098 109.930
64.137 109.956
73.130 109.931
82.864 109.976
91.841 109.959
100.919 109.974
109.963 109.947
118.982 109.920
128.011 109.920
137.028 109.972
146.027 109.952
155.082 109.955
164.082 109.936
173.142 109.974
182.874 109.957
191.901 109.954
200.925 109.921
209.951 109.965
218.975 109.964
228.001 109.910
237.043 109.929
18.981 118.973
28.005 118.996
37.002 118.912
46.072 118.984
55.119 118.978
64.095 119.002
73.142 118.993
82.865 118.951
91.905 119.006
100.882 118.938
109.938 118.939
118.981 118.994
128.019 119.003
137.035 118.987
146.062 118.994
155.111 118.983
164.095 118.925
173.127 119.012
182.149 118.991
191.918 118.968
200.908 118.951
209.963 118.977
218.984 118.924
228.010 118.973
237.078 118.976
19.003 127.962
27.991 127.996
37.043 127.980
46.072 127.982
55.061 128.014
64.094 128.015
73.104 128.002
82.180 127.968
91.887 128.000
100.906 127.988
109.974 127.964
118.954 128.003
128.013 128.026
137.016 127.996
146.038 128.013
155.096 128.011
164.080 128.026
173.095 127.996
182.863 128.000
191.855 127.992
200.944 128.011
209.933 127.992
218.930 128.035
227.979 127.968
237.010 128.008
18.984 136.998
28.032 137.018
37.011 137.023
46.034 137.038
55.040 137.000
64.129 136.999
73.157 136.994
82.893 137.021
91.857 137.030
100.917 137.047
109.967 136.998
118.984 137.012
127.983 137.044
137.003 137.033
146.089 137.014
155.074 137.038
164.099 137.052
173.129 137.037
182.864 137.011
191.901 137.031
200.956 137.028
209.915 137.043
218.951 137.007
228.024 137.073
236.987 137.020
18.960 146.031
27.972 146.082
36.993 146.042
46.053 146.071
55.089 146.081
64.059 146.075
73.127 146.060
82.876 146.033
91.884 146.069
100.919 146.004
109.968 146.068
118.961 146.065
128.003 146.059
137.037 145.994
146.088 146.041
155.082 146.046
164.100 146.013
173.831 146.033
182.846 146.022
191.887 146.078
200.949 146.064
209.978 146.049
218.976 146.035
228.019 146.055
237.024 146.065
18.972 155.067
27.946 155.071
37.049 155.095
46.057 155.082
55.062 155.113
64.096 155.065
73.119 155.049
82.880 155.050
91.881 155.102
100.928 155.058
109.943 155.108
118.975 155.079
128.001 155.091
137.049 155.067
146.060 155.074
155.094 155.027
164.099 155.064
173.836 155.053
182.898 155.084
191.905 155.047
200.910 155.068
209.958 155.093
218.948 155.087
227.971 155.085
237.011 155.067
27.992 164.080
37.081 164.095
46.032 164.150
55.066 164.071
64.109 164.082
73.144 164.085
82.854 164.134
91.900 164.083
100.944 164.107
109.931 164.114
118.972 164.096
128.001 164.108
137.054 164.060
146.077 164.138
155.061 164.091
164.055 164.123
173.120 164.094
182.838 164.089
191.914 164.116
200.937 164.128
209.953 164.108
218.996 164.126
228.004 164.072
27.985 173.135
37.008 173.131
46.035 173.100
55.089 173.109
64.099 173.127
73.117 173.108
82.882 173.116
91.852 173.190
100.914 173.144
109.949 173.142
119.000 173.113
128.037 173.123
137.015 173.121
146.027 173.127
155.093 173.137
164.097 173.130
173.158 173.108
182.874 173.128
191.865 173.128
200.949 173.127
209.963 173.141
218.978 173.106
228.014 173.090
37.054 182.832
46.013 182.853
55.095 182.855
64.121 182.865
73.099 182.845
82.854 182.880
91.892 182.860
100.920 182.864
109.959 182.865
118.998 182.896
128.003 182.899
137.017 182.886
146.039 182.859
155.063 182.850
164.100 182.886
173.126 182.871
182.878 182.865
191.906 182.838
200.961 182.866
209.920 182.887
218.956 182.860
37.027 191.879
46.054 191.905
55.105 191.905
64.114 191.899
73.178 191.868
82.875 191.917
91.903 191.882
100.926 191.897
109.973 191.900
118.923 191.866
128.016 191.894
137.012 191.872
146.061 191.915
155.068 191.897
164.125 191.874
173.119 191.896
182.873 191.921
191.894 191.863
200.929 191.877
209.951 191.926
218.978 191.918
45.997 200.918
55.096 200.891
64.108 200.896
73.131 200.903
82.869 200.941
91.849 200.903
100.930 200.903
109.893 200.907
118.987 200.947
127.956 200.906
137.032 200.911
146.028 200.934
155.087 200.958
164.069 200.946
173.139 200.922
182.884 200.918
191.869 200.942
200.937 200.923
209.964 200.921
55.064 209.962
64.077 209.946
73.151 209.999
82.838 209.935
91.891 209.972
100.917 209.934
109.951 209.960
118.963 209.964
128.007 209.893
137.003 209.961
146.080 209.944
155.054 209.958
164.115 209.892
173.126 209.929
182.842 209.945
191.885 209.943
200.934 209.957
64.076 218.964
73.107 218.959
82.857 218.966
91.883 218.983
100.923 218.933
109.920 218.991
118.968 218.974
128.029 218.962
137.045 218.978
146.058 218.959
155.078 218.982
164.079 218.981
173.084 218.941
182.846 218.980
191.922 218.979
82.858 228.026
91.910 227.993
100.931 227.996
109.978 227.950
118.964 228.018
128.006 227.980
137.022 228.004
146.055 227.984
155.071 228.022
164.118 228.041
173.112 228.002
100.914 237.004
109.957 237.043
118.983 237.026
128.001 237.043
137.036 237.045
146.047 237.011
155.078 237.012
