100.918 18.977
109.945 18.942
118.972 18.993
128.020 18.964
137.028 19.003
146.038 18.946
155.124 18.969
82.845 27.998
91.902 27.994
100.892 27.981
109.966 28.039
118.986 28.013
128.008 28.024
137.021 28.024
146.058 28.029
155.065 27.978
164.116 28.030
173.173 27.964
64.090 37.028
73.147 37.040
82.859 37.036
91.894 37.018
100.924 37.013
109.947 37.021
118.960 36.986
127.998 37.053
136.988 37.040
146.020 37.037
155.080 37.048
164.086 37.026
173.144 37.040
182.871 37.023
191.883 37.037
55.075 46.050
64.072 46.084
73.122 46.081
82.824 46.045
91.907 46.057
100.939 46.060
109.974 46.060
118.982 46.076
128.010 46.076
137.006 46.066
146.109 46.034
155.076 46.026
164.088 46.037
173.131 46.066
182.875 46.051
191.871 46.059
200.934 46.061
46.096 55.082
55.085 55.060
64.087 55.076
73.837 55.057
82.850 55.043
91.899 55.060
100.895 55.062
109.941 55.069
118.990 55.079
128.032 55.108
136.963 55.088
146.044 55.074
155.113 55.084
164.085 55.094
173.126 55.067
182.860 55.125
191.896 55.106
200.918 55.055
209.937 55.053
37.010 64.070
46.008 64.112
55.085 64.112
64.097 64.102
73.075 64.078
82.886 64.096
91.888 64.104
100.901 64.102
109.927 64.125
118.964 64.098
128.019 64.132
137.031 64.123
146.039 64.082
155.094 64.104
164.108 64.122
173.161 64.127
182.872 64.115
191.871 64.114
200.932 64.139
209.973 64.106
218.975 64.096
37.052 73.103
46.045 73.148
55.089 73.148
64.121 73.855
73.121 73.131
82.867 73.120
91.898 73.102
100.891 73.133
109.933 73.137
118.957 73.127
127.981 73.100
137.046 73.119
146.050 73.144
155.049 73.143
164.077 73.124
173.113 73.094
182.836 73.149
191.907 73.086
200.930 73.112
209.946 73.136
218.993 73.149
28.011 82.884
36.982 82.853
46.035 82.875
55.116 82.887
64.114 82.868
73.115 82.864
82.856 82.859
91.871 82.917
100.936 82.888
109.923 82.868
118.987 82.869
127.968 82.857
137.054 82.843
146.020 82.867
155.093 82.861
164.097 82.875
173.160 82.866
182.868 82.164
191.855 82.155
200.923 82.888
209.948 82.878
218.944 82.832
228.004 82.908
27.983 91.911
37.056 91.881
46.067 91.879
55.097 91.894
64.102 91.881
73.119 91.928
82.862 91.926
91.934 91.858
100.937 91.908
109.924 91.906
118.951 91.869
128.004 91.870
137.036 91.881
146.058 91.902
155.093 91.868
164.097 91.906
173.126 91.911
182.822 91.902
191.902 91.875
200.892 91.919
209.931 91.895
218.965 91.906
228.039 91.923
18.937 100.919
27.996 100.921
37.023 100.909
46.079 100.914
55.071 100.931
64.093 100.915
73.119 100.937
82.866 100.904
91.907 100.928
100.938 100.941
109.969 100.951
118.992 100.923
127.995 100.955
137.041 100.942
146.042 100.918
155.102 100.926
164.096 100.934
173.139 100.921
182.861 100.904
191.919 100.905
200.937 100.909
209.931 100.919
218.971 100.939
228.026 100.928
237.022 100.929
18.968 109.946
27.993 109.907
37.004 109.926
46.079 109.940
55.106 109.940
64.129 109.960
73.119 109.932
82.896 109.931
91.887 109.956
100.913 109.966
109.911 109.918
118.950 109.896
127.987 109.931
137.055 109.939
146.060 109.982
155.078 109.940
164.095 109.996
173.170 109.949
182.869 109.944
191.914 109.946
200.938 109.984
209.940 109.953
218.939 109.877
228.028 109.946
237.038 109.935
18.993 118.935
28.009 118.992
37.057 118.980
46.035 118.974
55.051 118.958
64.133 118.962
73.123 118.939
82.863 118.994
91.883 118.968
100.947 118.992
109.960 119.012
118.936 118.973
128.003 118.974
137.059 118.940
146.051 119.002
155.084 118.968
164.065 118.970
173.134 118.972
182.134 118.988
191.894 119.001
200.942 118.939
209.950 118.966
218.985 118.947
227.943 118.986
237.047 118.976
18.989 127.989
27.986 128.031
37.016 127.997
46.093 128.008
55.047 128.036
64.095 127.995
73.106 127.974
82.148 127.971
91.923 128.028
100.897 128.042
109.960 127.985
118.951 127.989
127.936 128.013
137.026 128.023
146.070 127.994
155.056 128.008
164.143 127.981
173.109 128.017
182.858 127.974
191.907 127.996
200.889 127.999
209.948 128.026
218.975 127.994
228.005 128.005
237.041 127.998
18.992 136.984
28.015 137.058
37.031 137.033
46.083 137.011
55.101 137.070
64.131 137.039
73.127 137.019
82.864 137.016
91.917 136.999
100.928 137.032
109.935 137.022
118.986 137.012
128.006 137.045
137.030 137.017
146.048 137.021
155.077 137.024
164.095 137.046
173.181 137.040
182.865 137.033
191.880 137.038
200.923 137.008
209.941 137.029
219.001 137.031
227.971 137.019
237.028 137.034
18.975 146.064
27.984 146.077
37.019 146.088
46.061 146.097
55.103 146.034
64.095 146.073
73.121 146.057
82.894 146.077
91.905 146.040
100.941 146.067
109.946 146.057
118.950 146.112
127.970 146.061
137.046 146.067
146.030 146.077
155.083 146.065
164.131 146.068
173.864 146.050
182.845 146.054
191.898 146.003
200.900 146.098
209.950 146.045
218.991 146.030
228.014 146.044
237.049 146.063
18.999 155.112
27.970 155.061
37.040 155.077
46.059 155.102
55.080 155.059
64.148 155.083
73.148 155.103
82.852 155.077
91.868 155.074
100.886 155.102
109.956 155.102
118.943 155.060
128.006 155.118
137.035 155.068
146.029 155.090
155.097 155.074
164.110 155.031
173.853 155.092
182.870 155.051
191.873 155.036
200.899 155.089
209.973 155.099
218.967 155.061
228.028 155.095
237.065 155.103
28.013 164.148
37.018 164.119
46.075 164.062
55.072 164.119
64.108 164.120
73.145 164.100
82.879 164.113
91.866 164.128
100.920 164.130
109.932 164.111
118.970 164.126
128.009 164.115
137.039 164.097
146.042 164.114
155.099 164.108
164.089 164.102
173.116 164.116
182.880 164.095
191.871 164.109
200.905 164.062
210.010 164.076
218.970 164.092
228.030 164.131
28.036 173.118
37.033 173.125
46.057 173.110
55.066 173.120
64.076 173.162
73.161 173.089
82.868 173.125
91.901 173.123
100.945 173.126
109.947 173.106
118.956 173.129
127.974 173.138
137.008 173.142
146.036 173.141
155.068 173.139
164.077 173.114
173.104 173.115
182.915 173.129
191.905 173.118
200.917 173.153
209.924 173.134
218.946 173.168
227.976 173.163
37.028 182.880
46.054 182.864
55.061 182.834
64.121 182.879
73.105 182.837
82.847 182.837
91.881 182.869
100.904 182.912
109.941 182.891
118.957 182.911
127.986 182.853
137.018 182.884
146.101 182.867
155.084 182.896
164.090 182.867
173.113 182.884
182.886 182.864
191.889 182.899
200.903 182.862
209.929 182.905
219.000 182.905
37.033 191.914
46.019 191.896
55.110 191.886
64.098 191.934
73.153 191.895
82.873 191.909
91.880 191.874
100.944 191.904
109.946 191.926
118.920 191.891
128.010 191.908
137.037 191.897
146.051 191.877
155.055 191.895
164.143 191.857
173.126 191.908
182.841 191.881
191.905 191.945
200.920 191.884
209.973 191.906
218.967 191.908
46.073 200.923
55.040 200.892
64.095 200.878
73.151 200.959
82.916 200.933
91.903 200.938
100.934 200.922
109.926 200.899
118.956 200.885
127.990 200.929
136.996 200.911
146.033 200.945
155.082 200.908
164.115 200.881
173.125 200.959
182.855 200.910
191.869 200.927
200.922 200.945
209.970 200.936
55.122 209.927
64.092 209.912
73.145 209.928
82.885 209.957
91.876 209.967
100.869 209.921
109.947 209.945
118.918 209.957
128.010 209.934
137.020 209.927
146.062 209.912
155.054 209.961
164.102 209.970
173.099 209.929
182.875 209.958
191.906 209.954
200.904 209.932
64.110 218.986
73.151 218.969
82.883 218.974
91.901 218.971
100.895 218.919
109.923 218.971
118.975 218.930
127.997 218.993
137.015 218.990
146.036 219.005
155.076 218.978
164.127 218.976
173.137 218.983
182.853 218.976
191.896 218.945
82.899 227.967
91.889 227.992
100.889 227.979
109.958 228.007
118.985 227.957
127.998 228.015
137.059 227.998
146.039 228.050
155.122 228.001
164.073 228.054
173.113 228.008
100.919 237.024
109.965 237.005
118.950 237.028
127.975 237.061
137.035 237.055
146.068 237.050
155.066 237.035
