121.768 9.172
134.233 9.249
84.235 21.782
96.799 21.766
109.236 21.772
121.702 21.762
134.228 21.789
146.742 21.798
159.250 21.791
171.795 21.744
59.235 34.238
71.744 34.237
84.225 34.247
96.738 34.278
109.230 34.268
121.737 34.254
134.233 34.216
146.725 34.246
159.201 34.267
171.747 34.248
184.237 34.231
196.772 34.250
46.770 46.744
59.282 46.757
71.744 46.773
84.234 46.769
96.762 46.760
109.216 46.778
121.763 46.751
134.280 46.745
146.764 46.795
159.249 46.705
171.720 46.774
184.225 46.803
196.757 46.749
209.230 46.732
34.237 59.250
46.795 59.211
59.206 59.231
71.763 59.224
84.272 59.217
96.782 59.193
109.240 59.235
121.799 59.222
134.234 59.202
146.736 59.179
159.216 59.288
171.769 59.259
184.231 59.246
196.802 59.210
209.252 59.230
221.737 59.263
34.235 71.751
46.702 71.782
59.248 71.764
71.782 71.741
84.155 71.777
96.764 71.762
109.274 71.790
121.799 71.762
134.225 71.787
146.777 71.738
159.238 71.749
171.742 71.791
184.248 71.775
196.773 71.735
209.228 71.770
221.734 71.755
21.759 84.256
34.248 84.266
46.757 84.309
59.257 84.245
71.774 84.254
84.211 84.211
96.710 84.192
109.225 84.226
121.731 84.257
134.242 84.233
146.768 84.257
159.211 84.243
171.765 84.272
184.243 84.211
196.804 84.221
209.204 84.191
221.747 84.289
234.232 84.235
21.750 96.759
34.246 96.746
46.772 96.743
59.255 96.766
71.777 96.759
84.255 96.698
96.799 96.781
109.202 96.729
121.768 96.786
134.248 96.738
146.781 96.807
159.253 96.731
171.806 96.738
184.233 96.777
196.777 96.762
209.231 96.785
221.758 96.780
234.231 96.780
21.731 109.225
34.222 109.242
46.790 109.229
59.240 109.238
71.747 109.223
84.222 109.194
96.803 109.269
109.280 109.237
121.734 109.211
134.249 109.263
146.786 109.229
159.237 109.239
171.775 109.208
184.229 109.210
196.720 109.266
209.204 109.239
221.759 109.233
234.262 109.229
9.221 121.712
21.777 121.785
34.223 121.727
46.763 121.765
59.230 121.765
71.744 121.801
84.250 121.737
96.761 121.799
109.240 121.775
121.719 121.726
134.224 121.772
146.767 121.790
159.251 121.780
171.808 121.793
184.254 121.783
196.751 121.745
209.239 121.755
221.786 121.762
234.254 121.762
246.741 121.769
9.278 134.246
21.751 134.277
34.246 134.246
46.778 134.249
59.229 134.279
71.751 134.247
84.229 134.202
96.739 134.251
109.228 134.209
121.745 134.203
134.262 134.227
146.840 134.246
159.295 134.227
171.777 134.212
184.205 134.241
196.752 134.235
209.259 134.243
221.748 134.276
234.221 134.202
246.765 134.268
21.769 146.782
34.228 146.768
46.756 146.770
59.254 146.768
71.760 146.796
84.229 146.777
96.763 146.763
109.224 146.744
121.778 146.754
134.224 146.787
146.804 146.713
159.252 146.801
171.788 146.816
184.207 146.758
196.758 146.777
209.270 146.769
221.759 146.777
234.248 146.790
21.790 159.240
34.294 159.207
46.834 159.259
59.239 159.221
71.779 159.219
84.274 159.229
97.082 159.217
108.504 158.874
122.050 159.422
134.275 159.113
147.638 159.647
159.100 159.099
172.426 161.012
183.920 159.111
196.898 159.633
209.684 158.587
223.503 159.499
233.835 159.148
22.105 171.406
34.500 170.424
46.345 171.582
60.405 171.303
72.122 171.574
84.550 171.668
96.907 171.802
110.688 172.220
122.783 171.836
132.141 171.951
146.295 172.585
158.845 170.833
171.560 171.824
184.097 171.764
197.314 173.866
208.660 172.112
221.004 171.767
234.374 171.722
34.247 186.030
47.272 184.390
57.541 184.080
71.941 184.368
84.289 186.054
96.365 183.295
108.189 184.789
121.218 182.853
132.732 183.834
147.588 183.641
159.415 183.826
171.931 184.442
184.256 183.882
198.215 184.207
209.759 182.981
221.589 181.848
34.248 196.110
47.146 196.398
59.068 196.877
71.311 195.817
83.640 197.113
96.841 195.866
108.857 197.365
123.423 197.077
134.623 198.716
146.748 196.310
158.533 196.756
171.027 197.208
185.647 198.206
197.005 195.530
209.031 197.511
221.880 197.341
47.575 209.962
59.037 208.962
71.952 209.848
85.414 208.912
97.930 209.388
109.360 208.448
123.167 209.043
134.352 209.534
145.391 207.640
158.434 208.797
171.475 208.802
184.713 208.701
198.673 208.951
208.755 210.510
58.886 222.291
71.983 221.208
85.187 220.700
97.713 221.439
108.869 221.802
121.759 221.791
133.694 220.556
146.564 221.693
161.051 222.464
171.198 221.786
181.678 221.904
201.184 221.628
85.956 232.006
99.221 235.202
110.115 233.946
123.659 234.392
134.537 236.495
149.066 234.263
158.829 234.000
171.572 235.911
122.205 245.946
135.706 247.255
