121.752 9.223
134.222 9.261
84.246 21.764
96.777 21.798
109.233 21.758
121.785 21.753
134.219 21.767
146.768 21.753
159.218 21.771
171.777 21.772
59.237 34.214
71.741 34.246
84.252 34.250
96.779 34.227
109.221 34.228
121.761 34.208
134.242 34.208
146.736 34.228
159.239 34.233
171.786 34.239
184.230 34.236
196.785 34.215
46.774 46.762
59.263 46.763
71.757 46.762
84.225 46.788
96.800 46.772
109.238 46.735
121.749 46.772
134.236 46.755
146.764 46.784
159.232 46.774
171.767 46.779
184.234 46.770
196.762 46.761
209.229 46.764
34.250 59.237
46.753 59.231
59.241 59.250
71.786 59.241
84.226 59.237
96.762 59.272
109.209 59.216
121.749 59.243
134.230 59.217
146.781 59.242
159.240 59.224
171.763 59.215
184.252 59.236
196.754 59.239
209.212 59.201
221.764 59.235
34.216 71.757
46.738 71.769
59.210 71.805
71.771 71.760
84.232 71.776
96.753 71.762
109.248 71.756
121.780 71.778
134.246 71.770
146.748 71.758
159.238 71.744
171.760 71.781
184.249 71.761
196.752 71.769
209.218 71.767
221.784 71.777
21.772 84.226
34.228 84.224
46.775 84.241
59.222 84.242
71.749 84.225
84.275 84.250
96.762 84.212
109.236 84.232
121.760 84.231
134.231 84.245
146.782 84.228
159.230 84.234
171.763 84.244
184.247 84.236
196.779 84.243
209.219 84.253
221.763 84.233
234.207 84.226
21.818 96.771
34.221 96.749
46.770 96.754
59.226 96.777
71.798 96.775
84.235 96.773
96.789 96.748
109.242 96.743
121.758 96.754
134.228 96.796
146.791 96.765
159.230 96.775
171.753 96.765
184.243 96.749
196.755 96.787
209.217 96.751
221.798 96.770
234.228 96.737
21.793 109.219
34.242 109.221
46.785 109.239
59.237 109.253
71.799 109.220
84.223 109.225
96.764 109.220
109.247 109.208
121.767 109.222
134.214 109.233
146.770 109.234
159.198 109.218
171.769 109.230
184.227 109.230
196.778 109.218
209.223 109.239
221.748 109.233
234.231 109.240
9.230 121.786
21.787 121.762
34.217 121.746
46.791 121.781
59.214 121.780
71.777 121.792
84.208 121.760
96.765 121.786
109.223 121.791
121.773 121.752
134.222 121.783
146.773 121.750
159.242 121.745
171.764 121.760
184.236 121.765
196.783 121.772
209.229 121.779
221.780 121.765
234.207 121.786
246.778 121.766
9.251 134.220
21.765 134.238
34.254 134.252
46.768 134.255
59.248 134.232
71.772 134.230
84.226 134.274
96.750 134.233
109.240 134.213
121.762 134.245
134.230 134.250
146.747 134.251
159.225 134.248
171.764 134.222
184.201 134.220
196.773 134.243
209.233 134.236
221.756 134.246
234.242 134.224
246.748 134.214
21.762 146.789
34.232 146.776
46.752 146.753
59.236 146.775
71.753 146.779
84.220 146.754
96.784 146.766
109.233 146.752
121.766 146.769
134.242 146.770
146.771 146.791
159.235 146.784
171.788 146.765
184.240 146.749
196.771 146.759
209.235 146.771
221.770 146.808
234.242 146.736
21.765 159.239
34.253 159.243
46.744 159.237
59.232 159.245
71.797 159.238
84.251 159.236
96.757 159.248
109.237 159.246
121.760 159.244
134.244 159.238
146.754 159.253
159.233 159.252
171.787 159.235
184.217 159.234
196.791 159.213
209.232 159.231
221.765 159.232
234.240 159.242
21.776 171.753
34.256 171.740
46.767 171.759
59.215 171.762
71.771 171.772
84.233 171.769
96.730 171.788
109.246 171.771
121.782 171.765
134.204 171.763
146.748 171.766
159.240 171.792
171.768 171.765
184.226 171.742
196.792 171.788
209.189 171.789
221.768 171.758
234.243 171.766
34.233 184.240
46.778 184.259
59.221 184.239
71.776 184.232
84.243 184.214
96.805 184.219
109.234 184.234
121.744 184.247
134.245 184.252
146.769 184.233
159.234 184.220
171.761 184.233
184.213 184.222
196.756 184.252
209.201 184.226
221.759 184.216
34.220 196.762
46.785 196.792
59.223 196.794
71.734 196.774
84.230 196.770
96.756 196.769
109.224 196.772
121.745 196.777
134.250 196.747
146.756 196.779
159.235 196.771
171.772 196.752
184.225 196.763
196.736 196.743
209.259 196.771
221.753 196.782
46.763 209.247
59.218 209.220
71.770 209.217
84.228 209.231
96.770 209.230
109.239 209.228
121.772 209.247
134.246 209.262
146.758 209.221
159.229 209.246
171.776 209.228
184.221 209.211
196.749 209.220
209.228 209.236
59.225 221.767
71.765 221.753
84.219 221.759
96.776 221.776
109.238 221.756
121.789 221.776
134.270 221.760
146.781 221.766
159.244 221.776
171.777 221.775
184.230 221.763
196.761 221.761
84.237 234.244
96.792 234.245
109.257 234.232
121.780 234.195
134.244 234.222
146.759 234.241
159.216 234.223
171.778 234.216
121.796 246.757
134.236 246.751
