121.805 9.220
134.266 9.248
84.239 21.743
96.766 21.778
109.250 21.795
121.792 21.754
134.240 21.767
146.781 21.793
159.232 21.774
171.767 21.758
59.220 34.235
71.779 34.227
84.211 34.251
96.764 34.248
109.193 34.207
121.756 34.244
134.215 34.225
146.739 34.223
159.232 34.248
171.762 34.240
184.234 34.243
196.765 34.243
46.761 46.771
59.234 46.792
71.772 46.786
84.245 46.793
96.766 46.758
109.241 46.770
121.780 46.768
134.198 46.776
146.780 46.760
159.229 46.766
171.784 46.755
184.214 46.762
196.779 46.775
209.228 46.759
34.232 59.235
46.748 59.257
59.209 59.229
71.786 59.235
84.248 59.255
96.770 59.241
109.232 59.267
121.769 59.254
134.233 59.234
146.774 59.241
159.240 59.247
171.761 59.243
184.235 59.229
196.764 59.235
209.257 59.245
221.804 59.222
34.269 71.761
46.768 71.760
59.240 71.789
71.774 71.784
84.215 71.764
96.791 71.754
109.220 71.745
121.764 71.767
134.243 71.785
146.762 71.781
159.240 71.799
171.755 71.769
184.232 71.792
196.789 71.765
209.219 71.767
221.790 71.748
21.773 84.242
34.216 84.221
46.746 84.204
59.222 84.227
71.738 84.218
84.213 84.209
96.756 84.248
109.235 84.226
121.767 84.213
134.202 84.225
146.753 84.247
159.244 84.241
171.784 84.227
184.233 84.252
196.756 84.266
209.207 84.250
221.775 84.254
234.224 84.239
21.791 96.784
34.245 96.753
46.742 96.769
59.216 96.765
71.747 96.775
84.231 96.769
96.759 96.769
109.250 96.759
121.770 96.758
134.231 96.760
146.759 96.748
159.243 96.752
171.758 96.767
184.234 96.767
196.773 96.768
209.225 96.777
221.766 96.754
234.229 96.748
21.779 109.244
34.219 109.216
46.765 109.214
59.265 109.227
71.754 109.257
84.259 109.214
96.769 109.254
109.203 109.221
121.767 109.250
134.221 109.249
146.785 109.237
159.222 109.239
171.777 109.239
184.234 109.216
196.751 109.253
209.212 109.233
221.756 109.263
234.225 109.246
9.216 121.712
21.773 121.763
34.247 121.755
46.780 121.763
59.211 121.747
71.758 121.786
84.236 121.782
96.760 121.775
109.211 121.738
121.766 121.791
134.240 121.765
146.764 121.771
159.229 121.770
171.742 121.757
184.239 121.752
196.774 121.774
209.219 121.797
221.760 121.762
234.226 121.777
246.757 121.754
9.247 134.238
21.805 134.210
34.207 134.193
46.769 134.257
59.214 134.224
71.756 134.223
84.238 134.224
96.779 134.208
109.208 134.233
121.752 134.244
134.250 134.230
146.787 134.198
159.231 134.237
171.770 134.238
184.231 134.235
196.800 134.224
209.252 134.204
221.766 134.236
234.240 134.235
246.786 134.230
21.780 146.745
34.240 146.810
46.778 146.782
59.222 146.789
71.770 146.811
84.221 146.794
96.769 146.747
109.236 146.744
121.770 146.754
134.248 146.789
146.755 146.776
159.242 146.774
171.757 146.753
184.248 146.760
196.775 146.756
209.243 146.751
221.772 146.764
234.247 146.757
21.765 159.219
34.218 159.215
46.764 159.235
59.237 159.229
71.775 159.245
84.224 159.231
96.763 159.243
109.241 159.262
121.758 159.228
134.223 159.225
146.748 159.243
159.220 159.197
171.754 159.247
184.216 159.232
196.757 159.261
209.268 159.233
221.765 159.231
234.230 159.235
21.777 171.759
34.220 171.749
46.790 171.786
59.189 171.783
71.758 171.771
84.218 171.770
96.761 171.736
109.257 171.760
121.765 171.737
134.226 171.753
146.767 171.753
159.253 171.768
171.781 171.795
184.215 171.759
196.785 171.752
209.220 171.770
221.755 171.761
234.257 171.761
34.229 184.220
46.751 184.243
59.236 184.231
71.798 184.221
84.242 184.243
96.795 184.208
109.266 184.262
121.773 184.222
134.244 184.227
146.749 184.222
159.222 184.203
171.766 184.229
184.258 184.222
196.774 184.236
209.229 184.232
221.778 184.231
34.237 196.773
46.724 196.774
59.228 196.775
71.765 196.778
84.237 196.751
96.761 196.745
109.206 196.775
121.761 196.762
134.213 196.768
146.776 196.755
159.224 196.759
171.787 196.785
184.253 196.766
196.774 196.743
209.235 196.754
221.780 196.756
46.784 209.262
59.250 209.252
71.772 209.246
84.236 209.210
96.755 209.230
109.234 209.212
121.771 209.221
134.251 209.257
146.750 209.237
159.229 209.245
171.774 209.196
184.232 209.234
196.751 209.234
209.235 209.222
59.232 221.753
71.743 221.760
84.250 221.776
96.775 221.757
109.210 221.744
121.777 221.761
134.209 221.789
146.739 221.783
159.278 221.775
171.763 221.752
184.222 221.755
196.791 221.775
84.246 234.251
96.764 234.228
109.231 234.248
121.766 234.232
134.207 234.222
146.753 234.243
159.237 234.229
171.784 234.238
121.771 246.775
134.239 246.770
