45.264 7.789
57.735 7.739
70.254 7.699
82.789 7.773
32.707 20.263
45.249 20.273
57.769 20.257
70.271 20.240
82.747 20.254
95.215 20.231
20.258 32.769
32.724 32.783
45.277 32.723
57.782 32.775
70.248 32.782
82.748 32.809
95.193 32.822
107.596 32.840
8.327 46.297
21.656 46.141
34.587 43.728
49.086 45.007
55.775 45.591
71.495 48.274
80.106 46.643
95.250 48.197
106.802 45.017
118.489 45.751
6.611 57.335
18.954 59.146
32.063 58.388
46.926 57.745
54.904 56.536
71.368 58.341
81.831 60.626
94.960 57.493
106.263 56.815
118.018 56.915
5.764 69.360
18.565 72.261
31.583 70.832
44.874 71.179
55.256 67.201
67.849 72.144
83.124 69.726
96.134 71.176
106.803 71.898
120.256 70.297
7.364 83.823
19.388 81.245
31.929 83.006
44.244 84.633
54.441 82.924
72.219 85.047
80.835 84.608
92.839 78.776
107.740 82.849
120.561 83.195
18.364 96.156
31.402 93.490
45.918 96.082
56.455 96.638
69.141 94.824
81.324 94.229
98.127 100.165
104.826 97.780
33.187 108.099
43.983 109.025
55.398 107.930
70.766 108.262
81.763 106.735
94.326 105.462
45.526 121.858
53.690 119.550
70.133 120.571
82.030 120.600
