45.241 7.779
56.145 8.414
69.568 4.962
83.925 7.940
29.844 19.951
45.521 20.672
57.478 21.092
71.080 22.323
82.548 20.064
96.183 19.716
19.672 32.879
32.579 34.415
44.895 35.251
57.400 32.301
70.503 31.811
80.623 33.185
94.699 31.703
107.842 32.719
7.520 47.176
21.010 45.971
31.842 44.334
45.297 45.952
56.970 47.022
70.359 47.806
80.667 44.882
94.685 46.999
107.262 44.969
117.799 46.017
7.325 57.543
19.788 57.810
31.935 58.438
45.618 57.932
55.929 55.565
70.821 58.344
81.070 57.585
95.505 57.938
106.954 57.273
118.444 58.346
7.163 70.125
18.864 72.269
33.012 72.671
44.501 71.320
58.434 69.804
67.831 71.783
82.738 71.172
95.801 69.518
106.342 70.205
121.191 69.703
7.464 82.813
19.081 83.210
32.741 83.204
44.961 83.556
56.355 83.105
71.970 83.932
81.886 82.922
92.732 81.372
107.384 82.930
121.755 84.491
20.250 95.841
31.977 95.987
45.519 95.682
56.837 95.957
70.162 96.175
80.388 95.683
96.199 97.777
106.318 98.134
32.707 108.032
44.643 108.820
55.860 108.530
70.311 107.767
82.476 107.321
94.586 106.050
46.184 120.800
54.136 120.502
70.287 120.742
82.384 121.782
