121.759 9.241
134.218 9.234
84.220 21.764
96.763 21.774
109.229 21.750
121.752 21.776
134.222 21.776
146.783 21.751
159.188 21.784
171.748 21.758
59.211 34.241
71.760 34.227
84.230 34.245
96.760 34.231
109.240 34.240
121.763 34.239
134.222 34.236
146.794 34.240
159.225 34.251
171.769 34.245
184.232 34.228
196.742 34.221
46.749 46.779
59.239 46.817
71.788 46.785
84.228 46.783
96.753 46.763
109.257 46.764
121.778 46.782
134.232 46.744
146.769 46.772
159.232 46.747
171.754 46.772
184.260 46.770
196.746 46.759
209.238 46.776
34.242 59.219
46.752 59.264
59.251 59.260
71.762 59.241
84.242 59.221
96.772 59.208
109.239 59.231
121.756 59.221
134.234 59.245
146.761 59.239
159.243 59.237
171.785 59.209
184.232 59.221
196.749 59.210
209.212 59.233
221.744 59.221
34.251 71.755
46.790 71.777
59.240 71.768
71.787 71.828
84.235 71.742
96.779 71.781
109.215 71.760
121.766 71.765
134.230 71.766
146.778 71.761
159.235 71.754
171.761 71.769
184.221 71.763
196.759 71.783
209.231 71.788
221.765 71.761
21.787 84.209
34.237 84.252
46.771 84.245
59.198 84.218
71.757 84.222
84.254 84.219
96.767 84.234
109.202 84.236
121.789 84.207
134.230 84.204
146.758 84.234
159.203 84.245
171.764 84.207
184.245 84.223
196.744 84.231
209.242 84.220
221.765 84.227
234.240 84.213
21.772 96.768
34.218 96.769
46.762 96.763
59.220 96.795
71.796 96.747
84.230 96.770
96.744 96.792
109.206 96.755
121.773 96.778
134.229 96.760
146.770 96.778
159.211 96.763
171.763 96.789
184.210 96.786
196.772 96.766
209.223 96.759
221.779 96.767
234.223 96.787
21.788 109.217
34.213 109.225
46.779 109.235
59.231 109.230
71.758 109.222
84.230 109.235
96.758 109.256
109.252 109.245
121.767 109.230
134.228 109.211
146.776 109.257
159.220 109.228
171.762 109.248
184.243 109.258
196.778 109.233
209.250 109.242
221.764 109.214
234.241 109.242
9.248 121.744
21.785 121.736
34.220 121.763
46.764 121.756
59.220 121.783
71.767 121.748
84.239 121.773
96.743 121.764
109.235 121.759
121.758 121.755
134.234 121.759
146.757 121.775
159.239 121.757
171.784 121.774
184.235 121.758
196.735 121.754
209.237 121.779
221.774 121.747
234.233 121.786
246.746 121.787
9.268 134.216
21.773 134.227
34.239 134.230
46.773 134.231
59.235 134.235
71.779 134.220
84.223 134.251
96.768 134.256
109.238 134.221
121.743 134.226
134.249 134.260
146.738 134.231
159.236 134.225
171.780 134.236
184.233 134.236
196.745 134.219
209.242 134.188
221.784 134.237
234.247 134.235
246.748 134.233
21.775 146.766
34.227 146.775
46.780 146.754
59.248 146.752
71.748 146.758
84.222 146.726
96.757 146.760
109.240 146.776
121.759 146.738
134.256 146.762
146.780 146.782
159.228 146.764
171.745 146.770
184.233 146.761
196.771 146.770
209.234 146.775
221.766 146.761
234.232 146.756
21.772 159.242
34.252 159.228
46.752 159.244
59.233 159.209
71.792 159.241
84.257 159.237
96.754 159.231
109.220 159.224
121.771 159.267
134.193 159.231
146.767 159.224
159.256 159.235
171.758 159.217
184.244 159.244
196.763 159.224
209.235 159.228
221.764 159.239
234.222 159.225
21.757 171.756
34.253 171.756
46.765 171.773
59.207 171.782
71.754 171.759
84.243 171.752
96.755 171.757
109.233 171.784
121.756 171.778
134.242 171.795
146.773 171.764
159.218 171.754
171.763 171.742
184.203 171.782
196.758 171.776
209.230 171.752
221.795 171.778
234.215 171.762
34.216 184.223
46.751 184.254
59.234 184.219
71.792 184.236
84.243 184.239
96.762 184.237
109.244 184.234
121.806 184.238
134.215 184.249
146.748 184.230
159.231 184.253
171.768 184.238
184.215 184.218
196.797 184.214
209.234 184.249
221.747 184.236
34.235 196.767
46.775 196.764
59.235 196.776
71.808 196.773
84.216 196.754
96.766 196.780
109.250 196.762
121.786 196.768
134.235 196.761
146.756 196.766
159.229 196.767
171.761 196.756
184.236 196.766
196.777 196.765
209.226 196.773
221.772 196.779
46.769 209.232
59.215 209.209
71.776 209.216
84.218 209.234
96.768 209.255
109.191 209.245
121.778 209.249
134.245 209.212
146.753 209.250
159.241 209.231
171.747 209.220
184.254 209.252
196.777 209.229
209.221 209.237
59.229 221.783
71.772 221.784
84.214 221.774
96.787 221.755
109.208 221.782
121.764 221.752
134.206 221.788
146.787 221.784
159.236 221.786
171.759 221.773
184.239 221.755
196.795 221.763
84.254 234.249
96.753 234.249
109.206 234.239
121.744 234.227
134.234 234.256
146.769 234.245
159.238 234.248
171.773 234.242
121.744 246.746
134.246 246.758
