121.748 9.231
134.246 9.233
84.255 21.755
96.765 21.781
109.226 21.744
121.768 21.759
134.230 21.769
146.767 21.758
159.234 21.771
171.776 21.768
59.253 34.258
71.731 34.238
84.260 34.229
96.798 34.251
109.239 34.235
121.784 34.227
134.220 34.220
146.743 34.244
159.256 34.255
171.728 34.237
184.258 34.244
196.770 34.253
46.763 46.747
59.236 46.756
71.750 46.761
84.242 46.779
96.774 46.747
109.256 46.772
121.771 46.741
134.245 46.768
146.760 46.775
159.243 46.750
171.759 46.762
184.242 46.744
196.742 46.762
209.226 46.767
34.243 59.240
46.758 59.259
59.264 59.257
71.760 59.224
84.219 59.238
96.758 59.237
109.243 59.228
121.747 59.232
134.259 59.252
146.735 59.243
159.244 59.266
171.779 59.258
184.226 59.255
197.558 60.042
209.860 58.513
222.293 59.891
34.834 72.310
46.722 70.540
60.140 71.806
71.633 73.055
84.308 73.927
96.839 71.892
110.152 72.766
123.018 71.413
134.253 73.438
147.078 72.097
161.797 71.594
172.301 72.890
184.827 72.325
196.594 71.664
208.451 71.480
222.026 73.804
22.000 84.658
34.540 85.227
47.121 84.659
59.862 84.750
71.909 85.277
85.309 85.371
97.186 85.094
108.683 85.018
122.072 85.471
134.053 84.586
147.394 85.813
160.213 83.801
172.072 84.653
184.678 85.237
196.564 86.495
211.666 84.486
222.068 84.724
235.357 85.932
21.697 97.089
35.963 96.063
47.847 96.148
60.016 97.942
71.982 98.098
84.983 97.180
98.732 96.320
109.875 96.544
120.659 96.678
133.231 95.968
145.951 97.956
159.966 96.715
173.218 98.213
184.824 95.544
195.432 97.321
210.053 97.121
222.946 95.599
235.174 97.419
21.185 111.367
35.992 110.819
46.814 110.167
59.859 109.449
71.940 108.997
84.142 109.942
97.693 108.894
109.724 110.367
122.876 112.553
134.794 111.592
147.076 110.196
160.106 110.045
172.347 110.444
185.741 109.858
197.261 108.684
208.975 110.032
221.666 110.167
234.443 110.525
10.091 122.654
22.334 121.707
36.615 121.264
48.088 121.860
60.121 121.536
72.466 121.277
85.697 122.113
96.619 121.952
109.956 122.709
123.107 122.725
134.638 122.183
145.320 122.300
160.163 122.280
172.020 122.235
184.600 123.030
196.264 121.909
209.435 121.323
221.741 121.541
235.153 122.201
247.513 122.468
9.569 135.736
21.842 136.554
34.789 136.652
46.439 135.353
58.730 135.443
72.791 136.524
84.558 134.651
97.587 136.796
109.776 135.409
121.305 135.148
134.877 134.927
146.934 135.148
159.526 133.659
172.254 135.016
185.584 134.692
196.028 134.659
209.617 136.903
221.434 135.268
234.789 136.411
247.089 133.474
22.201 147.180
34.558 147.589
46.576 146.900
60.579 145.948
72.490 146.476
84.414 147.133
96.368 147.165
110.003 147.099
121.925 147.398
134.754 146.846
145.510 146.619
160.672 145.500
171.954 148.176
185.063 146.683
197.085 146.838
209.610 145.537
221.222 147.602
234.870 147.311
22.994 160.388
34.252 159.147
47.507 159.633
59.733 158.638
70.467 160.436
85.865 160.134
97.120 160.202
108.143 161.586
121.744 159.419
134.743 159.832
145.587 161.165
159.677 160.049
171.415 160.362
184.410 160.268
196.647 159.784
209.934 159.719
222.273 159.746
235.343 159.837
23.121 173.271
36.090 172.267
46.256 172.682
61.587 172.547
72.349 172.294
84.955 173.646
96.861 172.526
112.418 172.778
121.932 172.831
134.706 170.574
146.575 171.231
160.412 171.885
171.864 171.460
186.060 172.544
196.648 172.045
208.774 172.615
221.547 171.735
234.314 171.519
35.167 184.453
46.539 183.854
58.865 185.174
71.124 185.224
84.699 185.691
97.050 184.995
109.628 185.055
122.042 184.801
134.805 185.756
147.016 185.814
160.515 185.403
170.982 185.096
185.231 184.815
196.285 183.883
210.376 184.521
221.716 185.238
34.878 196.800
48.606 196.792
60.390 196.995
70.729 195.872
83.948 197.829
97.021 198.631
111.555 196.420
121.990 197.130
134.637 196.618
148.586 197.106
160.378 197.413
173.815 196.779
185.360 198.530
196.055 196.779
210.322 196.477
222.300 198.237
45.518 207.773
59.514 210.826
71.682 209.121
84.478 210.029
97.751 208.925
108.464 209.474
121.978 210.228
135.391 209.727
147.788 210.392
159.580 210.236
172.183 209.872
187.476 209.262
197.189 210.769
209.541 209.294
60.550 222.070
71.286 223.161
85.469 221.312
95.521 222.963
109.824 221.978
121.842 222.400
133.585 221.676
147.132 222.074
158.363 220.452
171.414 223.607
184.933 222.048
196.976 222.722
85.928 236.325
95.454 233.435
108.961 235.445
121.174 235.285
135.161 235.927
147.087 235.270
158.737 234.667
173.523 235.224
121.759 246.741
135.749 248.215
