122.535 9.108
133.874 10.371
83.145 21.746
94.332 20.964
108.691 22.280
122.359 21.739
132.651 21.910
147.329 23.202
159.179 22.792
171.938 21.951
58.417 34.946
72.075 34.293
85.243 33.781
95.626 34.002
108.976 34.131
120.192 33.312
134.674 33.936
145.623 33.714
159.459 34.258
171.761 34.027
184.100 33.790
199.182 34.332
46.300 47.266
58.809 47.472
72.854 46.962
83.461 46.795
97.969 47.423
110.016 47.069
121.741 46.721
133.869 46.931
148.864 46.487
157.259 47.096
172.024 48.429
183.690 47.004
196.621 46.854
209.045 45.813
34.083 57.725
46.794 58.839
58.025 58.957
71.029 59.191
84.338 60.167
97.240 59.159
109.870 57.768
122.962 59.143
134.604 57.265
147.373 58.804
159.062 58.988
172.151 59.316
184.401 59.141
195.713 59.086
207.879 59.098
222.129 58.558
33.768 72.365
46.698 72.249
58.819 71.913
71.638 71.479
84.758 69.800
96.385 71.848
111.032 71.290
122.625 73.871
134.959 71.105
148.709 71.958
160.035 75.221
171.885 73.069
184.030 72.924
196.985 70.692
207.497 70.897
222.762 71.993
23.196 84.306
34.512 83.648
47.486 85.019
58.170 83.999
69.265 82.821
83.524 85.656
98.064 85.383
109.013 85.196
123.546 84.481
134.445 86.366
147.590 83.122
159.286 86.136
173.692 83.918
186.110 84.865
195.934 82.904
207.427 84.140
222.146 85.202
233.956 82.092
23.093 98.725
35.582 96.847
46.427 96.823
60.607 97.362
69.615 97.189
84.347 95.769
95.275 96.574
108.818 97.438
122.883 97.128
133.760 98.064
146.562 95.914
160.231 97.212
171.745 96.096
181.724 94.863
198.371 96.339
207.187 96.660
222.972 96.967
232.905 98.693
22.007 108.775
33.708 108.954
45.656 108.552
59.719 109.736
71.229 108.904
84.796 109.016
98.372 108.634
112.380 108.964
120.769 111.944
133.356 105.470
147.673 111.730
160.127 108.154
173.315 109.078
183.912 109.300
197.766 110.199
208.789 107.618
221.654 109.921
233.206 108.695
8.950 123.294
24.277 120.846
36.351 120.309
47.706 121.564
59.154 122.840
72.452 121.291
84.574 122.241
98.844 119.487
109.352 121.549
119.780 124.756
130.807 122.047
146.862 119.672
156.994 124.607
174.604 121.950
185.916 120.445
199.123 121.323
209.239 123.708
223.702 121.628
235.730 123.106
247.296 121.018
8.984 137.339
24.169 135.310
35.059 132.610
47.799 135.501
57.557 133.136
71.809 134.845
84.027 133.788
98.513 135.046
108.704 133.018
122.162 134.151
137.642 131.490
144.879 132.889
157.630 134.742
171.484 132.242
182.588 133.542
196.633 134.979
208.570 131.966
219.768 134.011
232.781 135.175
245.142 135.798
22.563 146.611
32.607 148.258
45.752 144.510
57.418 146.701
69.038 146.623
84.798 148.289
98.212 146.450
108.823 147.089
124.071 147.452
134.006 145.256
147.952 147.718
160.287 147.864
172.176 146.727
185.839 147.245
197.666 147.062
209.636 146.708
223.584 146.286
233.498 146.190
23.445 158.778
33.030 160.913
46.596 159.997
61.544 160.585
71.188 160.200
82.082 159.583
94.619 160.307
108.010 155.409
121.758 159.345
132.474 160.046
150.673 160.287
157.897 160.110
169.941 163.819
184.516 156.995
195.659 159.137
213.517 159.714
227.128 157.946
232.154 159.721
23.095 171.429
34.961 168.747
45.440 172.675
59.672 172.699
70.419 171.725
85.892 170.790
94.005 170.997
109.942 170.864
123.043 171.837
132.682 170.997
145.625 171.963
158.381 169.605
171.267 170.697
183.989 175.778
195.406 174.448
207.530 173.153
219.961 170.479
233.172 172.517
32.954 186.708
47.961 182.850
57.625 185.641
70.777 184.117
85.983 186.005
93.289 185.145
103.781 185.405
124.465 186.197
134.173 183.982
147.181 182.404
159.660 182.739
171.667 181.752
185.750 180.682
196.680 183.890
211.513 180.741
221.802 180.725
34.623 196.333
43.695 197.198
58.770 201.080
70.101 195.436
83.380 196.877
96.263 197.586
110.593 195.943
122.809 197.069
134.892 197.559
148.029 192.448
160.620 199.052
167.293 196.429
184.734 198.247
196.203 195.978
209.592 198.580
223.078 196.760
45.040 209.095
57.822 208.599
68.954 207.060
87.201 208.189
101.252 210.873
111.098 207.957
124.467 209.497
137.020 209.253
146.191 207.156
158.723 210.110
171.809 208.343
184.527 207.421
197.879 207.644
209.126 211.187
57.939 222.149
70.827 221.225
84.791 222.079
95.879 222.045
108.346 222.119
121.668 218.859
136.915 218.603
144.225 223.461
161.663 220.951
173.666 222.129
181.726 220.875
199.340 222.164
85.111 231.560
100.123 236.065
111.794 233.615
124.671 233.021
134.605 235.083
149.055 232.927
157.230 231.929
170.575 237.360
121.820 245.684
136.107 246.709
