121.759 9.207
134.225 9.234
84.242 21.760
96.754 21.769
109.225 21.773
121.767 21.754
134.212 21.759
146.771 21.762
159.237 21.756
171.771 21.785
59.222 34.221
71.805 34.232
84.229 34.227
96.799 34.207
109.210 34.217
121.792 34.230
134.250 34.249
146.761 34.226
159.238 34.241
171.741 34.239
184.233 34.252
196.754 34.236
46.777 46.759
59.245 46.796
71.766 46.763
84.240 46.746
96.775 46.753
109.228 46.767
121.740 46.768
134.236 46.778
146.736 46.757
159.238 46.773
171.748 46.759
184.239 46.772
196.755 46.752
209.233 46.759
34.231 59.230
46.772 59.213
59.243 59.240
71.791 59.200
84.202 59.237
96.762 59.219
109.215 59.260
121.770 59.232
134.206 59.230
146.762 59.243
159.229 59.242
171.800 59.212
184.263 59.234
196.795 59.232
209.209 59.252
221.749 59.237
34.231 71.766
46.797 71.770
59.244 71.759
71.762 71.807
84.238 71.769
96.759 71.762
109.251 71.770
121.779 71.767
134.253 71.781
146.769 71.754
159.252 71.783
171.798 71.776
184.215 71.790
196.758 71.788
209.214 71.791
221.744 71.782
21.755 84.237
34.235 84.241
46.776 84.240
59.219 84.193
71.770 84.219
84.237 84.239
96.776 84.250
109.239 84.244
121.771 84.223
134.215 84.236
146.779 84.231
159.221 84.244
171.758 84.230
184.237 84.207
196.781 84.221
209.232 84.241
221.739 84.277
234.224 84.239
21.760 96.772
34.238 96.757
46.776 96.780
59.234 96.762
71.766 96.769
84.226 96.781
96.768 96.736
109.264 96.770
121.773 96.732
134.207 96.796
146.770 96.752
159.247 96.757
171.790 96.777
184.234 96.762
196.786 96.805
209.240 96.767
221.749 96.770
234.247 96.772
21.770 109.224
34.231 109.242
46.773 109.246
59.250 109.225
71.757 109.199
84.232 109.241
96.774 109.232
109.244 109.245
121.774 109.232
134.210 109.242
146.778 109.223
159.253 109.248
171.758 109.246
184.216 109.227
196.764 109.227
209.210 109.206
221.751 109.245
234.211 109.250
9.216 121.779
21.796 121.774
34.241 121.765
46.749 121.760
59.245 121.797
71.751 121.762
84.219 121.758
96.741 121.767
109.259 121.775
121.753 121.765
134.197 121.765
146.755 121.771
159.245 121.763
171.774 121.753
184.222 121.763
196.761 121.799
209.212 121.783
221.744 121.744
234.221 121.765
246.759 121.758
9.231 134.233
21.763 134.211
34.212 134.222
46.766 134.201
59.208 134.237
71.774 134.226
84.216 134.229
96.757 134.231
109.247 134.230
121.797 134.224
134.214 134.230
146.770 134.212
159.225 134.213
171.778 134.236
184.226 134.239
196.775 134.231
209.229 134.208
221.770 134.252
234.236 134.230
246.758 134.242
21.757 146.779
34.230 146.754
46.760 146.784
59.235 146.764
71.768 146.761
84.242 146.767
96.773 146.767
109.230 146.724
121.765 146.762
134.235 146.766
146.776 146.751
159.231 146.748
171.765 146.764
184.230 146.780
196.757 146.779
209.220 146.783
221.771 146.785
234.232 146.746
21.783 159.260
34.225 159.244
46.767 159.266
59.225 159.234
71.757 159.237
84.245 159.232
96.770 159.239
109.243 159.247
121.778 159.234
134.215 159.217
146.752 159.217
159.239 159.240
171.766 159.240
184.236 159.215
196.759 159.227
209.232 159.235
221.787 159.189
234.254 159.229
21.776 171.749
34.235 171.753
46.764 171.764
59.215 171.788
71.753 171.731
84.241 171.784
96.789 171.800
109.252 171.783
121.766 171.746
134.242 171.776
146.768 171.745
159.198 171.793
171.761 171.776
184.236 171.775
196.749 171.749
209.234 171.786
221.745 171.766
234.223 171.802
34.256 184.253
46.770 184.238
59.235 184.255
71.752 184.214
84.251 184.259
96.744 184.238
109.280 184.253
121.779 184.242
134.224 184.244
146.779 184.231
159.246 184.223
171.758 184.260
184.259 184.243
196.746 184.215
209.217 184.223
221.744 184.264
34.239 196.782
46.762 196.762
59.214 196.780
71.739 196.776
84.241 196.739
96.745 196.775
109.223 196.763
121.756 196.779
134.232 196.758
146.767 196.766
159.223 196.776
171.787 196.777
184.223 196.762
196.769 196.772
209.228 196.758
221.753 196.753
46.757 209.216
59.238 209.264
71.780 209.208
84.228 209.250
96.765 209.246
109.235 209.246
121.766 209.253
134.222 209.243
146.795 209.253
159.227 209.240
171.782 209.225
184.237 209.242
196.767 209.240
209.248 209.238
59.245 221.760
71.756 221.783
84.225 221.753
96.771 221.793
109.241 221.747
121.763 221.751
134.231 221.745
146.775 221.746
159.232 221.741
171.787 221.795
184.202 221.767
196.767 221.747
84.239 234.247
96.790 234.204
109.237 234.239
121.772 234.240
134.221 234.237
146.767 234.238
159.256 234.263
171.752 234.234
121.784 246.755
134.240 246.781
