121.783 9.229
134.235 9.235
84.203 21.749
96.769 21.729
109.228 21.752
121.763 21.780
134.205 21.775
146.725 21.781
159.251 21.758
171.776 21.751
59.177 34.212
71.773 34.257
84.250 34.280
96.731 34.213
109.265 34.260
121.749 34.276
134.229 34.200
146.748 34.235
159.233 34.230
171.746 34.226
184.202 34.193
196.751 34.250
46.748 46.762
59.233 46.741
71.783 46.730
84.259 46.765
96.790 46.791
109.253 46.793
121.773 46.751
134.223 46.809
146.767 46.743
159.263 46.790
171.806 46.749
184.266 46.767
196.765 46.751
209.238 46.783
34.233 59.215
46.778 59.238
59.228 59.227
71.783 59.220
84.242 59.239
96.751 59.253
109.258 59.248
121.754 59.222
134.257 59.269
146.800 59.261
159.269 59.237
171.753 59.262
184.251 59.239
196.781 59.250
209.281 59.244
221.776 59.223
34.253 71.804
46.748 71.740
59.228 71.808
71.745 71.797
84.231 71.798
96.749 71.736
109.210 71.811
121.751 71.734
134.216 71.764
146.735 71.799
159.208 71.758
171.761 71.737
184.217 71.760
196.790 71.751
209.244 71.732
221.776 71.754
21.772 84.228
34.228 84.256
46.775 84.226
59.244 84.268
71.783 84.259
84.208 84.256
96.743 84.266
109.230 84.240
121.772 84.225
134.255 84.225
146.755 84.237
159.200 84.201
171.762 84.282
184.289 84.209
196.762 84.234
209.231 84.250
221.778 84.273
234.207 84.237
21.770 96.790
34.231 96.791
46.786 96.779
59.218 96.741
71.763 96.768
84.215 96.744
96.764 96.789
109.249 96.759
121.732 96.757
134.253 96.752
146.759 96.770
159.249 96.763
171.754 96.771
184.229 96.767
196.741 96.741
209.246 96.769
221.768 96.755
234.214 96.672
21.723 109.217
34.316 109.307
46.761 109.206
59.258 109.232
71.777 109.235
84.256 109.262
96.788 109.211
109.237 109.217
121.785 109.269
134.257 109.269
146.735 109.221
159.266 109.277
171.749 109.227
184.204 109.262
196.764 109.176
209.229 109.223
221.749 109.239
234.282 109.215
9.261 121.768
21.756 121.758
34.218 121.728
46.805 121.744
59.237 121.743
71.662 121.762
84.220 121.697
96.741 121.779
109.246 121.751
121.765 121.792
134.244 121.743
146.756 121.760
159.244 121.749
171.733 121.805
184.257 121.719
196.742 121.740
209.262 121.808
221.750 121.769
234.252 121.766
246.696 121.764
9.205 134.268
21.756 134.271
34.215 134.271
46.771 134.218
59.227 134.236
71.798 134.253
84.243 134.215
96.712 134.233
109.224 134.271
121.770 134.338
134.239 134.243
146.780 134.194
159.283 134.240
171.774 134.241
184.247 134.214
196.795 134.225
209.224 134.208
221.789 134.235
234.249 134.264
246.744 134.232
21.748 146.762
34.255 146.745
46.720 146.703
59.239 146.757
71.778 146.776
84.215 146.794
96.758 146.794
109.289 146.744
121.774 146.741
134.228 146.763
146.802 146.744
159.222 146.779
171.802 146.786
184.325 146.729
196.760 146.771
209.234 146.761
221.768 146.757
234.303 146.802
21.681 159.200
34.250 159.292
46.766 159.240
59.243 159.240
71.782 159.223
84.273 159.234
96.781 159.209
109.256 159.218
121.653 159.285
134.230 159.220
146.709 159.247
159.215 159.293
171.745 159.223
184.237 159.235
196.739 159.210
209.245 159.248
221.745 159.253
234.273 159.230
21.761 171.754
34.210 171.763
46.771 171.787
59.229 171.753
71.756 171.742
84.216 171.784
96.741 171.752
109.332 171.729
121.730 171.792
134.272 171.688
146.797 171.768
159.226 171.784
171.713 171.795
184.303 171.783
196.740 171.780
209.226 171.791
221.734 171.777
234.226 171.775
34.227 184.254
46.737 184.256
59.232 184.223
71.737 184.233
84.254 184.191
96.768 184.267
109.229 184.339
121.798 184.203
134.234 184.264
146.748 184.236
159.267 184.212
171.769 184.221
184.223 184.218
196.788 184.218
209.235 184.259
221.751 184.239
34.240 196.803
46.787 196.762
59.291 196.812
71.780 196.713
84.286 196.762
96.771 196.680
109.244 196.802
121.765 196.737
134.208 196.791
146.781 196.757
159.229 196.700
171.810 196.793
184.341 196.747
196.774 196.754
209.242 196.741
221.775 196.762
46.765 209.227
59.225 209.235
71.739 209.280
84.262 209.234
96.770 209.258
109.208 209.229
121.765 209.262
134.241 209.280
146.779 209.223
159.192 209.251
171.713 209.233
184.231 209.231
196.807 209.263
209.308 209.223
59.200 221.682
71.755 221.741
84.234 221.810
96.784 221.809
109.244 221.724
121.762 221.791
134.228 221.769
146.788 221.753
161.072 224.007
170.979 222.285
182.201 222.974
199.994 220.578
85.594 231.862
98.569 235.052
110.439 233.167
121.642 234.202
135.069 236.368
146.785 233.814
158.882 233.628
171.278 235.921
123.089 247.186
135.328 247.959
