121.779 9.222
134.183 9.276
84.213 21.744
96.712 21.737
109.250 21.775
121.751 21.794
134.239 21.800
146.734 21.808
159.220 21.780
171.740 21.779
59.219 34.224
71.769 34.219
84.209 34.232
96.774 34.213
109.288 34.227
121.769 34.282
134.219 34.225
146.782 34.271
159.222 34.233
171.764 34.245
184.247 34.171
196.757 34.226
46.782 46.766
59.264 46.757
71.765 46.819
84.201 46.741
96.780 46.740
109.264 46.727
121.763 46.764
134.265 46.752
146.791 46.754
159.220 46.776
171.759 46.776
184.257 46.749
196.740 46.773
209.219 46.755
34.254 59.267
46.769 59.225
59.210 59.243
71.780 59.244
84.184 59.253
96.771 59.208
109.280 59.242
121.764 59.225
134.254 59.220
146.750 59.198
159.260 59.263
171.737 59.244
184.233 59.232
196.795 59.216
209.223 59.210
221.776 59.250
34.248 71.747
46.819 71.726
59.279 71.766
71.777 71.758
84.272 71.772
96.756 71.726
109.220 71.743
121.755 71.755
134.266 71.780
146.800 71.760
159.246 71.764
171.784 71.800
184.239 71.832
196.798 71.764
209.259 71.753
221.709 71.772
21.747 84.260
34.295 84.226
46.781 84.201
59.234 84.220
71.739 84.289
84.223 84.330
96.800 84.216
109.242 84.226
121.762 84.243
134.250 84.229
146.749 84.267
159.226 84.234
171.782 84.222
184.193 84.258
196.762 84.269
209.267 84.201
221.768 84.254
234.238 84.230
21.777 96.748
34.218 96.737
46.783 96.765
59.242 96.822
71.722 96.797
84.218 96.762
96.714 96.754
109.244 96.743
121.762 96.753
134.246 96.804
146.766 96.796
159.256 96.746
171.725 96.770
184.239 96.738
196.767 96.755
209.249 96.808
221.783 96.732
234.241 96.791
21.742 109.248
34.262 109.243
46.756 109.249
59.254 109.170
71.712 109.242
84.197 109.264
96.772 109.215
109.331 109.226
121.761 109.219
134.256 109.244
146.772 109.307
159.248 109.200
171.761 109.257
184.254 109.229
196.734 109.240
209.262 109.212
221.783 109.202
234.229 109.259
9.237 121.741
21.765 121.782
34.287 121.696
46.772 121.754
59.227 121.785
71.743 121.741
84.248 121.745
96.767 121.683
109.223 121.752
121.686 121.757
134.207 121.768
146.787 121.752
156.893 124.904
175.548 121.360
185.888 120.015
198.370 120.803
209.252 123.707
224.046 121.858
236.965 122.754
247.073 120.073
9.313 137.305
24.079 134.728
35.356 133.232
47.966 135.641
58.333 133.304
71.703 135.581
82.358 133.772
99.134 134.899
107.981 132.916
122.926 134.118
137.967 131.380
145.350 133.384
157.306 136.575
171.151 131.238
181.491 133.898
197.503 133.819
210.108 131.970
220.047 134.061
232.488 135.075
244.983 137.000
23.198 146.693
32.199 147.420
44.444 143.952
56.944 146.230
70.601 146.578
83.413 147.000
98.285 147.068
108.885 147.990
124.500 146.840
133.574 144.329
146.316 147.839
160.076 147.834
172.241 146.665
186.115 145.882
198.316 147.270
209.381 147.569
223.861 145.321
232.692 147.173
22.817 158.853
32.793 160.465
46.257 159.971
63.011 160.746
72.757 160.525
81.566 159.914
95.260 159.810
107.613 154.921
122.068 158.980
131.562 160.825
149.938 160.083
159.478 159.788
170.900 164.373
185.766 157.180
195.540 159.411
213.818 159.878
226.848 158.915
230.754 160.211
23.314 169.210
35.510 168.853
45.605 171.315
58.427 173.024
69.838 170.232
85.724 170.654
93.349 171.458
110.286 170.898
122.653 172.351
133.387 170.676
145.946 171.513
157.689 170.321
171.637 171.746
183.222 175.139
194.992 173.405
207.487 171.416
220.595 170.706
232.040 173.096
33.713 185.446
48.344 183.251
58.307 185.267
71.015 184.224
86.657 184.849
91.682 184.744
104.202 184.904
123.403 186.265
135.284 185.327
146.819 181.800
158.881 183.140
172.470 181.709
185.203 181.020
196.936 184.385
213.011 181.430
221.904 181.115
36.042 196.770
44.520 196.966
57.935 200.854
69.863 194.784
83.079 197.026
95.322 198.033
111.252 196.015
123.035 195.473
134.245 198.269
148.812 193.482
160.831 198.860
168.027 194.973
184.737 197.737
196.500 196.453
209.637 198.999
224.189 197.630
45.226 209.106
57.737 208.926
69.177 205.734
87.385 208.132
99.428 210.909
109.321 208.186
124.145 209.131
137.025 210.290
144.864 207.021
158.952 209.453
172.157 207.730
184.989 206.369
196.175 208.579
209.532 210.618
59.539 220.948
72.151 220.936
85.599 221.687
95.778 221.665
108.747 222.160
122.714 219.139
136.745 217.541
143.658 222.855
161.995 221.252
173.696 221.887
182.227 219.987
199.596 222.560
83.545 231.963
98.628 234.724
112.899 235.961
124.890 232.445
134.938 235.101
147.862 232.846
157.526 231.678
171.660 236.928
121.946 245.976
135.906 247.549
