121.772 9.241
134.234 9.243
84.226 21.749
96.763 21.732
109.245 21.766
121.738 21.774
134.244 21.710
146.757 21.743
159.286 21.801
171.739 21.788
59.249 34.244
71.732 34.220
84.244 34.244
96.758 34.248
109.253 34.232
121.752 34.225
134.219 34.245
146.776 34.239
159.235 34.258
171.774 34.243
184.214 34.211
196.766 34.212
46.764 46.769
59.221 46.771
71.769 46.760
84.232 46.745
96.768 46.780
109.289 46.794
121.759 46.769
134.232 46.765
146.807 46.768
159.241 46.757
171.750 46.773
184.234 46.805
196.768 46.742
209.242 46.768
34.236 59.261
46.759 59.229
59.259 59.245
71.816 59.202
84.258 59.249
96.788 59.243
109.269 59.240
121.780 59.235
134.246 59.258
146.761 59.231
159.240 59.253
171.774 59.253
184.250 59.252
196.815 59.225
209.251 59.237
221.746 59.233
34.203 71.781
46.754 71.740
59.258 71.780
71.780 71.787
84.249 71.781
96.766 71.756
109.192 71.776
121.783 71.775
134.275 71.770
146.770 71.760
159.244 71.735
171.743 71.773
184.243 71.783
196.768 71.786
209.231 71.764
221.788 71.754
21.783 84.221
34.244 84.276
46.744 84.224
59.215 84.245
71.764 84.231
84.169 84.251
96.819 84.285
109.188 84.242
121.752 84.256
134.239 84.243
146.789 84.192
159.265 84.261
171.766 84.232
184.231 84.213
196.768 84.235
209.258 84.260
221.765 84.229
234.215 84.190
21.800 96.791
34.207 96.748
46.766 96.741
59.208 96.740
71.739 96.736
84.288 96.762
96.747 96.750
109.290 96.787
121.743 96.755
134.247 96.780
146.786 96.745
159.262 96.766
171.763 96.738
184.269 96.756
196.755 96.742
209.222 96.711
221.748 96.815
234.200 96.781
21.777 109.249
34.211 109.235
46.789 109.216
59.229 109.219
71.732 109.235
84.228 109.251
96.744 109.247
109.268 109.247
121.740 109.198
134.230 109.238
146.774 109.232
159.248 109.237
171.731 109.215
184.262 109.239
196.768 109.237
209.222 109.227
221.789 109.236
234.205 109.231
9.250 121.734
21.761 121.888
34.241 121.795
46.748 121.781
59.235 121.757
71.775 121.749
84.240 121.750
96.723 121.734
109.243 121.737
121.753 121.752
134.263 121.737
146.745 121.767
159.255 121.771
171.773 121.791
184.214 121.749
196.747 121.774
209.242 121.754
221.769 121.793
234.222 121.764
246.763 121.777
9.267 134.210
21.773 134.248
34.280 134.222
46.763 134.242
59.162 134.245
71.802 134.242
84.195 134.623
95.385 134.857
110.188 135.953
122.207 136.352
134.706 135.427
145.547 135.394
160.009 134.660
171.792 134.654
184.616 134.727
197.253 135.491
209.496 134.953
221.426 133.548
235.101 134.719
245.329 134.517
22.323 147.900
35.707 146.934
46.234 146.791
60.629 148.859
70.818 147.445
85.368 146.534
97.384 147.831
110.517 147.128
121.556 146.194
134.926 147.116
147.298 147.039
159.639 146.736
171.754 146.616
186.593 146.984
197.591 146.595
209.527 147.273
221.470 146.005
235.031 146.958
22.464 159.528
35.789 160.962
46.972 160.391
59.266 159.638
72.645 159.964
84.608 159.948
95.930 160.454
110.177 159.802
120.359 160.258
135.048 159.515
148.215 160.254
159.873 161.389
171.698 158.523
186.174 160.585
197.001 161.286
210.331 160.148
221.533 159.791
236.749 159.061
22.439 172.701
34.929 172.236
46.520 171.343
59.679 171.213
72.105 172.135
85.210 172.083
95.537 171.761
109.784 173.128
122.026 171.771
135.602 171.999
146.786 171.264
160.305 171.881
171.718 171.565
185.390 172.252
197.322 171.561
210.141 172.028
222.045 171.657
234.296 172.287
34.567 184.890
45.778 184.666
60.176 184.662
71.828 185.242
83.633 185.112
98.946 185.462
110.525 183.926
122.297 184.685
134.501 185.039
145.919 184.133
160.000 184.814
171.873 185.162
184.639 184.979
196.497 185.081
209.633 182.964
221.734 186.055
34.833 197.088
47.001 197.560
59.327 197.357
71.594 196.835
85.527 195.201
96.940 196.321
110.591 197.474
120.771 197.069
135.173 197.024
146.454 197.503
160.483 196.859
171.756 197.370
185.431 196.827
196.748 197.037
209.880 197.839
222.139 197.306
45.885 209.994
60.420 209.852
73.107 209.514
85.926 209.479
98.725 209.637
110.138 211.498
121.956 210.545
134.761 210.206
147.560 209.781
160.076 210.465
171.334 210.122
185.114 212.203
197.253 208.875
211.719 210.513
60.352 220.863
71.585 221.930
83.345 222.324
97.470 222.367
110.450 221.279
122.069 221.711
135.066 222.130
147.501 221.337
160.507 221.563
172.004 222.416
185.058 223.185
196.911 221.486
86.841 233.559
97.120 235.155
111.231 235.055
123.081 234.867
135.055 235.260
147.425 234.831
159.961 235.341
171.672 234.659
121.881 246.693
135.262 247.134
