121.742 9.228
134.229 9.260
84.222 21.776
96.750 21.773
109.255 21.770
121.767 21.772
134.224 21.782
146.763 21.774
159.238 21.765
171.771 21.745
59.247 34.238
71.745 34.229
84.208 34.227
96.758 34.251
109.204 34.216
121.778 34.221
134.231 34.241
146.795 34.221
159.235 34.221
171.776 34.253
184.250 34.244
196.785 34.223
46.765 46.769
59.234 46.756
71.769 46.769
84.220 46.780
96.774 46.744
109.209 46.767
121.778 46.803
134.246 46.788
146.768 46.757
159.243 46.763
171.754 46.775
184.214 46.780
196.758 46.773
209.209 46.771
34.255 59.242
46.793 59.249
59.275 59.226
71.767 59.239
84.239 59.221
96.788 59.219
109.200 59.200
121.783 59.210
134.222 59.200
146.754 59.240
159.248 59.257
171.758 59.246
184.214 59.228
196.769 59.255
209.230 59.246
221.784 59.238
34.220 71.795
46.781 71.757
59.229 71.730
71.771 71.790
84.229 71.767
96.732 71.744
109.237 71.758
121.741 71.777
134.230 71.735
146.780 71.760
159.236 71.787
171.773 71.756
184.196 71.760
196.769 71.781
209.236 71.752
221.750 71.766
21.758 84.257
34.234 84.234
46.768 84.232
59.225 84.230
71.759 84.257
84.229 84.237
96.770 84.242
109.233 84.219
121.770 84.256
134.221 84.255
146.775 84.235
159.243 84.242
171.774 84.242
184.202 84.222
196.761 84.235
209.219 84.224
221.775 84.212
234.222 84.235
21.819 96.780
34.246 96.752
46.763 96.791
59.235 96.766
71.758 96.753
84.231 96.752
96.759 96.737
109.235 96.765
121.764 96.760
134.236 96.770
146.780 96.731
159.233 96.786
171.770 96.740
184.220 96.776
196.745 96.734
209.224 96.774
221.778 96.786
234.220 96.769
21.784 109.221
34.227 109.232
46.759 109.232
59.236 109.233
71.794 109.244
84.221 109.248
96.762 109.228
109.237 109.219
121.806 109.207
134.256 109.214
146.775 109.246
159.221 109.245
171.747 109.238
184.260 109.229
196.767 109.230
209.218 109.214
221.758 109.255
234.209 109.228
9.242 121.761
21.786 121.756
34.255 121.782
46.761 121.746
59.242 121.770
71.765 121.773
84.245 121.746
96.764 121.756
109.208 121.755
121.746 121.759
134.230 121.768
146.769 121.758
159.232 121.765
171.764 121.780
184.229 121.779
196.772 121.747
209.252 121.756
221.768 121.774
234.233 121.773
246.756 121.793
9.242 134.248
21.750 134.233
34.258 134.217
46.759 134.262
59.215 134.250
71.771 134.224
84.249 134.237
96.786 134.251
109.230 134.254
121.775 134.231
134.239 134.248
146.770 134.220
159.233 134.247
171.777 134.234
184.266 134.262
196.760 134.236
209.233 134.246
221.756 134.246
234.208 134.235
246.756 134.218
21.776 146.792
34.268 146.775
46.739 146.757
59.237 146.773
71.745 146.752
84.246 146.758
96.793 146.774
109.243 146.770
121.765 146.760
134.205 146.774
146.770 146.775
159.240 146.742
171.767 146.770
184.220 146.750
196.762 146.759
209.219 146.755
221.769 146.756
234.241 146.761
21.768 159.231
34.226 159.245
46.763 159.228
59.221 159.266
71.770 159.246
84.239 159.244
96.775 159.219
109.208 159.224
121.781 159.237
134.219 159.227
146.771 159.217
159.197 159.219
171.766 159.228
184.239 159.219
196.750 159.249
209.252 159.243
221.768 159.234
234.255 159.256
21.756 171.758
34.235 171.805
46.756 171.770
59.232 171.767
71.765 171.743
84.229 171.774
96.765 171.736
109.234 171.767
121.792 171.768
134.246 171.758
146.748 171.780
159.242 171.762
171.772 171.780
184.227 171.767
196.751 171.787
209.234 171.744
221.776 171.791
234.251 171.745
34.241 184.238
46.753 184.221
59.242 184.255
71.764 184.245
84.239 184.242
96.765 184.213
109.238 184.239
121.785 184.236
134.244 184.234
146.758 184.234
159.240 184.247
171.742 184.248
184.237 184.242
196.799 184.224
209.218 184.232
221.775 184.262
34.233 196.789
46.746 196.750
59.241 196.766
71.784 196.790
84.224 196.763
96.789 196.750
109.242 196.782
121.779 196.765
134.228 196.772
146.754 196.752
159.244 196.777
171.788 196.779
184.242 196.778
196.794 196.758
209.261 196.800
221.771 196.775
46.770 209.210
59.239 209.252
71.773 209.234
84.230 209.247
96.768 209.227
109.230 209.239
121.784 209.225
134.231 209.258
146.730 209.233
159.235 209.230
171.766 209.213
184.221 209.226
196.746 209.237
209.237 209.225
59.205 221.759
71.749 221.775
84.226 221.780
96.775 221.790
109.218 221.772
121.767 221.758
134.231 221.794
146.776 221.794
159.239 221.772
171.744 221.774
184.253 221.747
196.784 221.770
84.244 234.219
96.755 234.228
109.231 234.234
121.746 234.215
134.236 234.227
146.766 234.237
159.224 234.242
171.771 234.250
121.759 246.768
134.234 246.743
