45.255 7.769
56.270 8.516
69.684 6.153
83.893 7.356
30.487 20.336
44.624 21.012
57.636 21.108
70.516 21.893
82.036 20.009
95.591 21.085
19.799 33.200
33.163 32.927
45.337 33.278
57.208 31.515
70.460 33.336
82.173 34.082
94.851 33.274
107.689 32.778
6.560 46.636
20.528 46.160
31.584 46.191
44.554 45.512
56.922 46.645
69.567 47.670
80.570 44.652
95.476 46.692
107.076 46.351
119.417 46.071
6.771 57.953
20.010 58.414
32.213 59.339
45.260 58.476
56.145 57.699
70.742 58.320
81.490 57.802
94.845 58.189
106.913 57.385
119.954 57.919
7.296 71.239
20.265 70.986
33.409 71.196
43.500 71.499
58.063 69.755
69.475 71.732
82.168 70.564
94.832 70.338
107.451 70.463
120.148 70.674
7.083 82.780
18.973 83.447
32.204 82.981
43.915 83.199
56.829 82.899
71.778 84.039
81.709 82.599
94.094 81.296
107.010 82.620
120.336 82.813
20.339 95.747
31.170 96.147
45.018 96.446
56.709 96.081
70.470 96.362
81.283 96.298
95.083 95.945
107.500 96.938
32.188 107.795
45.435 109.445
56.122 107.672
69.956 107.891
81.870 107.790
94.661 106.317
46.205 121.078
54.858 121.020
71.495 121.065
82.394 121.145
