121.765 9.234
134.268 9.240
84.253 21.767
96.753 21.761
109.212 21.722
121.786 21.760
134.252 21.777
146.764 21.752
159.266 21.736
171.754 21.727
59.245 34.246
71.751 34.240
84.278 34.243
96.759 34.221
109.266 34.243
121.767 34.223
134.245 34.249
146.753 34.249
159.267 34.251
171.750 34.257
184.248 34.253
196.755 34.244
46.756 46.762
59.255 46.752
71.773 46.768
84.234 46.742
96.744 46.748
109.245 46.762
121.748 46.751
134.258 46.752
146.755 46.772
159.273 46.743
171.750 46.758
184.275 46.755
196.766 46.765
209.219 46.766
34.245 59.268
46.782 59.226
59.247 59.274
71.741 59.247
84.211 59.205
96.753 59.243
109.238 59.243
121.734 59.229
134.230 59.235
146.732 59.250
159.240 59.239
171.762 59.251
184.242 59.240
196.752 59.250
209.232 59.244
221.771 59.236
34.254 71.771
46.760 71.747
59.243 71.760
71.777 71.750
84.247 71.771
96.741 71.739
109.231 71.765
121.754 71.753
134.245 71.764
146.727 71.735
159.258 71.751
171.769 71.759
184.248 71.742
196.739 71.745
209.228 71.762
221.770 71.747
21.763 84.230
34.233 84.244
46.754 84.228
59.268 84.216
71.772 84.243
84.236 84.275
96.770 84.247
109.252 84.237
121.777 84.240
134.222 84.251
146.758 84.238
159.256 84.259
171.730 84.236
184.250 84.242
196.760 84.235
209.255 84.235
221.751 84.237
234.226 84.256
21.748 96.757
34.246 96.757
46.768 96.743
59.233 96.763
71.754 96.738
84.238 96.755
96.761 96.736
109.242 96.750
121.769 96.745
134.251 96.781
146.768 96.763
159.239 96.753
171.774 96.763
184.255 96.729
196.734 96.751
209.238 96.757
221.779 96.778
234.256 96.751
21.761 109.237
34.242 109.263
46.785 109.238
59.240 109.239
71.753 109.251
84.247 109.241
96.766 109.256
109.260 109.254
121.756 109.240
134.264 109.232
146.775 109.239
159.220 109.250
171.758 109.232
184.246 109.223
196.756 109.267
209.238 109.256
221.761 109.250
234.255 109.247
9.260 121.752
21.749 121.760
34.251 121.764
46.763 121.753
59.243 121.780
71.741 121.754
84.249 121.751
96.765 121.756
109.250 121.761
121.734 121.755
134.224 121.760
146.733 121.773
159.253 121.761
171.742 121.763
184.225 121.777
196.756 121.749
209.214 121.748
221.758 121.764
234.220 121.743
246.764 121.768
9.237 134.252
21.786 134.245
34.256 134.254
46.756 134.243
59.239 134.208
71.768 134.236
84.233 134.249
96.769 134.223
109.219 134.209
121.766 134.244
135.860 134.728
145.811 134.955
159.765 135.160
170.387 134.947
184.721 133.915
196.984 134.174
210.242 135.375
221.935 135.743
235.284 135.760
247.392 135.317
21.408 147.325
35.047 146.956
47.113 147.000
60.117 146.276
72.240 148.393
86.364 146.804
96.411 147.173
109.686 147.118
122.154 146.666
135.666 146.903
147.636 148.091
161.456 147.251
171.786 147.059
185.312 148.613
197.485 147.188
210.272 145.724
221.150 148.273
235.209 147.314
20.961 160.065
33.484 159.850
47.829 160.134
61.943 158.678
72.069 159.999
84.552 158.186
96.607 160.410
107.998 158.885
121.980 160.000
134.968 159.411
147.271 161.376
159.974 159.463
172.310 158.132
185.241 161.539
196.613 162.180
209.552 158.522
222.432 160.072
235.393 160.838
23.020 171.744
35.126 172.027
46.855 171.583
59.642 172.190
71.687 171.955
84.749 171.241
97.102 172.555
109.547 172.225
121.532 172.354
135.394 172.243
147.108 172.905
160.170 171.664
172.771 172.263
184.713 171.054
198.069 172.972
209.110 172.151
221.628 171.722
235.445 170.079
33.946 184.938
45.658 184.652
60.067 185.274
71.038 185.363
84.375 185.025
97.623 184.541
110.010 185.868
120.803 184.687
134.886 185.342
147.079 186.099
159.855 184.655
172.485 183.807
185.573 184.411
197.174 184.799
209.257 185.313
222.513 185.214
34.621 197.110
47.094 196.360
59.648 197.601
72.815 195.742
84.372 197.277
97.252 196.304
110.751 196.905
120.972 196.640
135.791 197.107
147.480 196.761
160.907 196.503
172.893 196.112
185.557 196.797
196.356 197.857
210.837 196.343
222.436 198.112
48.831 211.540
60.110 209.786
71.843 209.867
84.553 208.781
97.406 210.236
110.820 210.604
122.368 210.097
134.393 208.961
147.205 211.328
159.880 208.859
171.444 211.585
186.028 210.069
197.029 210.374
208.342 210.133
59.863 222.052
72.322 221.012
86.380 222.353
97.015 222.956
110.074 222.181
123.733 222.153
135.000 223.122
146.776 221.867
160.435 221.946
172.576 220.653
185.024 221.616
197.503 221.615
83.205 233.509
97.035 236.430
110.514 235.042
121.624 235.252
133.649 234.096
146.889 233.917
159.762 235.146
171.688 235.043
120.413 247.431
134.970 246.961
