121.769 9.225
134.240 9.247
84.230 21.771
96.771 21.775
109.247 21.768
121.786 21.752
134.238 21.760
146.770 21.765
159.231 21.756
171.784 21.791
59.258 34.237
71.772 34.218
84.233 34.220
96.761 34.234
109.241 34.240
121.783 34.219
134.235 34.225
146.781 34.236
159.232 34.241
171.773 34.268
184.237 34.246
196.751 34.199
46.804 46.750
59.233 46.769
71.771 46.777
84.256 46.768
96.757 46.787
109.251 46.750
121.767 46.746
134.240 46.793
146.800 46.785
159.186 46.773
171.791 46.790
184.249 46.780
196.783 46.763
209.224 46.780
34.226 59.235
46.773 59.209
59.240 59.218
71.776 59.241
84.254 59.241
96.768 59.271
109.234 59.241
121.750 59.243
134.239 59.231
146.766 59.244
159.234 59.217
171.762 59.245
184.252 59.233
196.779 59.233
209.226 59.229
221.759 59.246
34.229 71.776
46.762 71.782
59.233 71.773
71.787 71.780
84.222 71.763
96.797 71.763
109.267 71.753
121.780 71.799
134.222 71.795
146.779 71.759
159.249 71.781
171.779 71.773
184.224 71.788
196.781 71.790
209.214 71.751
221.767 71.779
21.754 84.244
34.177 84.225
46.777 84.216
59.245 84.253
71.749 84.230
84.219 84.206
96.744 84.227
109.238 84.237
121.767 84.244
134.218 84.244
146.777 84.236
159.242 84.245
171.773 84.234
184.235 84.227
196.785 84.242
209.229 84.224
221.749 84.240
234.219 84.239
21.782 96.738
34.224 96.756
46.786 96.758
59.238 96.749
71.758 96.780
84.238 96.765
96.802 96.763
109.220 96.749
121.783 96.791
134.231 96.764
146.768 96.740
159.234 96.784
171.773 96.782
184.213 96.722
196.769 96.773
209.222 96.754
221.773 96.752
234.229 96.777
21.775 109.215
34.254 109.243
46.765 109.218
59.227 109.243
71.785 109.230
84.235 109.215
96.764 109.255
109.258 109.215
121.751 109.246
134.233 109.232
146.778 109.242
159.220 109.238
171.779 109.236
184.236 109.231
196.763 109.227
209.238 109.233
221.745 109.232
234.253 109.239
9.219 121.761
21.750 121.759
34.256 121.772
46.774 121.823
59.243 121.789
71.777 121.778
84.232 121.763
96.767 121.771
109.256 121.790
121.749 121.772
134.245 121.725
146.758 121.763
159.245 121.744
171.782 121.784
184.223 121.767
196.783 121.788
209.238 121.791
221.777 121.771
234.219 121.757
246.766 121.747
9.225 134.217
21.753 134.219
34.247 134.237
46.783 134.228
59.251 134.219
71.778 134.221
84.241 134.245
96.741 134.254
109.227 134.213
121.743 134.211
134.208 134.238
146.780 134.244
159.243 134.233
171.780 134.246
184.234 134.239
196.781 134.213
209.216 134.237
221.769 134.262
234.218 134.255
246.753 134.250
21.754 146.763
34.228 146.761
46.773 146.740
59.235 146.763
71.747 146.775
84.214 146.766
96.781 146.770
109.222 146.766
121.766 146.767
134.229 146.758
146.794 146.794
159.247 146.758
171.778 146.773
184.224 146.759
196.746 146.775
209.249 146.766
221.786 146.765
234.246 146.780
21.797 159.239
34.219 159.208
46.764 159.225
59.210 159.236
71.773 159.246
84.231 159.241
96.760 159.244
109.226 159.233
121.755 159.228
134.247 159.284
146.783 159.246
159.207 159.228
171.764 159.225
184.222 159.234
196.751 159.234
209.221 159.205
221.785 159.246
234.224 159.239
21.781 171.768
34.216 171.764
46.761 171.753
59.246 171.770
71.748 171.749
84.241 171.770
96.750 171.753
109.232 171.757
121.757 171.750
134.253 171.759
146.777 171.770
159.235 171.767
171.752 171.763
184.241 171.771
196.777 171.764
209.237 171.757
221.750 171.792
234.241 171.768
34.238 184.237
46.762 184.218
59.262 184.254
71.768 184.219
84.245 184.241
96.773 184.217
109.227 184.241
121.759 184.226
134.229 184.224
146.750 184.220
159.245 184.254
171.773 184.218
184.220 184.237
196.748 184.237
209.232 184.233
221.751 184.236
34.217 196.806
46.754 196.727
59.232 196.782
71.750 196.760
84.224 196.759
96.780 196.782
109.257 196.749
121.758 196.739
134.217 196.779
146.766 196.747
159.238 196.765
171.769 196.767
184.229 196.792
196.757 196.743
209.247 196.761
221.743 196.754
46.760 209.189
59.245 209.197
71.807 209.246
84.200 209.252
96.743 209.225
109.220 209.231
121.766 209.226
134.231 209.221
146.802 209.254
159.218 209.245
171.789 209.192
184.227 209.225
196.780 209.248
209.228 209.207
59.223 221.790
71.773 221.758
84.218 221.793
96.769 221.791
109.202 221.786
121.748 221.774
134.201 221.774
146.741 221.774
159.234 221.779
171.767 221.770
184.252 221.781
196.766 221.773
84.220 234.218
96.760 234.238
109.222 234.226
121.780 234.220
134.229 234.220
146.766 234.213
159.223 234.232
171.788 234.219
121.751 246.741
134.224 246.753
