121.826 9.238
134.237 9.221
84.246 21.757
96.730 21.773
109.214 21.769
121.777 21.777
134.211 21.767
146.785 21.738
159.238 21.770
171.762 21.791
59.216 34.264
71.760 34.236
84.232 34.228
96.745 34.207
109.227 34.269
121.783 34.258
134.237 34.226
146.758 34.243
159.239 34.239
171.778 34.229
184.217 34.233
196.755 34.211
46.757 46.778
59.228 46.748
71.757 46.766
84.210 46.761
96.732 46.783
109.252 46.756
121.751 46.749
134.218 46.752
146.765 46.755
159.209 46.792
171.775 46.789
184.217 46.801
196.789 46.750
209.231 46.748
34.241 59.253
46.766 59.225
59.219 59.247
71.751 59.247
84.242 59.235
96.767 59.239
109.247 59.239
121.770 59.229
134.219 59.216
146.761 59.235
159.236 59.219
171.782 59.234
184.226 59.227
196.758 59.220
209.241 59.240
221.761 59.223
34.217 71.763
46.775 71.765
59.230 71.794
71.755 71.795
84.233 71.767
96.781 71.756
109.221 71.753
121.781 71.793
134.207 71.784
146.761 71.740
159.225 71.783
171.782 71.775
184.224 71.779
196.767 71.769
209.199 71.783
221.750 71.753
21.787 84.219
34.229 84.233
46.791 84.234
59.228 84.213
71.803 84.223
84.220 84.218
96.788 84.220
109.208 84.255
121.771 84.232
134.270 84.249
146.768 84.239
159.238 84.240
171.758 84.219
184.233 84.220
196.774 84.208
209.252 84.236
221.762 84.227
234.253 84.230
21.743 96.764
34.233 96.770
46.782 96.808
59.219 96.766
71.769 96.768
84.228 96.788
96.766 96.748
109.219 96.775
121.775 96.766
134.229 96.768
146.760 96.782
159.213 96.771
171.759 96.770
184.225 96.777
196.773 96.780
209.248 96.764
221.776 96.777
234.240 96.753
21.749 109.263
34.231 109.227
46.773 109.209
59.246 109.220
71.755 109.243
84.231 109.205
96.768 109.250
109.208 109.219
121.754 109.212
134.246 109.214
146.766 109.234
159.251 109.239
171.783 109.243
184.239 109.233
196.778 109.226
209.261 109.229
221.774 109.233
234.242 109.245
9.255 121.758
21.745 121.773
34.243 121.772
46.754 121.770
59.249 121.784
71.756 121.737
84.232 121.758
96.754 121.780
109.267 121.759
121.767 121.776
134.233 121.776
146.757 121.792
159.214 121.765
171.751 121.786
184.232 121.774
196.754 121.802
209.257 121.756
221.772 121.787
234.255 121.782
246.752 121.738
9.219 134.233
21.778 134.253
34.225 134.234
46.753 134.205
59.230 134.251
71.781 134.232
84.237 134.247
96.758 134.215
109.238 134.234
121.774 134.215
134.238 134.242
146.777 134.232
159.205 134.240
171.752 134.229
184.211 134.233
196.765 134.227
209.244 134.215
221.792 134.209
234.245 134.236
246.752 134.239
21.776 146.780
34.245 146.759
46.755 146.768
59.228 146.779
71.749 146.728
84.233 146.772
96.772 146.772
109.209 146.773
121.745 146.745
134.243 146.755
146.768 146.744
159.244 146.791
171.765 146.757
184.250 146.762
196.798 146.776
209.219 146.775
221.764 146.763
234.234 146.757
21.780 159.213
34.252 159.225
46.771 159.222
59.236 159.247
71.752 159.241
84.234 159.229
96.787 159.245
109.222 159.238
121.767 159.256
134.187 159.207
146.790 159.254
159.256 159.214
171.746 159.245
184.250 159.201
196.754 159.248
209.216 159.225
221.769 159.241
234.227 159.257
21.770 171.758
34.229 171.771
46.764 171.783
59.246 171.779
71.779 171.755
84.208 171.734
96.752 171.773
109.205 171.790
121.762 171.792
134.253 171.774
146.767 171.758
159.239 171.768
171.735 171.752
184.197 171.767
196.788 171.765
209.213 171.773
221.779 171.794
234.231 171.761
34.231 184.251
46.775 184.218
59.235 184.236
71.775 184.230
84.227 184.215
96.764 184.247
109.216 184.217
121.763 184.257
134.210 184.242
146.780 184.225
159.255 184.242
171.798 184.241
184.226 184.245
196.776 184.213
209.212 184.214
221.783 184.229
34.228 196.770
46.770 196.769
59.238 196.780
71.741 196.774
84.213 196.752
96.791 196.783
109.258 196.786
121.764 196.780
134.236 196.783
146.776 196.757
159.247 196.745
171.773 196.756
184.248 196.788
196.754 196.808
209.221 196.756
221.780 196.761
46.778 209.250
59.215 209.221
71.767 209.244
84.208 209.217
96.788 209.251
109.210 209.223
121.750 209.259
134.251 209.230
146.776 209.206
159.206 209.244
171.784 209.261
184.232 209.218
196.765 209.217
209.216 209.231
59.216 221.772
71.751 221.780
84.237 221.757
96.762 221.753
109.216 221.786
121.756 221.776
134.208 221.767
146.758 221.757
159.205 221.775
171.743 221.752
184.224 221.752
196.776 221.753
84.244 234.220
96.752 234.234
109.242 234.241
121.728 234.222
134.232 234.250
146.769 234.215
159.209 234.213
171.772 234.235
121.762 246.757
134.241 246.764
