121.791 9.235
134.250 9.193
84.228 21.804
96.760 21.781
109.229 21.757
121.776 21.760
134.223 21.770
146.767 21.755
159.249 21.741
171.795 21.752
59.250 34.244
71.780 34.207
84.236 34.259
96.780 34.209
109.226 34.254
121.817 34.233
134.217 34.218
146.749 34.240
159.223 34.258
171.761 34.266
184.261 34.245
196.772 34.261
46.761 46.773
59.253 46.726
71.729 46.778
84.236 46.774
96.726 46.723
109.241 46.772
121.734 46.740
134.224 46.774
146.769 46.775
159.283 46.783
171.782 46.738
184.272 46.772
196.759 46.705
209.233 46.783
34.243 59.215
46.773 59.254
59.215 59.208
71.739 59.222
84.247 59.247
96.780 59.221
109.202 59.269
121.805 59.208
134.184 59.238
146.732 59.219
159.253 59.243
171.805 59.265
184.204 59.246
196.774 59.200
209.239 59.284
221.736 59.245
34.279 71.805
46.775 71.765
59.236 71.722
71.815 71.766
84.272 71.756
96.737 71.733
109.224 71.772
121.831 71.793
134.237 71.744
146.781 71.755
159.241 71.756
171.766 71.744
184.212 71.751
196.761 71.779
209.239 71.747
221.742 71.751
21.796 84.201
34.211 84.192
46.764 84.241
59.249 84.206
71.749 84.247
84.226 84.265
96.767 84.262
109.247 84.227
121.780 84.247
134.259 84.250
146.743 84.175
159.255 84.269
171.760 84.267
184.226 84.270
196.762 84.256
209.217 84.227
221.754 84.233
234.248 84.236
21.708 96.788
34.241 96.754
46.778 96.751
59.250 96.741
71.766 96.788
84.246 96.765
96.793 96.764
109.225 96.777
121.761 96.773
134.209 96.808
146.761 96.754
159.191 96.787
171.726 96.760
184.263 96.737
196.814 96.751
209.215 96.770
221.819 96.743
234.259 96.765
21.734 109.235
34.241 109.258
46.766 109.199
59.201 109.267
71.738 109.234
84.261 109.219
96.749 109.279
109.206 109.192
121.768 109.259
134.224 109.192
146.798 109.225
159.194 109.243
171.777 109.220
184.287 109.258
196.752 109.184
209.228 109.186
221.746 109.243
234.230 109.254
9.225 121.757
21.764 121.747
34.254 121.783
46.750 121.766
59.210 121.786
71.769 121.796
84.210 121.767
96.739 121.765
109.271 121.795
121.800 121.745
134.256 121.750
146.744 121.767
159.210 121.775
171.727 121.729
184.195 121.798
196.773 121.758
209.243 121.747
221.767 121.772
234.215 121.781
246.751 121.796
9.243 134.263
21.767 134.202
34.236 134.203
46.741 134.245
59.267 134.230
71.759 134.224
84.245 134.228
96.801 134.221
109.230 134.215
121.786 134.268
134.279 134.200
146.767 134.208
159.215 134.205
171.751 134.240
184.268 134.242
196.747 134.243
209.260 134.234
221.746 134.228
234.259 134.240
246.736 134.256
21.735 146.777
34.249 146.737
46.768 146.792
59.266 146.769
71.740 146.735
84.233 146.738
96.804 146.731
109.233 146.737
121.763 146.785
134.234 146.745
146.778 146.743
159.219 146.800
171.747 146.774
184.274 146.757
196.760 146.799
209.251 146.720
221.774 146.774
234.229 146.775
21.741 159.222
34.261 159.233
46.784 159.221
59.257 159.213
72.100 158.862
82.359 159.028
97.026 158.722
107.734 157.690
121.865 159.090
133.405 159.094
147.349 161.172
159.551 159.042
172.488 161.154
183.936 157.872
197.496 159.325
211.508 159.521
224.981 159.344
233.278 159.490
22.216 170.715
33.950 168.792
46.185 173.367
58.799 172.714
70.751 173.436
85.063 170.563
95.656 171.893
110.957 172.325
123.019 172.339
131.786 169.630
145.954 172.133
158.205 170.480
171.489 170.701
185.248 173.570
196.726 174.540
207.361 172.244
220.585 171.871
231.922 173.750
34.036 186.404
47.573 182.820
57.968 183.583
70.925 184.139
83.609 185.739
96.557 182.760
108.601 184.712
120.942 182.997
133.783 184.177
147.739 184.451
160.344 184.540
172.311 183.790
185.036 182.750
196.657 183.739
209.846 183.129
222.469 181.391
33.894 196.102
45.650 196.173
59.255 198.167
69.855 195.964
83.985 197.881
95.643 196.024
109.692 197.727
122.228 197.150
134.859 197.562
146.441 195.814
159.999 196.903
169.411 196.843
186.076 197.451
197.207 196.067
208.683 198.173
223.114 198.293
47.853 210.196
57.884 208.530
70.208 209.213
85.343 208.748
98.326 209.119
110.569 207.166
122.842 209.884
133.551 209.345
145.261 207.520
159.530 208.995
170.759 209.156
184.586 208.172
200.439 208.382
208.446 210.931
57.676 221.822
72.008 221.015
84.854 221.177
97.337 221.115
107.500 221.580
122.384 220.434
133.874 220.639
147.075 223.181
161.025 222.195
171.065 222.104
182.603 221.754
199.825 222.413
86.271 232.124
99.805 236.939
109.583 233.732
122.514 235.138
134.235 236.474
148.080 234.098
157.654 232.296
171.215 237.007
121.854 246.086
136.078 246.816
