121.755 9.267
134.240 9.255
84.231 21.746
96.751 21.755
109.257 21.761
121.771 21.793
134.229 21.763
146.749 21.769
159.252 21.766
171.766 21.775
59.225 34.231
71.747 34.256
84.254 34.243
96.748 34.234
109.240 34.226
121.780 34.209
134.237 34.243
146.783 34.218
159.245 34.229
171.774 34.201
184.223 34.253
196.776 34.233
46.763 46.773
59.248 46.742
71.757 46.775
84.239 46.807
96.760 46.751
109.246 46.762
121.801 46.755
134.222 46.778
146.762 46.780
159.228 46.783
171.745 46.772
184.218 46.773
196.774 46.785
209.246 46.760
34.231 59.247
46.762 59.236
59.238 59.242
71.775 59.245
84.224 59.205
96.776 59.207
109.213 59.242
121.764 59.208
134.217 59.219
146.772 59.246
159.269 59.226
171.783 59.232
184.230 59.242
196.762 59.224
209.224 59.229
221.764 59.243
34.234 71.789
46.785 71.774
59.231 71.759
71.773 71.787
84.227 71.771
96.780 71.748
109.219 71.768
121.770 71.769
134.232 71.796
146.769 71.766
159.234 71.764
171.770 71.734
184.221 71.766
196.742 71.773
209.239 71.786
221.781 71.761
21.751 84.240
34.234 84.226
46.773 84.235
59.215 84.226
71.726 84.224
84.245 84.203
96.791 84.225
109.237 84.216
121.784 84.243
134.253 84.239
146.775 84.235
159.213 84.222
171.764 84.232
184.233 84.226
196.782 84.257
209.263 84.217
221.777 84.244
234.216 84.224
21.751 96.743
34.247 96.757
46.768 96.751
59.225 96.760
71.785 96.766
84.233 96.752
96.780 96.752
109.212 96.786
121.769 96.782
134.212 96.787
146.781 96.765
159.239 96.769
171.770 96.778
184.236 96.760
196.783 96.791
209.251 96.766
221.748 96.769
234.245 96.777
21.761 109.236
34.195 109.215
46.762 109.227
59.236 109.224
71.774 109.249
84.207 109.206
96.751 109.222
109.236 109.245
121.754 109.242
134.219 109.218
146.782 109.242
159.261 109.223
171.799 109.236
184.217 109.235
196.762 109.234
209.224 109.239
221.782 109.226
234.223 109.224
9.217 121.778
21.752 121.752
34.258 121.778
46.780 121.761
59.219 121.742
71.752 121.779
84.224 121.763
96.741 121.799
109.209 121.758
121.767 121.757
134.221 121.799
146.751 121.765
159.213 121.761
171.781 121.767
184.231 121.782
196.769 121.793
209.216 121.760
221.762 121.772
234.231 121.775
246.758 121.746
9.239 134.207
21.756 134.244
34.223 134.242
46.781 134.237
59.233 134.240
71.746 134.227
84.233 134.227
96.743 134.256
109.226 134.255
121.766 134.239
134.247 134.248
146.776 134.234
159.223 134.225
171.779 134.207
184.229 134.240
196.763 134.248
209.275 134.244
221.786 134.217
234.235 134.213
246.789 134.236
21.768 146.749
34.255 146.773
46.769 146.775
59.243 146.748
71.767 146.782
84.274 146.770
96.759 146.769
109.190 146.776
121.767 146.733
134.209 146.760
146.750 146.794
159.221 146.747
171.777 146.743
184.243 146.767
196.808 146.776
209.229 146.768
221.760 146.802
234.200 146.762
21.763 159.229
34.229 159.220
46.790 159.212
59.220 159.224
71.747 159.245
84.212 159.222
96.749 159.257
109.212 159.245
121.739 159.229
134.232 159.234
146.774 159.209
159.231 159.260
171.738 159.221
184.233 159.261
196.750 159.251
209.244 159.240
221.780 159.224
234.224 159.225
21.760 171.780
34.257 171.768
46.769 171.756
59.240 171.762
71.762 171.783
84.218 171.774
96.770 171.783
109.246 171.762
121.754 171.740
134.240 171.775
146.756 171.778
159.230 171.779
171.784 171.779
184.232 171.755
196.774 171.776
209.238 171.760
221.760 171.785
234.248 171.763
34.218 184.222
46.777 184.232
59.216 184.215
71.798 184.204
84.217 184.221
96.782 184.271
109.216 184.238
121.744 184.214
134.248 184.245
146.778 184.251
159.240 184.256
171.773 184.239
184.244 184.255
196.777 184.247
209.233 184.226
221.744 184.242
34.253 196.789
46.768 196.770
59.209 196.790
71.723 196.770
84.225 196.759
96.794 196.796
109.213 196.785
121.778 196.766
134.224 196.771
146.791 196.754
159.258 196.777
171.796 196.752
184.223 196.791
196.767 196.780
209.227 196.761
221.789 196.759
46.747 209.219
59.236 209.239
71.781 209.237
84.255 209.224
96.777 209.221
109.257 209.224
121.788 209.259
134.273 209.257
146.749 209.263
159.255 209.237
171.754 209.248
184.228 209.247
196.760 209.244
209.266 209.226
59.235 221.770
71.773 221.750
84.231 221.754
96.773 221.762
109.231 221.787
121.777 221.736
134.227 221.772
146.790 221.741
159.221 221.737
171.789 221.764
184.233 221.768
196.753 221.771
84.257 234.250
96.773 234.213
109.230 234.240
121.750 234.217
134.210 234.229
146.771 234.238
159.246 234.223
171.772 234.228
121.743 246.756
134.288 246.773
