122.064 9.013
134.354 7.530
84.088 21.775
98.039 23.424
107.346 18.810
121.027 22.272
134.633 21.908
146.000 20.563
158.885 20.625
172.652 21.583
58.253 32.230
69.933 35.419
85.274 33.919
95.730 34.052
107.462 35.064
120.691 33.301
132.623 33.319
146.061 33.143
158.272 33.902
171.624 34.440
183.934 35.304
197.545 36.611
47.433 45.647
57.363 45.760
70.596 46.015
84.171 47.396
96.400 47.136
108.871 46.469
122.002 47.565
133.067 46.995
145.813 46.748
158.076 45.785
171.523 46.299
182.556 47.260
196.549 47.082
208.380 45.656
35.712 58.503
47.063 57.598
59.722 61.364
71.825 57.919
82.359 60.566
97.250 54.925
108.789 56.860
120.314 59.814
135.424 57.689
147.564 59.506
157.687 59.370
171.355 58.851
183.778 58.563
198.385 59.241
209.855 59.850
222.654 57.867
33.083 71.798
46.993 72.191
59.772 73.178
71.442 72.594
84.957 72.252
96.525 72.298
109.049 71.559
121.983 70.820
135.006 72.019
147.555 71.591
160.618 71.013
172.864 72.525
183.510 72.122
196.708 69.903
209.101 72.495
221.956 74.350
22.697 83.210
33.526 85.927
49.655 84.110
58.623 84.718
72.369 86.617
83.637 83.954
95.612 82.772
110.069 83.450
122.097 83.766
133.335 83.893
145.641 82.992
157.414 82.900
173.323 84.998
182.946 83.980
198.456 83.184
209.251 82.826
221.372 84.698
233.580 85.605
21.819 96.012
35.047 95.922
46.992 96.434
58.855 95.630
71.967 97.327
84.683 99.247
98.621 96.776
108.491 96.139
122.036 97.032
135.332 95.721
145.830 98.291
159.111 97.189
170.978 94.786
184.163 98.301
195.553 97.384
208.949 97.106
221.797 95.816
233.479 96.306
21.063 108.662
33.193 109.614
45.395 107.609
58.988 107.866
73.614 107.567
85.117 109.361
94.781 109.930
109.730 107.480
123.096 109.487
132.917 107.666
146.525 109.153
157.755 108.853
172.878 110.270
183.574 107.966
197.225 107.634
208.975 108.945
219.525 108.214
235.625 110.066
8.780 121.298
21.961 122.539
34.737 122.279
46.351 122.565
57.492 121.306
70.826 122.105
83.724 121.062
96.096 121.353
109.007 122.481
122.079 123.830
135.421 122.256
146.623 121.669
155.718 123.627
174.609 122.383
185.276 119.639
200.232 122.493
207.383 124.521
224.385 124.128
237.168 123.802
246.688 121.110
9.251 136.537
23.995 136.934
34.828 132.840
45.956 135.874
58.402 132.198
71.913 136.074
80.729 134.592
98.645 134.966
107.151 131.560
123.679 134.356
139.576 131.059
145.988 132.806
157.400 134.447
172.192 131.549
179.740 134.576
198.670 134.116
209.566 132.399
220.098 132.739
230.877 133.086
244.724 134.054
23.270 146.994
32.476 146.902
44.035 143.366
57.046 146.071
69.669 147.196
82.837 148.219
97.573 149.233
108.539 147.783
126.404 148.345
134.031 145.297
145.865 148.098
158.986 147.442
169.799 148.129
186.264 146.141
197.612 146.955
208.252 147.738
222.569 145.123
232.916 145.787
23.454 158.607
31.262 160.966
45.795 161.291
63.810 161.167
72.682 161.422
81.688 160.066
96.907 159.733
107.956 155.277
124.414 159.167
131.800 161.850
153.174 163.719
158.431 159.646
170.586 162.926
186.544 154.708
196.374 157.913
214.108 159.187
227.184 159.899
228.713 160.026
23.753 167.413
35.101 168.869
47.475 171.247
57.276 173.564
69.962 170.039
84.663 169.945
93.205 172.430
108.944 170.996
123.109 172.041
135.588 172.173
146.065 172.259
157.728 170.334
171.551 172.133
181.935 174.500
195.865 173.071
207.041 171.410
221.907 169.605
233.707 171.950
35.372 183.937
48.452 183.005
57.070 184.198
71.197 184.059
86.975 185.095
92.032 185.339
104.126 185.306
122.652 185.925
136.263 185.110
146.517 182.247
158.861 182.080
171.172 181.861
184.831 180.129
199.372 185.820
214.481 180.866
222.161 180.136
35.976 196.478
43.084 198.770
58.700 201.092
71.907 193.147
83.268 196.848
94.906 197.683
110.864 196.238
123.547 193.439
134.241 197.089
149.269 193.094
161.072 198.291
167.217 195.352
185.653 197.928
195.430 196.088
209.453 199.165
222.872 199.130
44.293 208.089
59.389 209.063
69.485 207.811
87.794 208.666
98.593 212.500
109.004 208.389
121.863 206.977
136.251 209.437
144.081 207.257
158.051 208.752
172.764 205.510
184.785 204.389
196.363 209.929
208.900 210.613
59.580 221.111
73.311 221.460
86.002 221.668
95.493 221.629
108.994 222.068
122.148 217.700
134.214 219.707
146.504 220.700
161.793 221.823
174.280 225.720
183.230 219.532
199.300 225.131
83.659 231.066
99.180 235.087
112.620 234.614
124.951 230.520
135.470 237.260
148.139 232.176
157.522 231.343
172.155 239.245
122.087 244.516
136.434 250.126
