121.797 9.216
134.225 9.246
84.261 21.783
96.781 21.781
109.240 21.749
121.764 21.757
134.260 21.767
146.763 21.756
159.230 21.763
171.781 21.767
59.258 34.255
71.765 34.199
84.241 34.236
96.764 34.242
109.243 34.235
121.767 34.235
134.205 34.216
146.749 34.240
159.223 34.257
171.745 34.233
184.218 34.261
196.798 34.230
46.799 46.767
59.247 46.741
71.777 46.731
84.237 46.783
96.770 46.755
109.232 46.798
121.737 46.758
134.231 46.759
146.798 46.745
159.232 46.762
171.810 46.814
184.220 46.764
196.770 46.781
209.223 46.778
34.240 59.235
46.786 59.243
59.252 59.226
71.763 59.221
84.244 59.238
96.751 59.233
109.250 59.238
121.793 59.230
134.244 59.224
146.769 59.266
159.226 59.229
171.788 59.243
184.241 59.223
196.765 59.246
209.261 59.253
221.782 59.244
34.220 71.763
46.776 71.766
59.240 71.735
71.744 71.752
84.240 71.768
96.765 71.742
109.228 71.745
121.777 71.782
134.250 71.775
146.762 71.760
159.249 71.764
171.751 71.768
184.240 71.763
196.784 71.775
209.251 71.775
221.773 71.747
21.767 84.239
34.247 84.244
46.749 84.241
59.218 84.231
71.770 84.240
84.231 84.219
96.785 84.248
109.240 84.245
121.769 84.236
134.195 84.233
146.771 84.212
159.255 84.219
171.745 84.211
184.245 84.248
196.757 84.235
209.232 84.247
221.764 84.228
234.232 84.257
21.756 96.754
34.231 96.768
46.777 96.767
59.229 96.766
71.788 96.764
84.220 96.784
96.732 96.771
109.214 96.782
121.764 96.760
134.222 96.766
146.747 96.741
159.242 96.776
171.742 96.734
184.252 96.740
196.772 96.768
209.219 96.781
221.811 96.796
234.196 96.797
21.784 109.224
34.240 109.241
46.791 109.209
59.220 109.248
71.767 109.229
84.217 109.229
96.807 109.225
109.219 109.191
121.775 109.245
134.254 109.231
146.760 109.237
159.263 109.216
171.768 109.216
184.225 109.234
196.780 109.227
209.249 109.231
221.767 109.256
234.236 109.225
9.242 121.773
21.776 121.765
34.246 121.769
46.768 121.775
59.239 121.764
71.745 121.756
84.193 121.804
96.756 121.771
109.238 121.785
121.748 121.762
134.280 121.812
146.770 121.756
159.252 121.762
171.770 121.757
184.240 121.752
196.782 121.783
209.228 121.784
221.769 121.770
234.232 121.764
246.742 121.752
9.271 134.238
21.765 134.262
34.230 134.241
46.784 134.233
59.228 134.226
71.752 134.217
84.243 134.222
96.762 134.223
109.223 134.253
121.770 134.222
134.247 134.207
146.791 134.246
159.243 134.220
171.756 134.226
184.214 134.247
196.766 134.209
209.235 134.225
221.800 134.227
234.219 134.225
246.761 134.226
21.748 146.769
34.222 146.749
46.752 146.759
59.221 146.765
71.764 146.748
84.208 146.789
96.773 146.798
109.228 146.740
121.758 146.781
134.236 146.797
146.806 146.767
159.251 146.762
171.750 146.764
184.238 146.776
196.753 146.769
209.234 146.779
221.767 146.764
234.248 146.766
21.759 159.237
34.252 159.239
46.770 159.247
59.222 159.250
71.730 159.225
84.243 159.227
96.776 159.207
109.239 159.234
121.772 159.248
134.239 159.229
146.754 159.220
159.257 159.244
171.763 159.260
184.252 159.237
196.775 159.235
209.231 159.235
221.759 159.246
234.226 159.221
21.797 171.779
34.211 171.745
46.779 171.758
59.238 171.763
71.775 171.789
84.246 171.747
96.755 171.750
109.234 171.776
121.765 171.787
134.227 171.768
146.763 171.755
159.236 171.742
171.768 171.768
184.252 171.764
196.767 171.763
209.248 171.760
221.773 171.776
234.239 171.739
34.238 184.232
46.785 184.229
59.235 184.252
71.769 184.245
84.237 184.245
96.766 184.245
109.228 184.245
121.750 184.242
134.213 184.216
146.778 184.247
159.251 184.244
171.788 184.226
184.220 184.233
196.810 184.224
209.220 184.214
221.751 184.230
34.214 196.765
46.769 196.766
59.253 196.777
71.786 196.759
84.221 196.777
96.804 196.769
109.218 196.797
121.773 196.770
134.235 196.777
146.769 196.767
159.230 196.769
171.763 196.774
184.210 196.764
196.774 196.762
209.204 196.775
221.752 196.761
46.787 209.235
59.222 209.179
71.785 209.223
84.188 209.231
96.793 209.224
109.228 209.217
121.756 209.228
134.223 209.217
146.759 209.241
159.222 209.224
171.756 209.227
184.248 209.223
196.785 209.247
209.224 209.211
59.256 221.758
71.764 221.791
84.238 221.761
96.755 221.734
109.238 221.776
121.754 221.751
134.213 221.776
146.782 221.778
159.227 221.764
171.762 221.759
184.249 221.761
196.748 221.759
84.236 234.222
96.778 234.238
109.211 234.206
121.758 234.235
134.235 234.220
146.826 234.239
159.231 234.220
171.738 234.238
121.747 246.759
134.237 246.782
