122.125 9.821
135.413 10.166
83.511 22.175
96.556 21.564
109.481 22.026
122.126 22.029
135.403 23.303
147.395 21.731
159.717 22.691
172.006 21.889
59.069 36.570
72.593 34.503
84.790 36.685
96.935 35.162
110.182 34.449
121.605 34.826
134.743 35.000
147.997 35.009
159.662 34.958
172.098 32.820
183.682 35.129
197.208 35.861
46.020 47.351
60.684 47.124
71.272 48.280
85.661 46.844
96.962 45.423
109.933 47.188
121.866 46.517
135.493 46.191
146.621 46.772
159.559 47.009
170.416 46.569
184.780 45.511
197.228 46.423
210.226 46.707
36.046 61.874
47.395 59.912
58.875 60.628
70.868 60.531
86.516 59.497
97.900 58.843
110.248 60.179
121.598 59.806
134.737 60.328
146.965 59.552
160.211 58.560
173.166 61.529
184.900 59.936
195.622 60.291
210.702 60.504
222.000 62.088
35.499 72.068
45.423 72.090
60.427 72.017
72.953 70.596
85.388 72.553
97.199 72.017
110.361 72.073
121.970 73.771
134.431 71.562
147.191 72.085
160.289 72.016
172.456 71.550
185.654 71.519
197.054 72.360
210.632 71.897
221.194 72.031
22.566 84.464
34.600 85.104
47.620 85.633
59.808 85.095
71.164 84.890
84.669 85.424
96.199 83.021
110.271 85.236
123.274 83.876
133.484 85.135
145.556 84.157
158.696 84.352
171.778 85.129
185.516 84.736
196.357 85.643
210.164 84.110
223.527 84.746
234.648 84.378
23.621 97.226
35.174 97.400
45.516 97.011
59.701 98.511
72.284 97.230
84.697 97.761
95.831 96.469
109.623 98.204
121.729 97.511
135.522 96.715
146.500 97.384
159.964 96.580
172.012 96.963
186.915 97.191
198.124 97.053
209.206 98.188
222.139 97.729
235.832 96.644
22.118 109.962
35.103 109.928
46.423 109.755
61.067 110.539
72.310 108.608
85.652 110.614
96.730 110.337
109.829 109.359
120.065 111.090
134.651 107.971
148.673 110.162
161.737 109.786
171.023 110.306
184.658 107.956
197.032 109.943
210.391 109.969
221.928 113.174
235.160 110.148
11.268 121.879
20.629 122.097
36.439 121.025
46.950 121.922
59.522 121.847
70.435 120.167
85.872 122.650
97.749 122.220
110.338 122.508
121.226 120.935
135.554 121.260
145.888 120.350
159.795 123.225
173.602 121.485
185.735 122.109
196.651 122.147
209.305 122.624
221.991 122.385
235.070 122.197
247.913 121.871
9.508 135.286
22.294 133.843
34.666 134.319
47.429 135.352
59.651 135.299
71.326 135.114
84.834 133.076
96.599 134.819
109.155 134.080
121.904 135.469
134.860 134.718
145.953 135.303
160.298 134.608
172.056 134.312
185.295 135.280
196.551 134.969
210.662 135.430
222.575 135.004
236.208 134.571
245.742 133.247
22.796 147.485
35.203 147.316
47.997 146.976
61.516 148.161
70.046 146.934
85.713 147.410
97.284 147.219
109.884 148.350
122.451 147.035
134.647 146.993
147.042 148.441
160.238 147.509
171.755 147.216
185.140 146.744
196.615 148.501
208.600 147.312
223.631 145.897
234.427 147.440
23.158 160.438
35.517 159.156
47.525 160.222
60.086 160.004
70.976 158.609
86.295 160.115
97.779 159.497
111.438 159.772
121.833 160.141
134.989 161.483
146.172 161.519
159.876 160.188
172.472 160.300
185.341 160.346
197.945 159.381
209.746 161.738
222.436 159.191
234.494 159.826
22.309 170.853
35.253 171.759
46.944 171.963
60.229 172.763
70.281 172.040
85.554 172.060
96.288 172.619
109.278 172.055
122.127 172.637
135.407 171.730
147.511 171.755
158.909 173.651
172.364 172.188
186.600 171.775
196.538 172.135
210.077 172.113
222.755 173.209
233.129 172.708
34.916 184.352
48.147 184.826
59.179 184.256
72.620 184.747
84.702 185.816
98.673 186.675
108.536 185.770
122.443 185.218
134.652 184.744
148.317 184.137
160.078 184.940
171.788 185.477
185.439 185.248
198.476 185.422
209.537 184.010
221.845 185.390
35.296 196.078
47.554 197.194
60.133 196.770
73.225 198.225
85.138 196.957
97.061 198.391
109.732 197.382
123.676 196.794
135.432 195.863
147.391 198.653
158.442 198.661
171.941 196.786
185.885 197.970
198.639 196.856
210.151 196.871
221.811 196.664
47.258 209.781
59.910 210.045
72.493 209.397
85.198 210.051
96.162 210.369
109.720 210.049
121.450 210.256
134.419 210.367
146.882 211.516
158.812 211.989
171.760 208.329
183.915 210.367
197.975 211.572
210.052 209.897
59.637 222.691
70.909 222.006
84.589 222.143
97.370 222.003
110.131 220.401
122.238 221.887
135.188 221.065
147.007 222.075
159.531 221.327
172.364 221.650
183.227 223.515
197.069 222.307
85.053 234.794
95.896 234.627
110.567 235.077
121.508 234.225
134.725 235.583
146.809 236.522
160.530 235.457
172.408 233.743
122.618 247.599
135.103 249.176
