121.764 9.243
134.218 9.247
84.243 21.760
96.744 21.765
109.267 21.760
121.740 21.779
134.239 21.763
146.757 21.766
159.263 21.770
171.772 21.782
59.245 34.255
71.777 34.244
84.232 34.229
96.772 34.237
109.242 34.248
121.739 34.248
134.259 34.243
146.760 34.255
159.236 34.247
171.754 34.223
184.235 34.217
196.787 34.213
46.762 46.756
59.243 46.750
71.759 46.751
84.240 46.785
96.747 46.783
109.232 46.748
121.778 46.747
134.248 46.750
146.761 46.764
159.224 46.739
171.760 46.736
184.247 46.774
196.771 46.766
209.220 46.764
34.225 59.219
46.734 59.219
59.269 59.213
71.755 59.246
84.249 59.258
96.741 59.252
109.247 59.218
121.748 59.234
134.227 59.236
146.767 59.236
159.231 59.230
171.760 59.211
184.224 59.223
196.739 59.244
209.238 59.256
221.779 59.234
34.261 71.758
46.762 71.743
59.241 71.757
71.762 71.786
84.266 71.798
96.753 71.730
109.238 71.757
121.740 71.740
134.250 71.752
146.765 71.756
159.227 71.750
171.750 71.753
184.231 71.733
196.770 71.786
209.230 71.736
221.748 71.743
21.751 84.245
34.212 84.242
46.761 84.216
59.253 84.239
71.741 84.221
84.247 84.248
96.752 84.254
109.245 84.232
121.758 84.239
134.225 84.256
146.768 84.249
159.219 84.232
171.771 84.232
184.247 84.270
196.774 84.222
209.243 84.251
221.765 84.236
234.258 84.238
21.760 96.764
34.252 96.761
46.772 96.744
59.250 96.740
71.748 96.781
84.253 96.738
96.747 96.759
109.252 96.761
121.764 96.744
134.229 96.742
146.750 96.768
159.248 96.749
171.757 96.741
184.249 96.759
196.751 96.738
209.229 96.754
221.672 96.584
232.954 96.783
21.105 109.023
35.012 110.491
47.533 108.631
60.767 111.017
72.185 109.885
85.542 109.494
98.223 109.412
110.439 109.919
121.852 109.802
134.794 108.668
147.926 109.627
159.929 111.228
171.402 110.435
184.987 111.062
196.903 109.958
209.918 108.060
221.468 110.468
234.779 109.245
9.545 121.726
21.129 122.244
36.866 121.778
46.930 122.451
60.121 121.905
71.752 122.884
85.125 122.691
98.351 121.844
109.285 123.093
121.802 122.727
135.344 122.033
146.774 122.800
159.126 122.022
173.129 121.769
185.325 121.056
197.144 121.638
208.779 121.427
221.814 121.423
235.011 121.818
247.267 122.315
9.948 133.061
21.928 134.583
35.570 135.407
47.423 134.649
61.188 134.876
71.905 135.497
85.382 135.171
96.909 134.577
110.011 135.194
122.370 134.704
135.183 133.858
145.512 134.958
159.728 134.670
171.392 135.666
184.489 134.860
196.949 135.082
209.617 135.688
222.121 135.092
235.176 134.638
248.034 135.452
21.369 148.264
35.360 148.729
47.811 146.920
60.322 146.900
70.373 147.500
85.034 147.821
96.542 147.123
109.701 147.249
121.768 147.071
136.792 145.921
147.175 146.265
158.907 147.911
172.045 147.262
186.247 146.641
198.562 147.453
209.464 146.922
222.323 146.390
233.984 147.080
21.035 159.511
33.595 160.401
46.717 160.312
60.071 158.871
73.719 161.078
86.260 159.836
98.087 159.497
109.391 159.793
122.098 160.195
135.064 159.957
146.911 159.360
160.861 160.000
172.524 159.756
184.449 160.208
196.841 160.771
210.108 160.234
222.872 161.458
234.725 160.170
21.977 172.759
34.223 170.420
47.319 171.300
60.178 171.959
73.097 172.127
86.292 172.496
97.375 172.597
109.385 170.903
121.453 171.978
135.131 173.524
146.992 173.313
159.474 172.312
172.249 171.397
186.809 172.032
196.130 170.790
211.152 171.705
221.934 173.350
235.865 171.844
34.909 185.644
46.665 184.895
60.501 185.010
72.113 184.826
85.273 184.833
97.052 184.985
110.504 186.219
122.236 185.569
135.196 184.858
146.850 185.121
158.818 185.182
172.120 183.577
184.595 184.972
195.922 185.662
209.903 185.075
222.419 185.076
34.786 197.576
46.297 198.231
59.897 196.855
71.456 198.388
85.391 196.927
96.080 196.061
108.966 196.301
122.491 198.334
135.973 195.728
148.136 197.303
161.096 196.797
172.169 197.104
184.893 196.465
197.263 197.043
210.127 197.949
221.640 197.031
46.739 210.348
60.200 209.845
73.087 210.125
84.373 210.394
97.033 209.261
111.446 209.990
122.157 211.322
135.106 208.492
146.728 208.094
160.321 209.925
170.840 209.489
184.785 210.221
196.830 209.926
209.698 209.868
59.532 220.922
72.444 222.272
84.876 222.618
97.361 221.404
109.732 222.076
121.967 222.873
136.925 222.701
147.158 223.084
160.726 222.051
172.377 222.649
184.788 222.115
196.935 223.068
84.723 234.510
97.052 235.575
110.281 234.735
121.898 234.737
134.921 235.600
146.798 235.457
160.422 234.751
170.941 235.200
120.919 246.866
135.315 246.491
