121.761 9.264
134.241 9.232
84.230 21.784
96.776 21.761
109.191 21.744
121.767 21.777
134.224 21.780
146.769 21.756
159.243 21.769
171.756 21.773
59.233 34.245
71.758 34.234
84.252 34.226
96.752 34.229
109.240 34.230
121.776 34.233
134.218 34.246
146.778 34.217
159.232 34.257
171.761 34.239
184.246 34.236
196.769 34.242
46.787 46.771
59.230 46.779
71.733 46.764
84.236 46.762
96.759 46.752
109.251 46.777
121.782 46.780
134.229 46.775
146.777 46.753
159.253 46.760
171.745 46.778
184.197 46.810
196.748 46.777
209.235 46.759
34.235 59.262
46.761 59.222
59.231 59.237
71.750 59.221
84.253 59.262
96.788 59.224
109.241 59.243
121.801 59.230
134.213 59.238
146.769 59.220
159.265 59.243
171.761 59.252
184.228 59.233
196.769 59.243
209.258 59.251
221.774 59.233
34.233 71.755
46.767 71.751
59.228 71.791
71.753 71.754
84.239 71.741
96.760 71.781
109.201 71.757
121.725 71.748
134.217 71.763
146.734 71.752
159.239 71.756
171.746 71.747
184.242 71.786
196.789 71.785
209.242 71.744
221.770 71.772
21.770 84.238
34.219 84.222
46.766 84.211
59.230 84.260
71.768 84.213
84.247 84.252
96.811 84.255
109.250 84.206
121.767 84.223
134.232 84.210
146.763 84.211
159.237 84.249
171.758 84.222
184.211 84.194
196.762 84.244
209.231 84.247
221.801 84.240
234.237 84.253
21.756 96.733
34.220 96.755
46.771 96.752
59.231 96.734
71.759 96.759
84.248 96.767
96.768 96.757
109.231 96.764
121.771 96.756
134.236 96.780
146.774 96.767
159.254 96.776
171.802 96.782
184.234 96.763
196.747 96.754
209.243 96.765
221.756 96.760
234.232 96.774
21.766 109.216
34.235 109.232
46.768 109.252
59.254 109.229
71.764 109.206
84.234 109.241
96.745 109.227
109.240 109.237
121.746 109.232
134.224 109.254
146.782 109.237
159.229 109.240
171.764 109.224
184.236 109.214
196.763 109.237
209.221 109.205
221.783 109.235
234.253 109.240
9.234 121.785
21.729 121.775
34.236 121.758
46.749 121.750
59.240 121.754
71.732 121.759
84.230 121.764
96.785 121.768
109.253 121.767
121.754 121.745
134.210 121.776
146.749 121.750
159.231 121.769
171.780 121.760
184.250 121.780
196.768 121.765
209.262 121.769
221.781 121.785
234.205 121.750
246.752 121.751
9.247 134.240
21.783 134.228
34.243 134.258
46.800 134.233
59.245 134.231
71.759 134.235
84.246 134.241
96.743 134.246
109.213 134.224
121.759 134.248
134.245 134.242
146.750 134.248
159.226 134.218
171.757 134.240
184.253 134.234
196.774 134.233
209.220 134.220
221.756 134.241
234.221 134.236
246.764 134.221
21.769 146.775
34.222 146.767
46.771 146.787
59.242 146.745
71.774 146.779
84.221 146.759
96.757 146.769
109.247 146.759
121.771 146.747
134.244 146.764
146.794 146.790
159.238 146.772
171.751 146.789
184.226 146.752
196.768 146.765
209.217 146.752
221.791 146.768
234.243 146.767
21.753 159.224
34.215 159.237
46.777 159.233
59.271 159.249
71.760 159.243
84.259 159.240
96.754 159.220
109.228 159.233
121.757 159.245
134.230 159.249
146.757 159.225
159.244 159.241
171.763 159.252
184.250 159.227
196.733 159.248
209.260 159.249
221.795 159.241
234.208 159.232
21.772 171.777
34.242 171.728
46.746 171.760
59.209 171.764
71.769 171.769
84.222 171.792
96.772 171.774
109.230 171.773
121.743 171.781
134.244 171.752
146.761 171.774
159.224 171.762
171.777 171.774
184.222 171.750
196.754 171.771
209.241 171.771
221.755 171.764
234.246 171.734
34.241 184.231
46.774 184.225
59.247 184.232
71.790 184.260
84.246 184.238
96.798 184.212
109.245 184.231
121.777 184.232
134.235 184.238
146.756 184.200
159.205 184.208
171.760 184.238
184.237 184.255
196.779 184.254
209.206 184.241
221.754 184.212
34.216 196.783
46.754 196.748
59.247 196.779
71.769 196.765
84.242 196.745
96.779 196.778
109.212 196.784
121.757 196.745
134.240 196.763
146.757 196.749
159.209 196.794
171.761 196.772
184.238 196.747
196.746 196.777
209.230 196.772
221.775 196.761
46.758 209.245
59.248 209.233
71.750 209.253
84.213 209.236
96.748 209.223
109.235 209.196
121.712 209.211
134.221 209.245
146.770 209.217
159.217 209.214
171.750 209.224
184.235 209.226
196.760 209.240
209.232 209.191
59.239 221.748
71.764 221.772
84.245 221.753
96.771 221.752
109.219 221.765
121.763 221.773
134.244 221.770
146.769 221.776
159.242 221.769
171.764 221.792
184.238 221.750
196.757 221.757
84.245 234.238
96.765 234.233
109.268 234.245
121.739 234.195
134.213 234.188
146.748 234.247
159.252 234.214
171.786 234.245
121.762 246.739
134.238 246.750
