121.569 8.624
133.735 8.691
84.203 21.927
97.945 21.896
109.018 20.220
122.232 23.300
134.293 22.559
146.470 20.991
159.032 20.654
172.691 22.715
57.895 32.698
71.346 34.340
85.241 34.031
96.243 34.221
108.265 35.299
121.955 34.128
133.892 33.367
146.149 33.687
159.133 34.349
171.928 34.097
183.959 34.143
196.239 35.023
47.025 47.095
56.540 46.915
71.174 47.031
83.893 47.267
96.925 47.258
109.620 46.674
121.886 47.419
133.429 47.246
145.648 46.876
158.380 45.786
172.184 46.458
183.938 47.391
196.727 46.868
207.741 45.586
34.092 58.696
47.658 57.817
59.829 60.132
71.848 59.099
83.376 59.619
97.198 57.214
109.196 58.187
120.228 58.653
133.932 57.766
147.161 58.905
158.421 59.738
171.701 58.833
184.333 57.766
196.791 59.199
208.946 59.103
221.619 58.917
33.503 72.315
46.938 71.585
59.577 71.759
73.053 71.569
85.019 72.173
95.961 71.748
109.012 72.187
121.950 72.183
134.504 72.077
147.871 71.702
160.022 71.811
171.384 72.243
183.365 72.411
197.224 70.416
209.690 71.833
222.445 73.896
21.880 83.255
35.067 83.873
47.552 84.078
57.718 84.185
71.860 85.817
82.732 84.022
97.023 82.595
110.392 83.877
122.398 84.321
133.465 84.716
146.356 83.421
157.836 84.197
172.098 83.638
183.746 83.972
198.344 83.099
209.198 83.449
222.934 84.390
233.947 85.449
21.827 96.200
34.775 96.474
45.846 96.283
59.179 96.170
71.509 96.594
84.278 98.312
96.703 97.069
107.594 95.981
121.655 96.839
134.641 96.428
146.531 97.603
159.068 97.393
171.396 95.125
184.371 97.033
197.298 97.059
208.896 97.400
222.356 96.418
234.173 97.112
21.315 109.369
32.007 110.043
46.467 109.056
59.064 108.397
72.771 108.448
84.178 108.922
95.215 108.517
109.069 107.991
121.700 109.083
133.557 109.172
146.644 108.844
159.109 108.842
172.925 109.527
183.980 108.040
196.971 108.342
208.648 109.045
220.310 108.470
235.267 108.663
8.245 121.459
22.355 122.512
34.103 121.925
46.272 121.796
57.641 121.863
71.659 122.423
83.428 121.962
97.339 121.375
109.134 122.850
122.352 122.410
134.196 122.332
147.069 121.285
156.358 123.938
176.238 122.803
186.054 120.286
199.562 121.076
208.289 123.800
224.400 123.110
237.155 124.331
247.311 120.784
9.289 136.770
23.699 136.547
35.425 133.056
47.095 136.081
58.790 132.238
72.295 135.620
81.423 135.234
100.403 135.174
107.478 132.598
123.656 134.174
138.591 130.651
145.569 133.016
156.441 136.487
171.205 131.210
181.386 134.248
197.367 133.747
210.190 133.012
220.055 133.040
232.055 135.453
245.365 135.590
23.336 146.734
31.852 147.129
43.791 142.818
56.997 145.862
70.997 147.382
83.260 147.262
98.281 148.457
109.209 147.545
126.560 146.721
134.427 145.244
145.804 147.968
159.048 148.651
170.138 147.303
186.278 145.797
197.511 147.401
207.673 147.568
222.845 145.392
233.003 145.857
23.312 158.028
33.444 161.488
45.944 161.445
63.550 161.341
72.748 161.169
81.978 159.890
95.262 159.758
107.984 154.796
123.357 158.231
131.757 161.519
151.770 161.812
158.490 159.634
170.828 164.491
185.873 155.135
195.952 158.201
214.966 159.924
227.032 160.319
229.925 160.121
23.071 169.073
35.676 169.217
45.877 171.010
57.908 174.175
69.676 169.872
86.180 170.279
92.690 171.596
111.018 171.002
123.292 172.020
133.839 172.411
145.519 171.320
157.715 170.209
171.716 172.112
181.601 174.541
196.446 172.689
206.939 171.125
222.056 171.253
231.980 172.494
34.680 184.401
47.842 182.691
57.189 184.598
71.152 183.777
86.580 184.786
92.448 184.867
103.951 186.008
123.111 186.221
134.572 184.636
147.119 182.422
158.871 183.143
171.411 181.947
184.622 181.188
197.103 185.235
212.858 181.147
222.285 180.022
35.906 197.278
43.348 196.725
59.324 201.206
70.632 193.673
83.133 196.860
95.175 197.459
111.419 195.981
123.247 195.161
134.434 196.755
148.998 193.128
161.080 197.638
166.533 194.595
186.159 197.768
195.635 196.412
210.223 198.707
222.959 198.566
45.258 208.676
58.277 208.843
69.233 205.741
88.429 207.849
99.290 212.657
109.494 207.652
122.285 206.146
136.492 209.826
145.163 206.798
157.520 208.963
172.297 207.193
184.919 206.169
195.623 210.412
210.119 211.197
59.953 220.521
73.329 220.712
85.566 222.237
96.383 221.690
108.942 222.461
123.118 218.087
134.829 218.635
145.262 222.779
161.507 220.922
173.884 224.174
181.737 219.816
199.095 224.507
84.326 230.825
98.762 234.608
112.583 234.723
125.292 230.597
133.803 235.898
148.319 233.521
158.362 231.445
171.854 238.727
121.816 244.382
135.676 248.861
