121.770 9.224
134.230 9.248
84.224 21.777
96.744 21.731
109.214 21.758
121.782 21.761
134.246 21.780
146.773 21.748
159.236 21.759
171.752 21.783
59.235 34.238
71.765 34.233
84.253 34.248
96.794 34.224
109.235 34.259
121.779 34.251
134.230 34.219
146.762 34.240
159.238 34.237
171.753 34.234
184.262 34.238
196.745 34.239
46.765 46.766
59.220 46.759
71.776 46.750
84.220 46.771
96.775 46.784
109.242 46.773
121.746 46.755
134.232 46.783
146.755 46.774
159.194 46.789
171.758 46.771
184.244 46.748
196.772 46.751
209.248 46.760
34.258 59.222
46.779 59.224
59.216 59.235
71.772 59.234
84.243 59.253
96.769 59.220
109.212 59.246
121.753 59.211
134.243 59.252
146.771 59.201
159.206 59.248
171.756 59.248
184.233 59.210
196.750 59.260
209.223 59.202
221.779 59.228
34.222 71.769
46.769 71.780
59.247 71.755
71.757 71.777
84.196 71.765
96.788 71.779
109.250 71.768
121.755 71.781
134.236 71.774
146.787 71.780
159.228 71.760
171.776 71.777
184.248 71.740
196.755 71.774
209.244 71.765
221.764 71.745
21.798 84.209
34.232 84.239
46.766 84.262
59.249 84.260
71.779 84.246
84.231 84.249
96.742 84.232
109.247 84.210
121.767 84.236
134.239 84.245
146.779 84.240
159.230 84.235
171.759 84.228
184.215 84.212
196.787 84.247
209.240 84.260
221.782 84.215
234.230 84.251
21.801 96.749
34.225 96.757
46.768 96.781
59.240 96.759
71.758 96.762
84.224 96.778
96.777 96.791
109.251 96.750
121.763 96.792
134.229 96.743
146.773 96.783
159.255 96.765
171.771 96.753
184.245 96.754
196.767 96.767
209.225 96.770
221.769 96.774
234.210 96.769
21.769 109.244
34.216 109.204
46.762 109.243
59.205 109.240
71.739 109.245
84.251 109.243
96.760 109.223
109.248 109.241
121.778 109.236
134.232 109.232
146.776 109.211
159.218 109.251
171.766 109.190
184.245 109.248
196.765 109.242
209.218 109.247
221.739 109.239
234.227 109.238
9.244 121.755
21.777 121.781
34.231 121.767
46.762 121.757
59.211 121.775
71.758 121.772
84.243 121.751
96.780 121.790
109.254 121.761
121.736 121.757
134.245 121.806
146.768 121.766
159.239 121.777
171.782 121.772
184.237 121.750
196.753 121.766
209.224 121.743
221.751 121.768
234.204 121.738
246.779 121.770
9.249 134.213
21.775 134.238
34.240 134.252
46.755 134.238
59.244 134.229
71.731 134.209
84.218 134.223
96.765 134.247
109.236 134.245
121.739 134.218
134.213 134.235
146.742 134.245
159.195 134.211
171.747 134.240
184.252 134.260
196.797 134.252
209.254 134.233
221.778 134.243
234.200 134.238
246.761 134.250
21.780 146.754
34.229 146.751
46.762 146.760
59.251 146.758
71.772 146.754
84.252 146.794
96.775 146.780
109.219 146.792
121.764 146.791
134.243 146.777
146.764 146.752
159.247 146.747
171.779 146.801
184.229 146.753
196.739 146.755
209.253 146.787
221.772 146.766
234.236 146.790
21.769 159.259
34.244 159.236
46.779 159.216
59.218 159.230
71.776 159.229
84.238 159.268
96.749 159.223
109.237 159.240
121.746 159.228
134.242 159.215
146.783 159.275
159.234 159.250
171.754 159.215
184.244 159.209
196.763 159.219
209.214 159.245
221.752 159.221
234.228 159.228
21.741 171.754
34.246 171.749
46.774 171.804
59.235 171.792
71.788 171.756
84.258 171.751
96.767 171.755
109.234 171.751
121.767 171.788
134.223 171.785
146.770 171.755
159.254 171.756
171.767 171.761
184.252 171.754
196.789 171.813
209.218 171.776
221.791 171.780
234.221 171.773
34.246 184.249
46.757 184.238
59.220 184.227
71.796 184.240
84.243 184.256
96.765 184.205
109.263 184.253
121.758 184.234
134.211 184.249
146.778 184.227
159.239 184.207
171.783 184.242
184.221 184.231
196.775 184.238
209.245 184.250
221.771 184.240
34.234 196.772
46.754 196.753
59.249 196.760
71.773 196.781
84.239 196.773
96.773 196.764
109.218 196.800
121.763 196.790
134.256 196.772
146.740 196.808
159.237 196.762
171.768 196.747
184.229 196.780
196.756 196.751
209.215 196.785
221.746 196.758
46.769 209.240
59.228 209.238
71.762 209.253
84.234 209.228
96.767 209.242
109.226 209.233
121.765 209.223
134.212 209.226
146.748 209.237
159.225 209.233
171.782 209.229
184.230 209.243
196.764 209.242
209.250 209.216
59.251 221.760
71.800 221.775
84.242 221.757
96.748 221.759
109.200 221.723
121.774 221.773
134.240 221.778
146.752 221.746
159.255 221.765
171.769 221.764
184.234 221.759
196.769 221.742
84.249 234.231
96.790 234.263
109.247 234.231
121.766 234.243
134.230 234.249
146.773 234.233
159.218 234.233
171.774 234.226
121.737 246.764
134.240 246.751
