121.768 9.237
134.242 9.264
84.248 21.766
96.757 21.765
109.203 21.778
121.773 21.771
134.217 21.761
146.781 21.770
159.245 21.786
171.768 21.765
59.228 34.240
71.788 34.235
84.235 34.245
96.785 34.233
109.232 34.228
121.777 34.251
134.232 34.243
146.756 34.216
159.232 34.247
171.756 34.247
184.256 34.247
196.748 34.239
46.785 46.760
59.253 46.781
71.773 46.770
84.221 46.776
96.767 46.735
109.231 46.771
121.753 46.740
134.210 46.779
146.772 46.757
159.249 46.759
171.766 46.785
184.234 46.771
196.773 46.769
209.244 46.768
34.252 59.230
46.755 59.219
59.217 59.211
71.774 59.260
84.230 59.220
96.748 59.235
109.214 59.230
121.790 59.202
134.248 59.244
146.764 59.254
159.210 59.191
171.761 59.228
184.229 59.236
196.751 59.247
209.222 59.227
221.752 59.252
34.224 71.772
46.785 71.763
59.247 71.771
71.764 71.761
84.228 71.761
96.764 71.765
109.233 71.750
121.775 71.775
134.215 71.749
146.762 71.764
159.235 71.778
171.776 71.786
184.227 71.791
196.790 71.775
209.213 71.769
221.754 71.757
21.749 84.252
34.224 84.224
46.776 84.205
59.220 84.219
71.767 84.224
84.232 84.243
96.761 84.229
109.220 84.227
121.778 84.215
134.221 84.251
146.754 84.227
159.230 84.226
171.775 84.225
184.224 84.213
196.766 84.237
209.242 84.248
221.787 84.223
234.238 84.223
21.746 96.770
34.224 96.788
46.792 96.756
59.224 96.757
71.768 96.779
84.260 96.773
96.773 96.769
109.246 96.744
121.751 96.760
134.209 96.776
146.767 96.753
159.227 96.779
171.767 96.749
184.236 96.761
196.755 96.776
209.262 96.756
221.767 96.780
234.204 96.776
21.761 109.222
34.207 109.214
46.757 109.222
59.215 109.234
71.786 109.259
84.224 109.229
96.794 109.251
109.229 109.223
121.784 109.265
134.226 109.226
146.780 109.244
159.234 109.241
171.787 109.219
184.230 109.234
196.778 109.254
209.224 109.210
221.786 109.203
234.253 109.237
9.262 121.762
21.763 121.790
34.238 121.762
46.757 121.774
59.248 121.780
71.777 121.773
84.226 121.773
96.761 121.776
109.219 121.789
121.784 121.771
134.207 121.800
146.761 121.762
159.206 121.776
171.772 121.764
184.237 121.765
196.792 121.790
209.214 121.790
221.765 121.788
234.235 121.775
246.752 121.765
9.243 134.217
21.793 134.235
34.254 134.210
46.775 134.232
59.201 134.245
71.769 134.232
84.250 134.213
96.782 134.214
109.215 134.241
121.770 134.252
134.241 134.240
146.770 134.229
159.234 134.234
171.803 134.219
184.216 134.233
196.748 134.247
209.234 134.223
221.776 134.233
234.212 134.207
246.745 134.181
21.748 146.750
34.231 146.770
46.773 146.762
59.231 146.784
71.764 146.793
84.266 146.792
96.788 146.778
109.229 146.778
121.764 146.780
134.230 146.778
146.746 146.781
159.223 146.781
171.749 146.750
184.213 146.754
196.765 146.766
209.239 146.750
221.758 146.790
234.246 146.730
21.785 159.261
34.212 159.215
46.768 159.251
59.226 159.217
71.751 159.247
84.225 159.221
96.777 159.248
109.202 159.223
121.773 159.239
134.251 159.229
146.785 159.223
159.215 159.224
171.774 159.239
184.248 159.198
196.778 159.229
209.241 159.246
221.794 159.211
234.224 159.224
21.749 171.751
34.231 171.810
46.766 171.750
59.241 171.778
71.749 171.751
84.240 171.753
96.757 171.759
109.243 171.780
121.756 171.752
134.218 171.749
146.782 171.746
159.202 171.786
171.752 171.760
184.212 171.747
196.751 171.768
209.200 171.764
221.788 171.798
234.247 171.766
34.231 184.235
46.738 184.227
59.218 184.242
71.757 184.257
84.219 184.221
96.787 184.222
109.259 184.241
121.761 184.218
134.235 184.230
146.796 184.215
159.226 184.234
171.767 184.235
184.228 184.254
196.788 184.266
209.215 184.222
221.752 184.230
34.232 196.756
46.774 196.759
59.250 196.767
71.784 196.770
84.237 196.789
96.764 196.769
109.207 196.792
121.767 196.752
134.226 196.769
146.773 196.744
159.202 196.770
171.755 196.756
184.206 196.764
196.783 196.783
209.247 196.775
221.756 196.761
46.802 209.200
59.225 209.235
71.788 209.220
84.204 209.241
96.766 209.219
109.226 209.217
121.763 209.246
134.198 209.175
146.752 209.230
159.221 209.233
171.756 209.227
184.219 209.228
196.763 209.251
209.240 209.234
59.219 221.771
71.754 221.762
84.210 221.748
96.783 221.766
109.206 221.779
121.780 221.781
134.222 221.778
146.764 221.776
159.225 221.764
171.793 221.794
184.233 221.776
196.791 221.758
84.225 234.257
96.771 234.242
109.241 234.221
121.758 234.238
134.273 234.200
146.772 234.216
159.223 234.213
171.796 234.199
121.780 246.768
134.237 246.763
