121.740 9.230
134.223 9.238
84.226 21.762
96.738 21.770
109.236 21.760
121.741 21.762
134.217 21.772
146.787 21.793
159.218 21.762
171.766 21.751
59.207 34.232
71.789 34.236
84.239 34.246
96.761 34.254
109.231 34.253
121.773 34.221
134.245 34.261
146.751 34.244
159.219 34.214
171.763 34.224
184.245 34.226
196.793 34.226
46.767 46.784
59.229 46.783
71.763 46.760
84.235 46.786
96.755 46.768
109.231 46.737
121.795 46.774
134.231 46.773
146.747 46.771
159.234 46.769
171.772 46.759
184.240 46.769
196.769 46.771
209.228 46.768
34.237 59.233
46.773 59.250
59.230 59.231
71.768 59.231
84.231 59.248
96.751 59.252
109.252 59.238
121.803 59.214
134.216 59.253
146.756 59.238
159.241 59.286
171.757 59.237
184.227 59.233
196.772 59.245
209.223 59.228
221.776 59.231
34.233 71.763
46.756 71.769
59.224 71.754
71.743 71.744
84.245 71.770
96.757 71.748
109.213 71.775
121.769 71.789
134.241 71.776
146.745 71.789
159.232 71.763
171.734 71.766
184.246 71.752
196.769 71.779
209.210 71.797
221.775 71.754
21.769 84.235
34.231 84.214
46.771 84.242
59.234 84.251
71.790 84.222
84.237 84.225
96.779 84.250
109.244 84.248
121.761 84.243
134.241 84.228
146.749 84.253
159.268 84.242
171.791 84.231
184.228 84.221
196.823 84.236
209.220 84.230
221.780 84.245
234.257 84.237
21.781 96.759
34.205 96.767
46.749 96.761
59.226 96.768
71.763 96.766
84.216 96.783
96.747 96.782
109.250 96.777
121.736 96.772
134.216 96.747
146.792 96.744
159.232 96.776
171.775 96.765
184.234 96.755
196.746 96.768
209.233 96.764
221.763 96.776
234.249 96.796
21.749 109.242
34.251 109.253
46.781 109.235
59.216 109.233
71.750 109.245
84.248 109.259
96.791 109.214
109.258 109.246
121.774 109.233
134.244 109.248
146.775 109.264
159.245 109.229
171.764 109.259
184.197 109.256
196.756 109.248
209.243 109.244
221.766 109.232
234.235 109.257
9.228 121.765
21.751 121.776
34.241 121.765
46.801 121.758
59.260 121.762
71.757 121.773
84.233 121.779
96.763 121.774
109.238 121.770
121.757 121.751
134.253 121.769
146.772 121.761
159.227 121.773
171.774 121.762
184.234 121.774
196.763 121.776
209.237 121.789
221.774 121.773
234.224 121.751
246.775 121.802
9.259 134.220
21.776 134.214
34.216 134.230
46.781 134.229
59.224 134.233
71.782 134.252
84.247 134.232
96.740 134.213
109.224 134.250
121.750 134.244
134.250 134.242
146.749 134.260
159.225 134.230
171.753 134.231
184.232 134.251
196.758 134.229
209.253 134.247
221.757 134.238
234.231 134.237
246.752 134.231
21.793 146.769
34.243 146.747
46.788 146.760
59.241 146.767
71.746 146.748
84.237 146.758
96.762 146.804
109.240 146.755
121.769 146.779
134.199 146.770
146.773 146.754
159.214 146.764
171.765 146.763
184.241 146.752
196.773 146.743
209.240 146.758
221.756 146.764
234.227 146.771
21.749 159.248
34.220 159.234
46.776 159.240
59.220 159.238
71.779 159.234
84.262 159.255
96.764 159.254
109.208 159.235
121.769 159.228
134.224 159.244
146.777 159.209
159.227 159.223
171.750 159.218
184.222 159.223
196.762 159.238
209.242 159.237
221.728 159.235
234.238 159.208
21.758 171.750
34.211 171.755
46.745 171.778
59.251 171.761
71.766 171.757
84.226 171.780
96.739 171.792
109.229 171.766
121.765 171.779
134.246 171.775
146.767 171.797
159.212 171.785
171.785 171.790
184.255 171.753
196.792 171.777
209.213 171.780
221.763 171.778
234.240 171.754
34.215 184.250
46.764 184.230
59.217 184.244
71.775 184.222
84.246 184.252
96.767 184.233
109.250 184.247
121.779 184.199
134.259 184.214
146.746 184.206
159.239 184.251
171.767 184.219
184.233 184.245
196.770 184.223
209.239 184.229
221.781 184.232
34.230 196.776
46.766 196.770
59.250 196.746
71.763 196.755
84.233 196.757
96.798 196.759
109.270 196.755
121.792 196.774
134.239 196.787
146.764 196.758
159.245 196.790
171.774 196.778
184.233 196.754
196.768 196.784
209.215 196.793
221.791 196.751
46.773 209.221
59.216 209.213
71.761 209.237
84.228 209.257
96.759 209.264
109.221 209.226
121.765 209.228
134.251 209.235
146.775 209.242
159.253 209.233
171.760 209.223
184.233 209.246
196.743 209.245
209.244 209.248
59.243 221.781
71.759 221.751
84.250 221.752
96.761 221.774
109.228 221.775
121.792 221.767
134.248 221.767
146.780 221.761
159.199 221.772
171.763 221.779
184.229 221.745
196.787 221.789
84.224 234.225
96.744 234.234
109.214 234.215
121.758 234.232
134.243 234.245
146.759 234.207
159.214 234.229
171.773 234.217
121.778 246.781
134.246 246.763
