120.908 8.538
133.307 8.058
82.289 22.361
97.772 22.112
108.504 21.982
122.853 24.092
134.025 22.429
147.254 21.838
158.801 22.477
172.009 22.219
58.209 34.310
72.257 34.405
84.111 34.094
97.646 34.477
109.142 34.781
121.896 34.717
132.961 34.169
146.820 35.103
158.898 34.020
171.969 33.538
183.921 32.311
197.391 34.945
47.056 47.070
58.599 47.409
71.829 45.758
84.558 47.131
95.906 47.521
109.369 47.483
121.879 47.046
134.413 45.872
146.272 46.045
159.414 48.221
173.311 46.836
184.896 45.949
197.314 46.344
209.013 48.712
34.354 59.055
46.080 58.956
59.190 59.452
72.222 58.730
83.767 60.674
96.586 59.641
109.752 59.195
121.746 58.546
133.795 58.696
147.318 59.036
157.782 59.022
171.493 58.829
183.989 57.014
198.132 57.685
209.120 58.896
222.110 59.501
34.045 72.422
46.926 70.958
58.825 72.062
71.770 72.035
83.574 70.789
96.153 72.123
109.749 71.956
121.825 73.258
133.735 72.135
147.082 72.030
158.641 72.149
171.925 71.916
184.226 73.079
197.573 70.656
209.118 71.882
223.248 71.962
22.580 84.251
33.882 83.979
46.900 84.010
58.854 84.248
70.479 83.635
84.056 83.840
98.416 84.773
108.768 84.955
122.442 84.402
134.012 84.156
146.483 84.100
157.380 85.661
173.100 84.095
183.903 85.284
196.325 83.970
209.246 83.615
222.421 84.593
233.566 83.249
23.307 97.048
35.267 97.089
46.822 96.827
59.167 97.071
70.784 96.784
83.311 95.835
96.548 96.517
109.027 95.653
122.663 96.758
132.228 96.717
147.114 96.486
159.049 97.077
173.407 96.826
183.437 96.394
197.281 97.156
208.323 97.040
221.568 98.226
233.421 97.025
21.588 108.672
32.695 108.620
47.200 108.894
59.808 111.023
71.600 109.116
82.739 110.175
96.860 108.700
110.537 108.902
121.892 110.826
133.439 108.158
146.258 108.804
158.759 107.566
172.571 107.288
183.829 108.862
197.044 110.343
208.803 108.584
221.912 109.190
234.428 109.365
9.293 122.709
22.256 121.996
34.686 119.706
47.978 121.607
58.937 122.585
72.040 121.574
83.855 121.906
96.089 120.426
109.065 122.779
120.661 123.190
133.205 121.989
146.571 120.762
158.903 123.748
173.057 122.186
184.935 122.082
198.655 120.986
208.330 122.628
222.484 122.031
235.635 121.611
247.102 121.577
9.070 135.632
23.991 134.591
35.321 134.030
47.002 133.998
59.352 133.665
72.484 134.018
84.273 134.495
97.237 133.734
109.923 134.326
121.833 134.018
135.859 132.446
145.366 133.294
158.747 134.040
172.492 134.113
183.428 133.278
196.735 132.751
209.267 132.259
221.364 134.354
233.475 133.701
244.995 136.572
21.712 147.281
34.194 147.213
46.997 145.759
59.127 147.470
71.424 147.094
84.881 146.893
96.954 147.257
108.737 147.160
123.961 147.643
134.156 146.300
148.200 147.021
159.660 147.145
171.558 146.726
185.094 147.042
197.483 146.682
208.406 147.117
222.730 146.341
233.204 146.801
22.772 159.343
33.384 160.121
46.958 158.600
58.801 158.914
71.830 158.267
83.302 159.665
96.594 158.658
108.323 156.310
121.920 158.669
132.724 158.377
147.287 160.520
158.269 159.631
171.348 161.152
183.286 158.281
195.568 158.846
213.362 160.382
225.204 159.177
233.236 159.112
21.933 171.264
34.656 168.953
45.264 173.062
59.451 173.232
71.219 173.446
85.334 170.888
94.687 171.842
110.197 171.478
123.267 173.008
131.691 171.141
146.136 172.289
157.827 169.424
170.395 169.690
184.190 175.253
195.943 174.883
206.567 171.574
220.821 172.072
233.439 174.179
33.330 186.805
48.290 183.328
57.930 183.728
70.875 183.668
85.859 185.777
96.657 184.690
107.074 185.148
121.763 183.622
134.325 184.098
147.520 184.232
159.586 185.273
172.130 183.734
185.160 181.165
196.386 184.455
209.704 183.479
222.549 180.686
35.426 194.990
44.603 195.819
59.006 199.660
70.421 196.205
84.067 198.291
96.488 196.231
110.290 197.986
123.721 196.828
135.453 198.249
147.651 194.472
159.930 198.735
168.992 197.391
184.627 198.760
196.975 196.232
209.010 198.836
222.793 197.161
46.437 209.299
57.966 208.210
70.344 208.643
85.031 208.201
99.870 209.032
110.544 206.987
123.283 209.967
135.846 208.749
145.352 207.673
160.452 209.297
171.926 208.540
185.140 208.659
198.700 208.024
209.356 210.780
58.301 222.575
71.385 221.065
85.042 221.223
96.498 221.155
107.843 222.321
122.239 220.239
135.301 219.212
147.393 223.448
160.757 221.534
170.835 222.286
182.225 220.930
200.211 222.273
85.974 231.431
99.403 236.266
111.406 233.843
122.538 233.194
133.865 235.707
148.043 234.137
158.034 231.629
171.158 238.080
122.446 245.800
137.426 247.109
