121.523 9.108
134.499 9.039
84.188 22.354
96.889 21.236
110.843 24.193
121.869 21.521
134.147 23.004
147.056 21.599
158.322 21.519
171.718 23.286
59.160 34.526
71.982 34.131
83.877 32.283
97.550 32.170
110.275 33.233
122.499 34.047
133.553 34.419
146.697 34.332
157.981 33.820
170.985 33.519
182.078 34.261
195.417 33.779
48.045 46.875
59.397 46.554
71.483 47.127
82.491 47.172
97.927 47.254
107.608 45.658
122.440 46.786
132.873 47.499
149.303 48.033
159.612 48.928
171.349 45.442
183.362 46.595
196.484 46.602
208.878 45.555
32.988 59.639
47.327 60.848
58.611 58.689
71.957 59.202
83.653 59.300
95.838 59.485
108.946 57.834
122.936 59.075
133.115 58.961
147.679 60.100
159.166 58.816
172.624 59.281
184.446 57.677
197.070 57.631
208.977 59.260
222.260 59.274
34.544 70.596
47.698 71.943
59.203 72.012
71.221 72.125
84.078 72.249
96.502 72.760
110.166 70.834
122.771 72.679
133.474 71.007
147.635 71.516
158.388 73.779
170.635 72.025
184.412 71.887
196.817 72.249
210.478 71.970
221.691 72.220
21.353 84.549
33.603 84.854
46.637 85.932
57.626 83.709
71.660 84.203
84.336 85.432
97.080 84.456
109.120 85.490
122.060 82.862
133.166 84.090
147.935 83.697
158.560 83.605
170.449 85.296
184.139 82.324
197.133 84.269
207.874 84.029
222.195 82.610
232.656 83.885
23.298 96.678
32.825 97.205
47.152 96.717
58.880 95.469
71.604 96.647
83.598 96.608
96.705 98.968
108.713 97.248
121.506 97.050
135.470 97.550
147.199 96.009
158.863 96.636
172.537 97.349
184.302 97.256
198.250 96.858
207.969 97.919
222.248 96.599
233.990 96.965
23.273 108.681
35.807 109.609
47.507 109.298
59.242 109.642
72.079 108.631
83.658 108.548
98.359 110.069
109.155 109.216
123.105 110.146
133.824 109.573
148.532 108.230
159.111 109.977
172.435 108.879
184.250 108.860
197.411 108.781
208.900 108.513
220.585 106.913
232.544 109.242
8.444 121.695
23.014 120.194
33.894 121.799
47.285 122.491
58.650 122.554
71.367 122.027
81.942 120.343
97.790 121.435
108.609 121.695
122.159 122.298
134.360 121.499
146.422 122.243
158.010 122.341
173.502 122.217
184.351 122.113
197.136 121.665
208.657 120.989
223.446 121.813
233.974 120.350
246.839 121.950
9.789 132.991
22.658 133.418
34.450 134.115
46.796 132.963
59.129 133.190
70.699 134.547
82.260 134.365
94.804 134.962
109.931 135.806
123.200 136.326
135.033 133.312
146.777 135.701
160.984 134.454
172.252 134.987
185.176 134.045
198.542 134.569
208.801 136.197
220.924 133.125
233.978 134.778
245.698 134.526
21.609 149.457
36.078 146.674
45.498 146.598
59.957 150.754
71.728 148.258
84.967 146.897
96.909 146.741
111.257 148.104
122.397 144.959
135.334 147.635
146.766 147.973
161.013 146.450
172.404 146.703
187.178 148.102
197.778 146.775
209.949 145.302
220.587 144.693
236.282 146.732
21.348 159.982
35.975 161.605
47.618 159.473
59.470 160.771
73.071 159.978
85.754 160.346
96.064 161.171
109.997 158.768
119.491 160.733
135.214 159.745
147.763 160.382
160.811 161.478
173.940 157.684
186.240 160.929
195.412 161.050
209.155 159.916
222.048 159.784
236.043 156.976
22.418 173.139
34.894 171.873
47.213 170.903
59.872 170.322
70.860 171.402
86.340 171.452
96.006 171.693
110.541 173.909
122.162 172.360
135.701 170.205
145.442 171.290
159.630 171.971
171.786 172.915
185.649 173.214
195.825 172.003
209.906 171.869
223.617 173.164
233.498 170.880
34.804 184.387
45.716 183.413
59.666 184.871
72.266 184.435
82.802 184.949
97.489 183.350
111.049 183.612
121.675 184.372
133.572 184.135
145.760 183.846
159.516 185.171
172.409 185.316
185.319 185.483
195.589 184.889
209.593 183.730
222.246 185.703
35.028 195.954
47.629 199.392
59.269 197.038
73.477 195.454
86.237 194.660
97.205 195.651
110.998 197.148
121.278 196.603
134.876 197.411
146.126 198.821
158.780 198.200
173.264 197.178
184.797 196.952
196.684 197.437
209.904 197.927
222.172 195.583
45.886 209.965
61.492 209.780
72.934 210.516
85.321 209.497
98.935 208.950
109.737 208.928
122.426 210.631
134.488 209.991
147.484 210.077
160.707 209.121
171.049 210.445
184.907 211.468
198.143 208.971
211.826 212.643
59.231 219.317
72.827 222.358
82.443 221.964
97.128 222.159
110.613 220.464
122.479 221.873
133.755 221.681
148.427 221.916
162.075 223.762
172.017 221.618
185.241 223.273
198.229 221.280
86.349 233.451
97.028 235.184
110.421 234.493
122.262 234.997
134.862 234.329
147.053 233.823
158.694 234.307
171.274 235.505
122.272 246.992
134.861 246.978
