45.235 7.774
57.801 7.742
69.848 5.043
84.145 8.011
29.660 20.406
46.098 20.731
56.877 20.189
72.571 21.676
83.347 19.852
95.329 18.660
20.228 33.549
32.675 34.331
44.642 34.713
56.812 32.904
69.236 32.097
80.663 32.525
95.018 31.897
107.708 32.789
7.965 46.651
21.982 45.673
32.732 43.576
47.536 44.827
56.250 45.681
70.583 47.901
80.195 45.760
95.013 47.629
106.667 45.097
117.843 46.272
5.871 57.261
19.171 58.817
32.132 59.257
47.432 57.832
54.744 56.332
70.531 58.373
82.777 58.521
96.060 58.195
107.140 57.323
117.560 58.010
5.835 69.765
18.325 71.676
31.479 70.975
44.508 72.594
57.193 67.843
68.197 72.038
82.757 71.285
96.236 69.547
105.493 71.620
120.945 70.056
6.794 82.535
20.322 82.965
32.294 83.041
44.780 85.051
54.908 83.214
72.018 85.034
81.771 83.513
92.865 80.380
106.568 82.870
121.391 82.692
20.089 95.834
31.229 94.078
45.600 96.245
57.174 96.419
68.744 95.482
81.177 95.997
95.666 99.721
105.003 97.879
33.027 108.058
43.828 108.775
56.394 108.560
71.297 107.908
81.783 107.016
94.951 105.250
46.082 120.803
54.429 121.004
69.519 121.410
81.939 121.910
