121.752 9.241
134.243 9.207
84.258 21.779
96.760 21.770
109.240 21.748
121.756 21.797
134.232 21.768
146.763 21.811
159.206 21.761
171.785 21.758
59.236 34.245
71.755 34.259
84.213 34.233
96.763 34.224
109.232 34.216
121.768 34.222
134.249 34.221
146.768 34.228
159.216 34.236
171.760 34.230
184.228 34.211
196.794 34.238
46.768 46.779
59.227 46.766
71.789 46.791
84.209 46.776
96.766 46.759
109.238 46.760
121.753 46.762
134.245 46.737
146.795 46.778
159.237 46.770
171.777 46.759
184.218 46.765
196.748 46.754
209.229 46.752
34.235 59.232
46.786 59.224
59.221 59.234
71.768 59.217
84.232 59.247
96.750 59.225
109.252 59.239
121.784 59.216
134.231 59.237
146.793 59.228
159.247 59.222
171.755 59.237
184.227 59.197
196.774 59.237
209.232 59.252
221.769 59.231
34.225 71.749
46.754 71.779
59.260 71.783
71.771 71.771
84.237 71.766
96.780 71.753
109.257 71.777
121.775 71.775
134.228 71.775
146.784 71.773
159.244 71.756
171.752 71.793
184.245 71.787
196.757 71.772
209.249 71.745
221.746 71.789
21.767 84.227
34.242 84.234
46.776 84.238
59.230 84.221
71.767 84.248
84.217 84.261
96.765 84.245
109.242 84.220
121.772 84.237
134.228 84.252
146.765 84.225
159.244 84.251
171.763 84.213
184.261 84.225
196.775 84.220
209.204 84.247
221.788 84.214
234.214 84.244
21.748 96.738
34.256 96.771
46.764 96.775
59.253 96.752
71.771 96.755
84.214 96.768
96.775 96.805
109.238 96.771
121.758 96.757
134.213 96.810
146.792 96.764
159.226 96.780
171.793 96.798
184.216 96.781
196.779 96.754
209.222 96.800
221.763 96.769
234.248 96.770
21.757 109.258
34.212 109.247
46.768 109.244
59.251 109.254
71.765 109.257
84.250 109.250
96.757 109.233
109.248 109.228
121.740 109.245
134.233 109.224
146.779 109.217
159.265 109.237
171.765 109.256
184.250 109.189
196.760 109.220
209.253 109.205
221.760 109.243
234.241 109.232
9.257 121.764
21.767 121.753
34.248 121.789
46.760 121.745
59.225 121.758
71.780 121.766
84.243 121.765
96.779 121.773
109.230 121.782
121.772 121.751
134.214 121.774
146.796 121.771
159.246 121.775
171.750 121.752
184.247 121.764
196.736 121.756
209.224 121.775
221.757 121.752
234.213 121.752
246.773 121.760
9.260 134.241
21.752 134.240
34.252 134.238
46.762 134.252
59.206 134.221
71.756 134.216
84.234 134.247
96.743 134.232
109.242 134.238
121.759 134.215
134.229 134.226
146.767 134.258
159.230 134.240
171.773 134.243
184.222 134.227
196.790 134.227
209.234 134.231
221.780 134.252
234.232 134.246
246.793 134.225
21.740 146.766
34.255 146.777
46.768 146.765
59.253 146.779
71.763 146.762
84.225 146.765
96.762 146.757
109.246 146.770
121.771 146.771
134.214 146.757
146.780 146.770
159.254 146.779
171.750 146.782
184.213 146.758
196.763 146.747
209.210 146.758
221.764 146.741
234.220 146.785
21.753 159.248
34.227 159.225
46.764 159.237
59.224 159.229
71.779 159.234
84.198 159.201
96.762 159.263
109.243 159.237
121.783 159.224
134.225 159.230
146.745 159.234
159.229 159.219
171.765 159.229
184.268 159.237
196.766 159.228
209.233 159.254
221.769 159.215
234.230 159.240
21.788 171.774
34.232 171.800
46.781 171.772
59.202 171.756
71.768 171.792
84.219 171.772
96.800 171.793
109.240 171.766
121.745 171.762
134.240 171.749
146.720 171.797
159.221 171.757
171.776 171.762
184.218 171.770
196.776 171.751
209.216 171.802
221.778 171.788
234.243 171.744
34.217 184.268
46.746 184.249
59.230 184.249
71.751 184.215
84.251 184.237
96.752 184.237
109.224 184.227
121.772 184.229
134.224 184.246
146.764 184.200
159.198 184.266
171.771 184.245
184.224 184.241
196.776 184.230
209.242 184.215
221.752 184.214
34.261 196.771
46.746 196.786
59.252 196.756
71.769 196.787
84.204 196.772
96.758 196.772
109.235 196.761
121.768 196.776
134.254 196.781
146.766 196.756
159.212 196.756
171.743 196.766
184.232 196.781
196.759 196.749
209.232 196.779
221.781 196.771
46.778 209.249
59.247 209.255
71.764 209.249
84.217 209.236
96.759 209.255
109.203 209.233
121.771 209.233
134.233 209.267
146.764 209.243
159.224 209.218
171.760 209.229
184.251 209.244
196.761 209.234
209.240 209.245
59.245 221.755
71.760 221.767
84.203 221.765
96.760 221.780
109.232 221.756
121.768 221.760
134.218 221.780
146.757 221.753
159.249 221.749
171.747 221.780
184.259 221.753
196.775 221.774
84.240 234.214
96.770 234.224
109.227 234.228
121.789 234.248
134.242 234.219
146.763 234.242
159.254 234.236
171.771 234.232
121.773 246.754
134.241 246.761
