121.757 9.239
134.226 9.245
84.236 21.789
96.787 21.758
109.245 21.741
121.757 21.759
134.254 21.790
146.757 21.809
159.237 21.773
171.750 21.778
59.193 34.230
71.788 34.243
84.222 34.248
96.760 34.249
109.235 34.232
121.762 34.234
134.229 34.250
146.753 34.241
159.236 34.186
171.739 34.225
184.249 34.250
196.730 34.244
46.788 46.743
59.233 46.776
71.773 46.777
84.235 46.782
96.752 46.759
109.242 46.778
121.775 46.759
134.259 46.762
146.755 46.767
159.218 46.753
171.787 46.771
184.245 46.753
196.757 46.758
209.227 46.745
34.225 59.234
46.780 59.224
59.232 59.205
71.763 59.253
84.235 59.241
96.734 59.240
109.226 59.237
121.751 59.223
134.234 59.243
146.770 59.229
159.217 59.224
171.757 59.233
184.224 59.235
196.780 59.233
209.231 59.231
221.774 59.229
34.227 71.762
46.743 71.737
59.248 71.756
71.763 71.754
84.207 71.780
96.752 71.775
109.230 71.733
121.800 71.761
134.231 71.750
146.781 71.767
159.247 71.751
171.750 71.785
184.217 71.784
196.765 71.751
209.245 71.778
221.757 71.782
21.768 84.248
34.219 84.263
46.760 84.245
59.255 84.230
71.787 84.206
84.228 84.256
96.738 84.231
109.236 84.228
121.781 84.213
134.216 84.236
146.764 84.214
159.223 84.237
171.776 84.242
184.219 84.240
196.801 84.231
209.245 84.211
221.791 84.249
234.219 84.233
21.765 96.760
34.211 96.772
46.779 96.776
59.226 96.779
71.754 96.784
84.246 96.756
96.770 96.763
109.236 96.783
121.762 96.786
134.233 96.766
146.774 96.770
159.215 96.763
171.778 96.744
184.250 96.783
196.750 96.768
209.220 96.743
221.752 96.764
234.248 96.778
21.794 109.234
34.218 109.233
46.768 109.231
59.239 109.229
71.752 109.259
84.223 109.242
96.760 109.218
109.220 109.249
121.777 109.237
134.234 109.193
146.765 109.240
159.230 109.227
171.782 109.241
184.247 109.227
196.772 109.203
209.220 109.232
221.758 109.221
234.235 109.259
9.220 121.763
21.764 121.776
34.224 121.766
46.749 121.771
59.242 121.783
71.757 121.745
84.210 121.778
96.777 121.764
109.238 121.782
121.746 121.773
134.263 121.781
146.775 121.771
159.206 121.760
171.795 121.771
184.254 121.765
196.772 121.782
209.254 121.767
221.780 121.778
234.231 121.774
246.774 121.769
9.219 134.238
21.787 134.235
34.216 134.225
46.761 134.219
59.227 134.237
71.769 134.234
84.223 134.222
96.736 134.223
109.234 134.235
121.777 134.238
134.261 134.272
146.771 134.230
159.209 134.234
171.749 134.230
184.237 134.230
196.767 134.246
209.234 134.251
221.781 134.219
234.241 134.253
246.775 134.241
21.784 146.760
34.222 146.754
46.800 146.775
59.262 146.767
71.791 146.750
84.237 146.763
96.764 146.787
109.235 146.765
121.742 146.778
134.224 146.771
146.749 146.769
159.246 146.764
171.763 146.776
184.226 146.773
196.775 146.745
209.231 146.764
221.791 146.751
234.245 146.780
21.762 159.225
34.219 159.243
46.734 159.235
59.257 159.237
71.780 159.210
84.235 159.209
96.760 159.218
109.224 159.229
121.759 159.224
134.228 159.245
146.744 159.230
159.176 159.240
171.763 159.251
184.238 159.239
196.768 159.232
209.219 159.208
221.781 159.236
234.226 159.219
21.753 171.737
34.222 171.767
46.741 171.755
59.195 171.766
71.750 171.772
84.234 171.777
96.777 171.764
109.224 171.755
121.762 171.756
134.241 171.781
146.749 171.745
159.237 171.765
171.777 171.769
184.208 171.777
196.757 171.738
209.233 171.768
221.777 171.770
234.226 171.762
34.233 184.244
46.734 184.224
59.244 184.253
71.762 184.243
84.223 184.259
96.767 184.244
109.240 184.244
121.754 184.230
134.231 184.233
146.754 184.227
159.228 184.241
171.751 184.219
184.221 184.216
196.757 184.246
209.214 184.242
221.780 184.235
34.237 196.747
46.742 196.766
59.211 196.755
71.781 196.747
84.225 196.758
96.740 196.763
109.252 196.788
121.753 196.773
134.222 196.770
146.763 196.774
159.201 196.743
171.736 196.779
184.252 196.753
196.757 196.774
209.232 196.759
221.759 196.774
46.777 209.230
59.235 209.239
71.768 209.215
84.212 209.255
96.763 209.243
109.238 209.194
121.758 209.223
134.223 209.227
146.764 209.244
159.231 209.265
171.781 209.220
184.250 209.239
196.750 209.228
209.199 209.207
59.216 221.786
71.783 221.776
84.210 221.776
96.757 221.788
109.237 221.765
121.797 221.782
134.240 221.772
146.767 221.816
159.237 221.756
171.773 221.757
184.226 221.757
196.760 221.769
84.235 234.205
96.769 234.240
109.223 234.230
121.780 234.222
134.245 234.231
146.756 234.260
159.208 234.219
171.794 234.221
121.739 246.771
134.253 246.768
