121.747 9.277
134.252 9.258
84.255 21.769
96.769 21.773
109.227 21.790
121.731 21.750
134.256 21.748
146.762 21.747
159.223 21.775
171.818 21.766
59.242 34.226
71.798 34.224
84.247 34.224
96.795 34.244
109.203 34.205
121.775 34.220
134.215 34.211
146.788 34.205
159.242 34.264
171.756 34.232
184.229 34.268
196.793 34.211
46.723 46.784
59.214 46.734
71.777 46.735
84.276 46.799
96.739 46.763
109.211 46.778
121.788 46.793
134.270 46.756
146.779 46.743
159.281 46.753
171.772 46.719
184.262 46.769
196.767 46.802
209.254 46.761
34.269 59.246
46.730 59.233
59.191 59.269
71.762 59.231
84.246 59.233
96.758 59.197
109.249 59.256
121.768 59.229
134.252 59.236
146.739 59.208
159.236 59.238
171.743 59.244
184.222 59.213
196.783 59.213
209.233 59.257
221.742 59.222
34.231 71.739
46.768 71.775
59.216 71.771
71.728 71.753
84.208 71.769
96.769 71.747
109.225 71.766
121.721 71.760
134.179 71.748
146.770 71.752
159.257 71.745
171.748 71.819
184.262 71.750
196.734 71.759
209.242 71.764
221.786 71.727
21.769 84.250
34.204 84.233
46.760 84.287
59.238 84.197
71.751 84.248
84.239 84.243
96.811 84.220
109.259 84.262
121.801 84.247
134.225 84.213
146.749 84.227
159.223 84.220
171.756 84.244
184.256 84.217
196.778 84.260
209.233 84.242
221.761 84.238
234.277 84.173
21.774 96.769
34.270 96.744
46.751 96.787
59.254 96.776
71.777 96.823
84.240 96.772
96.760 96.795
109.210 96.758
122.991 96.815
136.364 97.656
146.369 96.109
161.033 97.040
174.556 98.008
184.950 96.593
196.372 96.973
208.687 97.509
224.012 96.951
233.826 95.345
22.677 108.921
36.859 110.667
46.586 109.666
58.532 110.365
71.705 107.589
83.805 110.681
98.617 109.655
109.189 109.136
121.643 108.968
134.132 110.727
147.440 108.951
159.085 108.898
173.388 107.420
185.707 107.186
196.520 109.124
208.712 108.701
221.394 106.798
233.225 109.300
6.899 121.850
22.509 120.152
33.097 122.305
46.784 122.642
59.178 122.975
69.805 122.752
81.982 119.826
99.343 119.783
109.122 122.000
122.404 121.703
134.800 122.957
147.557 121.738
158.025 121.570
174.150 122.187
184.346 122.023
197.002 122.087
209.031 120.933
223.060 120.817
233.692 119.952
247.145 121.785
10.157 133.143
24.477 133.158
34.560 134.150
48.257 134.378
58.854 133.051
71.908 133.625
82.530 133.607
95.030 136.395
109.856 134.481
122.966 137.383
134.095 133.289
148.062 136.003
162.518 133.817
172.028 134.050
185.152 135.054
198.928 134.552
208.365 136.089
221.125 133.126
234.216 134.637
245.954 134.755
23.248 148.816
35.263 147.642
43.967 146.707
59.782 151.348
71.772 148.026
84.840 146.658
96.853 147.039
111.539 147.563
123.585 144.712
134.464 147.962
146.417 147.330
160.728 145.471
172.434 147.194
186.911 148.294
197.148 145.663
210.505 144.657
220.686 144.517
236.001 147.219
18.727 161.253
36.231 162.902
47.925 159.178
56.879 161.175
73.258 160.215
86.316 159.920
96.839 160.956
111.306 159.488
117.585 161.770
135.240 160.247
148.176 159.570
161.253 161.415
173.394 158.031
185.584 160.995
194.696 160.489
208.970 159.602
221.794 159.641
236.570 156.658
21.879 173.458
35.376 173.282
46.349 171.450
59.197 168.332
70.781 169.688
85.823 172.116
95.780 171.823
111.338 174.075
121.762 173.355
134.802 169.738
145.980 171.343
160.396 172.163
171.788 172.184
186.068 173.519
194.351 172.238
210.104 172.102
223.617 173.436
233.285 169.594
36.116 183.896
45.895 182.935
59.527 184.801
72.883 183.471
83.369 184.959
97.106 182.646
109.551 185.522
121.883 183.794
133.435 184.121
145.658 184.214
160.199 184.666
172.032 184.507
184.823 184.441
195.614 183.507
209.294 183.938
221.119 187.377
34.913 195.870
47.409 197.807
60.486 197.500
72.948 194.843
87.385 196.809
96.272 195.121
110.966 196.688
120.736 197.016
134.913 197.441
147.264 198.972
159.728 197.491
174.079 197.358
186.601 197.258
198.453 196.913
209.449 198.116
221.256 196.237
45.603 209.933
61.663 210.911
72.293 210.909
86.309 210.513
99.433 209.286
111.311 208.381
121.009 211.613
134.248 208.541
147.291 210.488
161.358 209.372
172.237 210.056
184.701 210.783
197.968 209.656
212.040 212.604
58.302 218.487
73.333 222.698
82.254 222.491
96.471 221.892
110.656 220.007
122.552 222.341
133.449 222.753
149.337 222.119
161.167 224.350
171.463 222.144
183.360 222.590
199.599 220.700
85.458 232.324
97.944 235.449
110.411 234.521
121.914 234.496
134.887 235.227
146.581 234.054
159.184 233.683
171.155 236.013
122.385 246.791
135.066 247.137
