121.780 9.239
134.217 9.218
84.241 21.735
96.751 21.754
109.240 21.738
121.768 21.793
134.260 21.797
146.769 21.783
159.272 21.736
171.782 21.762
59.254 34.206
71.728 34.238
84.245 34.210
96.760 34.216
109.271 34.240
121.828 34.241
134.269 34.215
146.763 34.247
159.254 34.227
171.773 34.267
184.245 34.240
196.766 34.207
46.740 46.775
59.209 46.785
71.765 46.748
84.229 46.794
96.803 46.754
109.266 46.749
121.737 46.741
134.239 46.776
146.753 46.731
159.237 46.731
171.734 46.767
184.243 46.743
196.772 46.775
209.237 46.766
34.238 59.252
46.779 59.287
59.224 59.225
71.775 59.251
84.270 59.282
96.758 59.266
109.220 59.251
121.808 59.252
134.229 59.254
146.725 59.219
159.269 59.228
171.744 59.207
184.226 59.286
196.756 59.253
209.244 59.243
221.730 59.222
34.265 71.789
46.784 71.770
59.249 71.712
71.888 71.522
85.122 69.818
96.270 71.998
111.174 70.874
121.980 72.855
135.082 71.254
148.186 72.394
160.333 73.502
171.619 72.139
183.872 72.533
198.281 70.993
208.332 71.127
223.154 72.382
22.922 83.148
34.114 83.524
47.046 85.203
59.131 84.228
69.613 84.168
84.302 85.374
98.452 84.268
108.930 84.944
121.682 84.330
133.455 84.673
147.202 84.146
156.171 85.921
173.574 84.074
184.719 85.089
195.917 82.961
208.638 84.403
221.546 84.771
233.586 82.769
22.420 96.706
35.310 97.439
46.409 97.435
59.067 97.442
70.458 96.556
83.095 96.134
96.077 97.296
108.509 97.366
124.062 95.505
131.925 97.876
147.130 96.109
159.010 96.993
172.407 96.207
181.781 95.738
197.108 97.029
208.038 97.316
222.586 97.098
232.635 97.235
21.639 108.901
32.780 109.325
47.262 109.047
60.325 110.311
72.249 108.955
84.619 109.675
97.628 108.976
112.263 108.570
122.055 112.583
133.453 106.233
145.592 109.654
158.671 107.986
173.433 108.857
183.708 109.101
197.447 109.575
209.133 107.503
221.756 109.504
234.319 109.044
9.182 123.460
24.097 120.908
34.784 119.998
48.235 121.390
59.136 123.140
72.052 121.739
84.159 122.346
97.564 119.841
108.795 122.213
120.249 123.383
133.064 122.029
147.391 121.151
158.983 123.804
172.766 122.046
185.590 120.145
198.871 121.375
208.750 123.681
222.006 121.938
236.074 123.448
247.035 121.081
8.337 136.565
24.407 135.284
34.970 132.858
47.318 135.010
59.173 134.339
72.370 135.455
84.304 134.111
96.538 134.000
108.619 132.624
121.765 133.919
136.175 130.044
144.801 132.813
157.841 134.411
171.974 132.405
183.131 133.853
197.354 134.468
208.482 131.963
220.195 134.419
232.886 135.123
244.941 137.358
23.042 147.137
34.282 146.726
47.415 145.211
58.749 147.441
69.237 147.050
84.935 147.087
98.009 146.784
109.135 146.965
123.799 147.062
133.611 144.578
148.196 146.842
159.560 148.252
171.726 147.541
185.208 147.151
196.903 147.016
208.529 147.317
224.177 145.646
232.952 146.790
23.101 158.817
32.975 160.138
46.838 159.433
60.754 159.023
71.921 160.054
81.859 159.702
95.232 160.486
107.991 156.041
122.039 158.655
132.413 159.604
148.823 161.410
157.893 159.135
170.026 162.996
183.524 157.677
196.495 159.141
213.461 159.994
226.555 158.418
231.988 157.622
21.830 170.745
34.817 169.029
45.332 173.075
58.440 173.058
70.236 172.278
86.055 170.939
93.602 170.545
109.878 170.835
123.365 171.943
132.651 171.244
146.134 171.861
157.735 169.231
169.905 169.560
184.266 176.289
196.035 175.044
207.698 172.707
221.097 170.965
232.879 173.132
32.738 186.970
49.210 182.556
57.069 184.368
71.375 184.467
85.812 186.117
95.405 184.432
104.134 183.951
122.825 185.702
134.616 184.355
147.229 183.419
159.570 183.768
171.520 183.987
184.899 180.638
195.803 183.898
210.536 181.949
221.733 182.232
34.586 194.854
44.411 197.237
59.008 201.192
70.281 194.077
82.531 196.390
95.990 196.490
111.414 196.114
123.964 196.820
134.409 197.879
147.701 194.162
160.261 198.596
168.179 196.844
184.914 197.851
195.533 195.840
208.507 199.101
223.039 196.738
47.072 209.020
58.328 207.700
69.498 207.215
86.631 207.740
100.972 210.746
111.083 206.571
123.379 209.737
137.098 208.754
145.467 208.120
159.253 210.105
171.062 210.257
183.770 208.203
198.526 207.837
208.066 210.852
56.625 222.189
71.070 220.529
84.964 221.438
95.753 220.687
107.785 222.172
122.023 218.464
135.697 218.720
145.411 223.197
161.313 221.323
172.518 221.736
181.701 220.803
199.951 221.795
85.322 232.483
98.830 235.935
111.577 234.363
122.946 232.995
133.814 234.811
148.722 232.654
156.801 232.234
171.217 238.053
122.241 245.911
136.401 247.281
