121.742 9.243
134.241 9.240
84.250 21.765
96.778 21.769
109.248 21.774
121.745 21.758
134.255 21.792
146.771 21.764
159.228 21.764
171.758 21.758
59.258 34.226
71.779 34.223
84.236 34.217
96.766 34.227
109.246 34.232
121.753 34.259
134.239 34.233
146.764 34.256
159.234 34.244
171.755 34.251
184.243 34.233
196.769 34.246
46.761 46.778
59.227 46.759
71.765 46.778
84.253 46.749
96.780 46.737
109.251 46.752
121.769 46.755
134.265 46.767
146.775 46.771
159.247 46.801
171.742 46.768
184.218 46.787
196.754 46.755
209.252 46.779
34.246 59.231
46.772 59.229
59.229 59.228
71.755 59.220
84.229 59.212
96.778 59.189
109.195 59.260
121.786 59.215
134.225 59.223
146.747 59.253
159.233 59.220
171.762 59.219
184.213 59.236
196.745 59.239
209.240 59.242
221.745 59.228
34.235 71.752
46.761 71.771
59.245 71.770
71.797 71.771
84.221 71.761
96.770 71.740
109.254 71.757
121.745 71.780
134.241 71.776
146.785 71.763
159.226 71.731
171.776 71.774
184.228 71.747
196.769 71.752
209.237 71.783
221.754 71.800
21.756 84.251
34.198 84.249
46.777 84.221
59.254 84.209
71.748 84.208
84.240 84.246
96.794 84.220
109.256 84.222
121.771 84.229
134.243 84.224
146.768 84.221
159.212 84.232
171.754 84.228
184.241 84.265
196.760 84.250
209.238 84.245
221.778 84.251
234.243 84.242
21.763 96.751
34.232 96.773
46.762 96.747
59.240 96.768
71.763 96.752
84.251 96.781
96.781 96.739
109.217 96.787
121.784 96.774
134.221 96.763
146.787 96.795
159.232 96.782
171.779 96.784
184.259 96.788
196.781 96.783
209.243 96.769
221.784 96.764
234.226 96.765
21.786 109.217
34.217 109.236
46.760 109.215
59.230 109.241
71.768 109.234
84.218 109.209
96.755 109.243
109.230 109.233
121.762 109.226
134.229 109.256
146.780 109.222
159.258 109.242
171.770 109.263
184.227 109.223
196.773 109.229
209.232 109.231
221.750 109.239
234.231 109.216
9.244 121.768
21.774 121.766
34.244 121.758
46.762 121.778
59.240 121.768
71.752 121.788
84.229 121.772
96.773 121.763
109.238 121.743
121.768 121.773
134.229 121.770
146.743 121.766
159.234 121.756
171.770 121.769
184.238 121.756
196.757 121.766
209.250 121.770
221.782 121.761
234.267 121.766
246.764 121.757
9.253 134.250
21.769 134.223
34.235 134.232
46.783 134.235
59.226 134.256
71.778 134.223
84.259 134.231
96.764 134.222
109.240 134.220
121.748 134.272
134.241 134.242
146.799 134.202
159.234 134.212
171.756 134.235
184.205 134.244
196.766 134.237
209.254 134.255
221.734 134.219
234.207 134.212
246.764 134.226
21.773 146.775
34.227 146.741
46.769 146.747
59.249 146.759
71.793 146.765
84.249 146.765
96.782 146.785
109.209 146.789
121.795 146.788
134.231 146.757
146.765 146.791
159.240 146.756
171.767 146.770
184.221 146.749
196.749 146.775
209.235 146.742
221.766 146.734
234.218 146.755
21.777 159.218
34.267 159.203
46.786 159.223
59.215 159.247
71.792 159.239
84.212 159.210
96.744 159.245
109.231 159.232
121.770 159.234
134.234 159.231
146.791 159.232
159.236 159.220
171.787 159.238
184.236 159.222
196.749 159.195
209.236 159.202
221.753 159.211
234.210 159.207
21.762 171.741
34.210 171.792
46.767 171.767
59.204 171.744
71.770 171.742
84.233 171.760
96.773 171.763
109.251 171.759
121.758 171.778
134.241 171.742
146.744 171.767
159.254 171.767
171.771 171.766
184.254 171.795
196.759 171.739
209.198 171.790
221.772 171.772
234.201 171.802
34.257 184.213
46.725 184.264
59.207 184.216
71.761 184.259
84.243 184.214
96.755 184.242
109.243 184.233
121.757 184.237
134.207 184.221
146.761 184.215
159.228 184.246
171.760 184.217
184.242 184.261
196.757 184.236
209.240 184.232
221.759 184.240
34.222 196.762
46.767 196.788
59.230 196.792
71.787 196.785
84.230 196.786
96.759 196.761
109.227 196.764
121.781 196.763
134.241 196.802
146.764 196.775
159.233 196.752
171.768 196.785
184.217 196.766
196.776 196.782
209.251 196.743
221.769 196.771
46.769 209.200
59.229 209.245
71.771 209.236
84.236 209.244
96.793 209.220
109.240 209.242
121.765 209.218
134.206 209.228
146.754 209.244
159.245 209.222
171.782 209.213
184.208 209.227
196.792 209.249
209.235 209.237
59.226 221.765
71.760 221.778
84.232 221.749
96.771 221.795
109.234 221.742
121.789 221.755
134.223 221.792
146.753 221.739
159.221 221.763
171.768 221.775
184.221 221.755
196.767 221.755
84.245 234.200
96.783 234.233
109.240 234.227
121.802 234.243
134.243 234.226
146.765 234.224
159.203 234.231
171.779 234.214
121.754 246.765
134.235 246.804
