121.758 9.252
134.231 9.215
84.255 21.790
96.756 21.760
109.242 21.752
121.758 21.782
134.210 21.784
146.778 21.784
159.235 21.771
171.776 21.778
59.221 34.184
71.778 34.214
84.239 34.226
96.759 34.209
109.233 34.251
121.768 34.208
134.244 34.262
146.790 34.256
159.232 34.239
171.752 34.233
184.218 34.268
196.787 34.275
46.768 46.775
59.240 46.756
71.771 46.768
84.233 46.768
96.771 46.764
109.238 46.765
121.772 46.764
134.239 46.767
146.751 46.769
159.234 46.754
171.749 46.760
184.227 46.763
196.757 46.769
209.193 46.778
34.221 59.243
46.748 59.228
59.223 59.240
71.765 59.227
84.232 59.238
96.765 59.219
109.244 59.224
121.760 59.259
134.220 59.216
146.785 59.228
159.233 59.241
171.758 59.265
184.249 59.246
196.779 59.238
209.238 59.260
221.742 59.222
34.238 71.758
46.770 71.752
59.244 71.767
71.782 71.758
84.215 71.741
96.777 71.783
109.214 71.760
121.806 71.758
134.233 71.779
146.792 71.763
159.233 71.788
171.779 71.751
184.230 71.759
196.773 71.751
209.219 71.780
221.750 71.757
21.767 84.254
34.211 84.231
46.765 84.198
59.236 84.254
71.776 84.223
84.247 84.228
96.757 84.239
109.215 84.243
121.774 84.255
134.240 84.230
146.766 84.205
159.218 84.202
171.773 84.235
184.226 84.219
196.775 84.261
209.220 84.230
221.758 84.237
234.241 84.226
21.760 96.757
34.247 96.773
46.783 96.742
59.264 96.767
71.760 96.759
84.246 96.770
96.770 96.752
109.262 96.764
121.757 96.765
134.253 96.762
146.760 96.763
159.198 96.757
171.766 96.759
184.223 96.777
196.753 96.774
209.225 96.791
221.755 96.735
234.219 96.767
21.775 109.239
34.239 109.238
46.785 109.224
59.235 109.253
71.791 109.243
84.227 109.280
96.780 109.228
109.204 109.237
121.791 109.240
134.263 109.264
146.769 109.253
159.209 109.247
171.747 109.241
184.210 109.240
196.770 109.224
209.240 109.221
221.789 109.225
234.245 109.228
9.249 121.765
21.761 121.760
34.230 121.748
46.774 121.786
59.248 121.788
71.769 121.768
84.240 121.751
96.752 121.792
109.240 121.760
121.763 121.766
134.209 121.777
146.773 121.774
159.221 121.754
171.806 121.776
184.238 121.754
196.763 121.764
209.223 121.761
221.760 121.756
234.217 121.752
246.760 121.759
9.245 134.229
21.787 134.251
34.217 134.237
46.762 134.207
59.236 134.242
71.759 134.254
84.215 134.227
96.792 134.219
109.232 134.260
121.772 134.220
134.243 134.236
146.768 134.219
159.238 134.220
171.787 134.247
184.260 134.252
196.759 134.222
209.215 134.222
221.793 134.207
234.246 134.262
246.752 134.236
21.739 146.744
34.256 146.753
46.783 146.774
59.226 146.781
71.748 146.773
84.244 146.761
96.773 146.762
109.231 146.784
121.756 146.762
134.222 146.789
146.749 146.761
159.239 146.755
171.779 146.774
184.226 146.765
196.769 146.777
209.247 146.752
221.733 146.808
234.239 146.773
21.754 159.234
34.201 159.244
46.747 159.243
59.229 159.243
71.789 159.175
84.227 159.247
96.772 159.207
109.246 159.237
121.762 159.256
134.232 159.254
146.757 159.256
159.241 159.253
171.748 159.207
184.231 159.217
196.743 159.256
209.266 159.219
221.786 159.224
234.241 159.238
21.791 171.778
34.224 171.748
46.764 171.776
59.238 171.777
71.766 171.753
84.246 171.764
96.771 171.777
109.214 171.773
121.764 171.762
134.240 171.761
146.760 171.799
159.224 171.776
171.746 171.770
184.228 171.739
196.764 171.784
209.183 171.748
221.748 171.765
234.240 171.769
34.220 184.233
46.773 184.241
59.223 184.239
71.772 184.243
84.197 184.211
96.723 184.234
109.211 184.245
121.748 184.256
134.223 184.218
146.755 184.248
159.237 184.235
171.773 184.237
184.230 184.218
196.771 184.268
209.209 184.213
221.779 184.236
34.250 196.768
46.725 196.816
59.249 196.734
71.803 196.797
84.248 196.767
96.760 196.762
109.248 196.746
121.761 196.797
134.221 196.773
146.771 196.769
159.248 196.745
171.762 196.772
184.232 196.766
196.768 196.783
209.216 196.765
221.780 196.779
46.775 209.221
59.228 209.223
71.742 209.231
84.241 209.235
96.738 209.225
109.242 209.229
121.769 209.227
134.212 209.231
146.743 209.266
159.206 209.207
171.751 209.252
184.230 209.233
196.786 209.215
209.237 209.241
59.218 221.772
71.784 221.797
84.225 221.757
96.767 221.813
109.219 221.774
121.750 221.733
134.247 221.756
146.742 221.764
159.202 221.763
171.765 221.761
184.250 221.780
196.743 221.759
84.215 234.221
96.762 234.264
109.248 234.253
121.765 234.231
134.253 234.191
146.759 234.235
159.230 234.247
171.765 234.212
121.772 246.751
134.228 246.727
