100.799 18.840
109.881 18.852
118.947 18.842
128.015 18.832
137.048 18.812
146.113 18.815
155.199 18.865
82.564 27.912
91.678 27.919
100.755 27.920
109.852 27.925
118.913 27.940
128.013 27.989
137.112 27.953
146.186 27.969
155.229 27.979
164.315 27.945
173.396 27.920
64.211 36.984
73.366 36.956
82.582 37.019
91.642 37.006
100.755 37.047
109.865 37.052
118.924 37.073
128.027 37.066
137.085 37.075
146.130 37.055
155.245 37.016
164.338 37.066
173.398 36.997
182.602 36.929
191.721 36.969
55.126 46.017
64.242 46.057
73.327 46.047
82.576 46.043
91.690 46.087
100.771 46.103
109.855 46.132
118.926 46.147
128.021 46.150
137.081 46.120
146.138 46.140
155.165 46.117
164.287 46.055
173.363 46.031
182.631 46.014
191.698 46.027
200.888 46.012
46.004 55.131
55.127 55.142
64.191 55.089
73.289 55.107
82.643 55.090
91.754 55.135
100.811 55.161
109.892 55.175
118.919 55.199
128.005 55.239
137.068 55.222
146.120 55.224
155.192 55.180
164.276 55.147
173.328 55.113
182.661 55.128
191.765 55.133
200.833 55.144
209.986 55.156
36.976 64.239
46.069 64.235
55.089 64.239
64.202 64.200
73.292 64.183
82.606 64.195
91.757 64.198
100.869 64.230
109.874 64.287
118.926 64.339
127.987 64.353
137.045 64.328
146.106 64.323
155.153 64.241
164.202 64.225
173.324 64.204
182.619 64.214
191.792 64.212
200.910 64.211
209.922 64.295
219.058 64.219
36.907 73.396
46.049 73.342
55.085 73.346
64.205 73.308
73.305 73.288
82.614 73.366
91.784 73.331
100.863 73.320
109.883 73.372
118.999 73.409
128.004 73.420
137.083 73.446
146.095 73.387
155.110 73.388
164.205 73.557
173.303 73.326
182.654 73.351
191.749 73.336
200.903 73.327
209.966 73.327
219.093 73.419
27.922 82.562
37.021 82.596
46.031 82.594
55.098 82.606
64.201 82.667
73.289 82.644
82.627 82.656
91.760 82.633
100.891 82.652
109.941 82.606
118.899 82.569
127.989 82.590
137.044 82.575
146.078 82.585
155.108 82.625
164.230 82.671
173.322 82.692
182.654 82.653
191.784 82.669
200.918 82.658
209.947 82.626
218.975 82.629
228.071 82.604
27.886 91.675
37.013 91.634
46.081 91.724
55.132 91.722
64.186 91.749
73.304 91.796
82.634 91.785
91.760 91.781
100.843 91.752
109.902 91.722
118.956 91.672
128.014 91.656
137.085 91.701
146.116 91.697
155.130 91.730
164.198 91.760
173.302 91.812
182.651 91.770
191.774 91.798
200.861 91.777
209.901 91.737
218.939 91.679
228.117 91.744
18.851 100.788
27.998 100.780
37.044 100.761
46.092 100.771
55.173 100.804
64.218 100.832
73.322 100.874
82.625 100.864
91.733 100.856
100.821 100.802
109.911 100.774
118.934 100.771
127.991 100.733
137.082 100.765
146.099 100.783
155.189 100.814
164.274 100.885
173.323 100.879
182.614 100.868
191.750 100.852
200.845 100.834
209.895 100.812
218.931 100.763
228.038 100.774
237.137 100.788
18.837 109.865
27.949 109.842
37.057 109.873
46.109 109.867
55.186 109.866
64.270 109.895
73.352 109.908
82.612 109.928
91.656 109.916
100.787 109.875
109.894 109.899
118.939 109.881
128.002 109.826
137.046 109.804
146.157 109.864
155.226 109.856
164.316 109.890
173.398 109.897
182.608 109.902
191.684 109.913
200.812 109.922
209.865 109.900
218.935 109.860
228.055 109.836
237.172 109.907
18.807 118.958
27.940 118.935
37.079 118.927
46.147 118.899
55.198 118.945
64.302 118.970
73.394 118.947
82.552 118.938
91.673 118.974
100.750 118.948
109.864 118.931
118.932 118.920
128.013 118.946
137.087 118.928
146.143 118.944
155.214 118.914
164.328 118.947
173.385 118.960
182.609 118.959
191.681 118.953
200.789 118.942
209.859 118.943
218.933 118.944
228.063 118.901
237.168 118.930
18.809 128.002
27.941 128.032
37.089 128.019
46.108 127.991
55.238 127.988
64.349 127.991
73.438 127.983
82.564 127.987
91.652 127.979
100.737 127.981
109.828 128.013
118.947 128.035
127.998 127.999
137.097 128.018
146.168 128.039
155.243 128.009
164.347 127.994
173.448 128.001
182.536 127.973
191.661 127.974
200.720 127.982
209.854 127.977
218.953 127.988
228.042 127.979
237.188 127.999
18.816 137.055
27.944 137.103
37.065 137.092
46.116 137.092
55.214 137.055
64.321 137.051
73.407 137.022
82.597 137.039
91.653 137.024
100.802 137.084
109.849 137.052
118.942 137.090
127.983 137.096
137.064 137.070
146.167 137.085
155.203 137.061
164.333 137.057
173.397 137.050
182.603 137.038
191.653 137.085
200.780 137.055
209.827 137.047
218.937 137.077
228.058 137.078
237.183 137.055
18.843 146.080
27.948 146.180
37.069 146.134
46.129 146.133
55.215 146.103
64.300 146.126
73.394 146.097
82.609 146.083
91.705 146.094
100.785 146.139
109.886 146.123
118.920 146.119
127.984 146.158
137.080 146.149
146.135 146.132
155.205 146.091
164.304 146.083
173.382 146.071
182.639 146.093
191.694 146.121
200.824 146.101
209.891 146.101
218.929 146.151
228.069 146.153
237.170 146.101
18.836 155.178
27.976 155.229
37.050 155.237
46.134 155.196
55.170 155.187
64.245 155.158
73.346 155.119
82.670 155.098
91.736 155.136
100.819 155.170
109.890 155.222
118.927 155.229
127.996 155.221
137.081 155.261
146.128 155.215
155.163 155.172
164.272 155.154
173.524 155.137
182.646 155.136
191.770 155.158
200.840 155.183
209.887 155.195
218.944 155.260
228.045 155.230
237.153 155.214
27.920 164.322
36.971 164.341
46.081 164.294
55.135 164.241
64.244 164.224
73.318 164.180
82.622 164.218
91.776 164.231
100.858 164.224
109.892 164.275
118.936 164.312
128.005 164.361
137.029 164.343
146.125 164.326
155.114 164.283
164.239 164.262
173.363 164.216
182.680 164.218
191.825 164.226
200.852 164.287
209.905 164.308
218.969 164.347
228.094 164.306
27.887 173.412
37.003 173.387
46.024 173.418
55.116 173.369
64.181 173.335
73.310 173.580
82.655 173.323
91.804 173.345
100.900 173.328
109.934 173.369
118.964 173.410
127.988 173.424
137.074 173.406
146.078 173.379
155.113 173.373
164.238 173.355
173.337 173.359
182.691 173.377
191.808 173.304
200.915 173.346
209.957 173.395
218.988 173.377
228.106 173.403
36.943 182.577
46.056 182.609
55.133 182.671
64.223 182.663
73.317 182.676
82.617 182.646
91.788 182.666
100.877 182.653
109.912 182.599
118.965 182.591
127.980 182.572
137.066 182.580
146.085 182.619
155.159 182.646
164.234 182.679
173.323 182.696
182.686 182.676
191.820 182.684
200.925 182.715
209.993 182.690
219.058 182.635
36.935 191.725
46.055 191.696
55.114 191.751
64.247 191.755
73.345 191.809
82.660 191.792
91.776 191.807
100.857 191.758
109.865 191.702
118.961 191.672
127.996 191.645
137.059 191.680
146.113 191.696
155.161 191.739
164.238 191.785
173.353 191.794
182.675 191.799
191.799 191.797
200.898 191.817
209.955 191.749
219.039 191.808
46.030 200.860
55.172 200.824
64.235 200.901
73.316 200.890
82.626 200.890
91.735 200.873
100.873 200.824
109.898 200.792
118.925 200.755
128.004 200.761
137.079 200.788
146.129 200.809
155.227 200.806
164.264 200.876
173.349 200.908
182.686 200.912
191.784 200.895
200.868 200.885
210.014 200.887
55.160 209.972
64.311 209.945
73.329 209.939
82.599 209.935
91.700 209.896
100.812 209.894
109.886 209.865
118.946 209.852
128.004 209.892
137.070 209.862
146.120 209.857
155.206 209.877
164.305 209.906
173.382 209.959
182.642 209.970
191.779 209.929
200.897 209.984
64.253 219.045
73.394 219.040
82.604 218.989
91.691 218.982
100.768 218.955
109.834 218.958
118.912 218.971
127.963 218.952
137.066 218.912
146.137 218.950
155.248 218.963
164.348 218.951
173.529 218.996
182.624 219.080
191.805 219.034
82.576 228.105
91.690 228.098
100.783 228.040
109.865 228.030
118.943 228.050
127.972 228.035
137.034 228.031
146.141 228.044
155.236 228.047
164.316 228.076
173.409 228.056
100.789 237.170
109.893 237.178
118.927 237.141
127.975 237.194
137.045 237.161
146.108 237.145
155.233 237.116
