100.86 18.98
109.92 18.92
118.94 18.95
128.01 18.96
137.04 18.96
146.07 18.97
155.12 18.96
82.78 27.99
91.83 27.99
100.89 28.02
109.92 27.99
118.95 28.00
127.99 28.03
137.03 28.00
146.09 28.00
155.13 28.00
164.17 27.98
173.19 28.00
64.15 37.03
73.21 37.04
82.80 37.04
91.82 37.04
100.87 37.04
109.89 37.00
118.94 37.04
127.99 37.06
137.06 37.04
146.10 37.00
155.10 37.05
164.17 37.03
173.17 37.04
182.80 37.04
191.81 37.05
55.12 46.12
64.17 46.06
73.19 46.11
82.82 46.08
91.83 46.05
100.86 46.11
109.91 46.08
118.99 46.07
128.01 46.08
137.04 46.05
146.06 46.08
155.11 46.10
164.15 46.05
173.20 46.09
182.80 46.09
191.84 46.11
200.88 46.08
46.07 55.14
55.12 55.16
64.17 55.14
73.21 55.12
82.79 55.10
91.84 55.09
100.88 55.16
109.91 55.15
118.97 55.11
127.99 55.10
137.05 55.12
146.08 55.14
155.11 55.14
164.16 55.14
173.18 55.12
182.79 55.13
191.86 55.12
200.85 55.13
209.92 55.10
37.04 64.17
46.09 64.13
55.16 64.17
64.16 64.16
73.19 64.19
82.81 64.21
91.84 64.14
100.87 64.16
109.89 64.17
118.94 64.13
128.00 64.18
137.07 64.15
146.07 64.17
155.11 64.17
164.14 64.16
173.19 64.14
182.79 64.18
191.84 64.16
200.89 64.15
209.91 64.17
218.97 64.16
37.06 73.21
46.09 73.21
55.11 73.21
64.16 73.20
73.17 73.21
82.83 73.18
91.81 73.19
100.86 73.19
109.92 73.19
118.94 73.20
128.01 73.21
137.02 73.19
146.09 73.19
155.12 73.19
164.17 73.18
173.19 73.20
182.78 73.22
191.84 73.19
200.87 73.23
209.92 73.18
218.96 73.19
27.96 82.84
37.05 82.80
46.08 82.79
55.10 82.81
64.18 82.79
73.19 82.81
82.76 82.80
91.82 82.83
100.88 82.76
109.91 82.79
118.98 82.78
128.01 82.81
137.07 82.81
146.09 82.79
155.13 82.81
164.17 82.78
173.19 82.77
182.81 82.78
191.86 82.79
200.87 82.79
209.93 82.82
218.96 82.82
227.98 82.80
28.00 91.84
37.05 91.84
46.06 91.82
55.13 91.83
64.17 91.82
73.20 91.82
82.78 91.84
91.88 91.83
100.87 91.85
109.93 91.85
118.93 91.85
128.01 91.86
137.04 91.84
146.07 91.85
155.12 91.82
164.17 91.84
173.19 91.84
182.80 91.84
191.87 91.83
200.86 91.82
209.93 91.83
218.96 91.84
228.00 91.85
18.98 100.88
27.97 100.88
37.07 100.89
46.09 100.88
55.13 100.91
64.14 100.89
73.22 100.87
82.82 100.87
91.85 100.88
100.90 100.90
109.89 100.88
118.95 100.87
128.00 100.89
137.03 100.85
146.07 100.88
155.10 100.89
164.18 100.91
173.22 100.88
182.80 100.87
191.85 100.88
200.90 100.88
209.92 100.88
218.96 100.86
227.99 100.85
237.07 100.91
18.95 109.90
28.01 109.93
37.04 109.92
46.08 109.92
55.15 109.95
64.17 109.92
73.20 109.92
82.80 109.90
91.88 109.92
100.88 109.91
109.93 109.89
118.97 109.94
127.99 109.91
137.04 109.94
146.07 109.90
155.13 109.90
164.17 109.92
173.20 109.91
182.80 109.92
191.82 109.91
200.86 109.92
209.92 109.91
218.98 109.93
228.00 109.94
237.04 109.91
18.96 118.97
28.01 118.99
37.04 118.95
46.10 118.94
55.12 118.95
64.17 118.97
73.22 118.97
82.80 118.96
91.81 118.96
100.91 118.98
109.93 118.97
118.95 118.97
128.02 118.96
137.01 118.95
146.12 118.94
155.12 118.96
164.17 118.98
173.22 118.95
182.78 118.96
191.85 118.95
200.86 118.95
209.92 118.96
218.96 118.95
228.05 118.97
237.02 118.95
18.94 127.99
28.01 128.01
37.03 128.00
46.06 127.99
55.14 128.01
64.13 128.01
73.23 128.00
82.79 128.03
91.85 128.01
100.92 128.03
109.92 128.00
119.00 128.00
128.00 127.97
137.04 128.01
146.09 127.98
155.11 127.98
164.18 127.99
173.18 128.00
182.82 128.01
191.85 127.98
200.87 127.99
209.92 128.01
218.99 128.00
228.01 128.02
237.07 128.03
18.94 137.04
28.03 137.05
37.04 137.07
46.09 137.03
55.10 137.08
64.16 137.02
73.18 137.05
82.80 137.06
91.86 137.04
100.86 137.05
109.93 137.05
118.98 137.03
128.00 137.06
137.03 137.05
146.11 137.02
155.14 137.05
164.15 137.04
173.20 137.05
182.78 137.04
191.81 137.06
200.90 137.05
209.89 137.02
218.96 137.05
227.99 137.05
237.04 137.04
18.97 146.09
28.00 146.09
37.04 146.11
46.10 146.08
55.13 146.09
64.18 146.09
73.18 146.04
82.79 146.11
91.86 146.08
100.90 146.08
109.91 146.09
118.98 146.10
127.99 146.09
137.04 146.07
146.08 146.10
155.16 146.07
164.17 146.07
173.21 146.07
182.81 146.06
191.81 146.10
200.91 146.09
209.91 146.09
218.96 146.06
228.00 146.09
237.05 146.09
18.97 155.15
28.00 155.11
37.05 155.13
46.12 155.14
55.13 155.14
64.18 155.14
73.19 155.12
82.81 155.14
91.84 155.13
100.86 155.13
109.91 155.14
118.93 155.14
128.02 155.13
137.07 155.07
146.08 155.14
155.11 155.12
164.16 155.13
173.21 155.13
182.81 155.12
191.88 155.12
200.88 155.11
209.92 155.13
218.96 155.15
228.00 155.11
237.04 155.14
27.99 164.19
37.04 164.17
46.07 164.17
55.11 164.14
64.12 164.16
73.21 164.16
82.82 164.17
91.82 164.18
100.87 164.17
109.93 164.15
118.96 164.19
128.00 164.17
137.04 164.15
146.07 164.12
155.11 164.16
164.15 164.17
173.17 164.16
182.79 164.17
191.83 164.15
200.91 164.17
209.92 164.19
218.96 164.19
228.02 164.15
27.98 173.20
37.04 173.21
46.06 173.25
55.11 173.19
64.17 173.19
73.22 173.19
82.80 173.21
91.85 173.19
100.88 173.20
109.93 173.20
118.94 173.20
127.98 173.22
137.03 173.22
146.11 173.20
155.12 173.20
164.15 173.19
173.19 173.20
182.83 173.21
191.83 173.20
200.87 173.18
209.92 173.19
218.96 173.21
228.02 173.20
37.04 182.77
46.10 182.80
55.11 182.79
64.16 182.79
73.18 182.80
82.80 182.80
91.84 182.79
100.87 182.83
109.91 182.79
118.99 182.80
127.99 182.79
137.03 182.76
146.09 182.78
155.13 182.80
164.14 182.81
173.18 182.79
182.81 182.80
191.78 182.76
200.87 182.79
209.91 182.78
218.95 182.79
37.05 191.86
46.07 191.85
55.12 191.82
64.15 191.82
73.21 191.84
82.80 191.84
91.84 191.86
100.88 191.83
109.88 191.82
118.96 191.83
128.00 191.87
137.02 191.84
146.08 191.87
155.12 191.83
164.16 191.85
173.22 191.83
182.80 191.82
191.83 191.82
200.88 191.83
209.93 191.87
218.95 191.80
46.06 200.89
55.13 200.87
64.14 200.87
73.21 200.86
82.82 200.86
91.86 200.84
100.88 200.85
109.93 200.88
118.96 200.90
127.97 200.87
137.06 200.88
146.08 200.89
155.13 200.86
164.13 200.85
173.20 200.90
182.84 200.88
191.83 200.88
200.90 200.87
209.93 200.88
55.13 209.93
64.17 209.93
73.20 209.92
82.80 209.92
91.84 209.93
100.87 209.91
109.92 209.93
118.95 209.92
128.02 209.93
137.05 209.91
146.08 209.93
155.13 209.94
164.17 209.91
173.19 209.90
182.78 209.93
191.84 209.94
200.88 209.91
64.14 218.98
73.20 218.97
82.82 218.97
91.86 218.95
100.87 218.98
109.91 218.98
118.95 218.95
128.01 218.96
137.05 218.93
146.10 218.94
155.12 218.97
164.18 218.95
173.24 218.96
182.78 218.94
191.86 218.96
82.80 228.01
91.84 228.00
100.88 228.00
109.95 228.00
118.97 228.03
128.00 227.98
137.06 228.01
146.09 228.00
155.13 228.02
164.16 228.02
173.20 228.01
100.89 237.03
109.93 237.08
118.95 237.07
128.01 237.06
137.03 237.03
146.06 237.09
155.09 237.00
