100.98 18.99
109.98 19.01
119.01 18.98
127.99 19.00
137.02 18.94
146.02 19.01
155.04 19.03
82.93 28.01
91.98 27.96
100.99 28.00
109.98 28.03
118.94 27.99
128.00 28.01
136.98 28.01
146.02 28.01
155.05 27.98
164.03 28.03
173.07 28.03
64.03 37.01
73.04 37.00
82.94 37.02
91.93 37.05
101.02 37.02
109.92 36.99
119.02 37.01
127.98 36.97
137.00 37.03
146.00 37.02
155.07 37.02
164.08 37.01
173.05 37.01
182.96 37.00
191.90 36.99
55.03 46.02
64.09 46.00
73.03 46.02
82.92 46.00
92.01 46.05
100.88 46.01
110.04 46.05
118.97 45.99
128.02 46.05
137.00 46.01
146.01 46.03
155.07 46.06
164.05 46.05
173.07 46.03
182.90 46.02
191.98 46.02
200.90 46.04
46.03 55.09
55.02 55.04
64.08 55.06
73.04 55.04
82.89 55.01
91.99 55.03
100.96 55.07
109.96 55.01
119.01 55.09
127.95 55.03
137.02 55.06
146.04 55.06
155.05 55.05
164.03 55.03
173.06 55.05
182.95 55.03
191.95 55.04
200.97 55.08
209.95 55.09
37.03 64.05
45.99 64.04
55.08 64.05
64.04 64.06
73.10 64.06
82.94 64.04
91.93 64.06
100.95 64.04
109.99 64.06
119.02 64.04
127.96 64.09
137.03 64.01
146.01 64.04
155.03 64.04
164.08 64.06
173.07 64.06
182.92 64.03
191.95 64.02
200.97 64.08
209.95 64.07
218.99 64.06
37.01 73.11
46.02 73.06
55.04 73.08
64.05 73.07
73.05 73.04
82.98 73.07
91.91 73.04
100.98 73.05
109.98 73.05
118.99 73.05
128.00 73.06
137.01 73.08
146.03 73.09
155.04 73.08
164.04 73.07
173.11 73.06
182.95 73.04
191.96 73.09
201.00 73.04
209.97 73.07
219.00 73.08
28.02 82.95
37.01 82.91
46.03 82.91
55.03 82.90
64.03 82.94
73.07 82.95
82.93 82.94
91.97 82.98
100.94 82.97
109.98 82.96
119.03 82.93
128.01 82.95
137.01 82.93
146.01 82.92
155.02 82.98
164.09 82.97
173.00 82.94
182.94 82.95
191.98 82.96
200.94 82.94
209.94 82.94
219.06 82.96
227.98 82.96
27.99 91.95
37.05 91.94
46.02 91.95
55.07 91.93
64.03 91.93
73.04 91.98
82.96 91.97
91.93 91.96
100.99 91.97
109.97 91.93
118.97 91.93
128.01 91.95
137.03 91.96
146.02 91.95
155.08 91.93
164.01 91.95
173.09 91.99
182.95 91.93
191.96 91.91
200.93 91.92
209.98 91.97
219.03 91.96
227.96 91.95
18.96 101.00
28.04 100.99
36.98 100.94
46.06 100.97
55.01 100.95
64.07 101.00
73.05 100.96
82.99 100.98
91.93 100.92
100.96 100.97
109.99 100.99
118.96 100.95
128.00 100.98
137.03 100.94
146.01 101.00
155.06 100.96
164.03 100.90
173.08 100.95
182.94 100.97
191.93 100.98
200.99 100.96
209.97 100.93
219.01 100.94
227.93 100.97
237.06 100.97
19.01 109.99
27.97 109.95
37.04 110.03
46.02 110.01
55.04 110.00
64.07 110.00
73.04 109.97
82.94 109.95
91.90 109.96
101.01 109.97
109.99 109.96
119.01 109.97
127.99 109.96
137.04 110.01
146.00 109.99
155.06 109.97
164.02 110.04
173.00 110.01
183.01 110.01
191.99 110.02
201.02 109.99
209.99 110.01
218.96 109.92
228.03 110.00
236.95 109.95
18.99 118.98
28.00 118.99
37.00 118.97
46.00 119.01
54.95 119.02
64.03 118.99
72.94 119.00
82.99 119.00
92.00 119.04
100.99 118.97
110.00 118.98
118.98 119.03
128.01 119.04
136.95 118.97
145.96 118.98
155.06 119.02
163.95 119.01
173.01 119.05
182.99 119.01
192.01 119.00
201.01 118.98
210.01 119.01
218.99 119.03
227.96 118.97
236.99 119.01
19.05 128.00
27.97 127.98
37.02 127.93
46.04 127.99
54.99 128.00
63.97 128.04
73.04 128.04
83.04 127.98
92.03 127.97
100.97 128.01
110.01 128.00
118.98 127.99
127.95 127.94
137.03 128.03
145.99 128.01
155.00 128.00
163.99 128.02
173.02 127.96
182.99 127.96
192.00 127.99
200.96 128.02
210.04 127.99
219.00 128.00
228.00 128.01
237.01 128.03
19.00 137.03
28.02 136.99
36.99 137.01
46.01 137.02
55.00 136.98
64.02 137.00
73.03 136.99
82.97 137.02
92.04 137.02
100.94 137.07
110.09 137.01
118.97 137.00
127.98 137.01
137.04 137.02
146.01 137.02
155.03 136.96
163.97 136.99
173.01 136.99
183.02 137.02
192.03 136.94
200.99 137.00
210.00 136.97
219.05 137.00
227.99 136.99
236.94 136.99
18.99 145.99
28.04 145.99
36.95 145.99
46.06 146.00
54.96 145.99
64.00 145.98
72.98 145.97
83.00 146.00
91.98 145.96
101.00 146.04
110.03 146.00
118.99 145.98
128.01 146.00
137.00 145.99
145.98 146.02
155.04 146.02
163.94 145.98
173.08 146.03
182.96 146.03
192.05 145.99
201.03 146.01
209.96 146.01
219.07 146.01
227.99 146.05
237.01 146.00
18.97 155.03
28.03 155.02
37.03 155.01
45.95 155.00
55.04 155.01
63.93 155.01
73.07 155.04
82.99 154.99
92.03 155.05
100.99 155.01
110.02 155.00
119.02 155.00
127.97 155.03
136.98 154.99
145.99 154.96
154.98 154.96
164.04 155.03
172.97 154.93
182.99 154.99
191.97 155.00
201.06 154.98
209.95 154.97
219.05 155.01
227.99 154.96
237.03 154.98
28.01 163.99
37.03 164.03
46.00 164.00
55.04 164.00
63.99 163.99
72.99 163.96
82.99 164.07
91.94 164.02
101.06 163.95
109.96 163.99
119.03 163.98
127.97 163.96
137.02 164.04
145.94 164.03
155.01 163.99
163.94 164.03
173.03 164.05
183.01 164.00
191.98 164.03
200.96 163.97
210.04 164.05
218.98 163.98
228.01 164.06
28.03 173.02
37.00 173.04
45.97 173.02
55.02 172.98
64.02 172.97
73.04 173.01
82.98 172.94
92.03 173.03
100.99 173.01
109.95 173.01
119.05 173.01
127.96 173.01
137.04 172.99
145.94 172.97
155.06 172.98
163.96 173.04
173.06 172.96
183.03 173.00
191.98 173.04
201.05 173.02
210.00 172.94
218.98 172.98
228.05 173.02
36.99 183.04
45.99 183.00
55.05 183.03
64.00 183.04
72.99 182.98
83.02 183.01
92.01 182.99
101.01 182.98
109.96 183.02
118.99 183.03
128.03 183.01
137.00 182.98
145.98 183.01
155.01 183.01
164.06 182.98
172.95 182.99
183.04 183.00
192.01 182.98
200.98 182.99
209.99 183.03
219.01 183.05
37.02 191.96
45.98 192.02
54.99 192.00
64.01 192.02
72.99 192.03
82.97 192.06
92.02 191.96
100.97 192.00
109.97 192.02
119.01 191.99
127.99 191.99
137.00 192.03
146.00 192.01
154.97 191.97
164.03 192.02
173.00 192.03
182.99 191.95
191.99 192.01
201.02 192.01
209.96 192.00
219.04 191.96
45.99 200.99
54.98 201.01
64.01 201.01
73.03 201.00
82.98 201.04
91.97 201.00
101.01 201.01
109.98 200.98
119.06 201.00
127.94 201.07
137.04 201.02
145.97 200.98
154.99 200.98
164.00 200.97
172.99 201.03
183.06 201.03
191.99 200.97
201.00 200.96
210.06 201.02
54.99 210.02
64.00 210.00
72.98 210.04
83.01 209.97
91.95 210.04
101.06 210.00
109.96 209.98
118.99 209.99
128.01 209.96
137.02 209.96
145.96 210.02
155.06 210.00
163.92 210.00
173.05 209.97
182.97 210.03
192.06 210.09
200.97 210.03
64.02 218.98
72.96 218.99
82.99 218.95
92.00 219.00
100.97 218.99
110.00 219.03
119.00 219.02
127.98 219.03
137.02 219.07
145.98 219.02
155.04 219.02
163.91 219.05
173.03 219.01
182.99 219.01
192.00 218.96
82.98 228.05
91.97 228.02
100.99 228.03
110.00 227.98
118.98 228.02
128.02 228.00
137.02 227.96
146.01 227.99
154.99 228.00
163.99 227.99
173.02 228.01
100.99 237.01
110.00 237.00
118.98 236.99
128.00 236.97
137.02 237.01
145.99 237.02
155.03 237.03
