100.90 19.00
110.03 18.99
118.94 19.00
128.04 19.00
136.99 18.96
146.07 18.97
155.04 19.01
82.94 27.98
91.95 27.97
100.95 27.98
109.96 28.01
119.00 28.01
128.00 27.98
136.95 28.02
146.06 27.99
154.97 28.03
164.10 27.99
173.04 27.97
64.06 37.02
73.05 37.04
82.93 37.03
91.95 37.00
100.99 36.99
109.95 37.00
118.98 37.04
128.05 36.99
136.95 36.97
146.07 37.00
155.01 37.02
164.07 37.01
173.05 37.04
182.93 36.98
191.95 37.01
55.05 46.05
64.08 46.05
73.06 45.99
82.94 45.99
91.92 46.03
100.96 46.02
109.99 46.03
118.95 46.00
128.01 46.03
137.04 46.03
146.05 46.02
155.05 46.06
164.07 46.04
173.06 46.00
182.99 46.01
191.98 45.97
200.95 46.01
46.02 55.06
55.04 55.02
64.07 55.03
73.03 55.06
82.94 55.03
91.95 55.02
100.99 55.07
109.96 55.09
118.99 55.08
127.98 55.04
137.04 55.00
146.02 55.06
155.06 55.04
164.01 55.03
173.08 54.99
182.94 55.04
191.93 55.10
201.00 55.07
209.94 55.03
36.99 64.04
46.05 64.02
55.02 64.08
64.10 64.07
73.01 64.06
82.97 64.02
91.97 64.06
100.98 64.04
109.91 63.99
119.02 64.04
127.98 64.06
137.06 64.09
145.98 64.07
155.06 64.08
164.04 64.06
173.06 64.05
182.97 64.05
191.95 64.04
200.98 64.02
209.95 64.03
219.03 64.07
37.01 73.11
46.04 73.06
55.06 73.07
64.02 73.04
73.09 73.05
82.91 73.05
91.93 73.03
100.98 73.04
109.93 73.11
118.97 73.08
128.01 73.04
137.02 73.05
146.02 73.05
155.05 73.06
164.02 73.06
173.06 73.09
182.96 73.08
191.93 73.05
200.96 73.06
209.96 73.07
218.98 73.02
27.97 82.93
37.02 82.94
45.98 82.96
55.12 82.96
63.97 82.95
73.13 82.92
82.88 82.94
91.95 82.95
100.97 82.96
109.96 82.95
119.02 82.98
127.97 82.95
137.02 82.91
146.02 82.97
155.01 82.96
164.02 82.91
173.08 82.98
182.93 82.94
191.96 82.91
200.97 82.95
209.96 82.91
219.00 82.90
228.00 82.93
27.96 91.97
37.06 91.92
46.02 91.95
55.05 91.94
63.99 91.99
73.08 91.92
82.94 91.97
91.94 91.92
100.94 91.93
110.01 91.97
118.98 91.89
128.04 91.92
137.02 91.98
145.99 91.96
155.04 91.96
164.09 91.96
173.02 91.95
182.97 91.96
191.91 91.96
201.03 91.97
209.93 91.99
219.00 91.97
228.01 91.94
18.98 100.95
28.01 100.97
36.98 100.92
46.05 100.92
55.02 100.93
64.05 100.93
73.08 100.99
82.94 100.91
91.96 100.94
100.96 100.96
109.99 100.98
118.94 101.01
128.05 100.98
137.00 100.92
145.96 100.96
155.08 100.92
164.06 100.97
173.03 100.98
182.94 100.92
191.95 100.91
200.98 100.92
209.96 100.99
218.99 100.96
227.98 100.93
237.05 100.94
18.98 109.97
28.00 109.96
37.02 110.02
46.00 110.05
55.07 110.00
64.03 110.03
73.08 109.94
82.94 109.97
91.93 109.98
101.02 110.00
109.92 109.97
119.01 109.98
127.99 109.94
137.04 109.98
145.99 109.97
155.04 110.01
164.03 109.97
173.03 110.01
182.96 110.01
191.92 110.01
200.95 109.99
209.97 109.99
219.01 109.92
227.95 109.97
237.00 109.95
18.99 118.99
27.98 118.99
37.03 119.00
46.03 119.00
55.05 118.97
64.07 118.98
73.07 118.98
82.95 118.99
91.95 119.00
100.92 118.94
110.00 118.96
118.93 118.96
128.05 119.02
136.98 118.99
146.07 118.99
155.01 118.93
164.03 118.98
173.05 118.94
182.95 118.98
191.93 118.93
200.97 119.01
209.98 118.98
219.03 118.99
227.97 118.98
237.05 119.02
18.99 128.01
27.98 127.97
37.03 127.99
45.98 128.03
55.06 128.06
64.03 128.03
73.10 128.01
82.96 127.97
91.95 127.99
100.98 128.04
109.95 128.01
119.02 128.01
127.95 128.00
137.03 128.05
146.01 127.96
155.04 128.04
164.04 128.00
173.06 127.99
182.89 128.01
191.94 128.03
200.96 128.01
209.96 128.03
219.01 128.01
227.95 128.00
237.04 127.95
18.96 136.99
28.01 137.05
37.03 137.02
46.04 137.06
55.00 137.00
64.03 136.99
73.09 136.97
82.93 137.02
91.95 137.02
100.94 137.01
109.95 136.98
119.00 137.03
128.00 137.03
137.01 136.97
146.04 137.03
155.01 137.02
164.05 137.00
173.08 137.03
182.91 137.02
191.98 137.00
200.96 136.99
210.00 137.00
218.94 137.00
228.04 137.02
237.03 137.00
18.96 146.06
28.04 146.05
36.97 146.04
45.97 145.99
55.05 146.03
64.06 145.99
73.05 146.02
82.95 146.04
91.92 146.01
100.99 146.05
109.95 146.04
119.02 146.05
127.97 146.00
137.03 146.05
146.00 146.05
155.04 146.01
164.06 146.06
173.05 146.00
182.95 146.06
191.94 146.06
200.97 146.04
209.97 146.02
218.99 146.03
228.01 146.02
237.07 146.03
18.99 155.04
27.94 155.03
37.05 155.06
45.98 155.06
55.09 155.03
64.05 155.04
73.13 155.05
82.90 155.03
91.99 155.08
100.95 155.05
109.97 155.08
118.97 155.00
128.02 155.06
136.99 155.04
146.04 155.04
155.03 155.01
164.03 155.04
173.07 155.08
182.97 155.01
191.91 155.03
200.97 154.99
209.97 155.01
218.98 155.07
227.99 155.11
237.03 155.06
27.98 164.07
37.02 164.04
46.06 164.09
55.03 164.06
64.08 164.08
73.03 164.04
82.94 164.08
91.98 164.04
100.99 164.07
109.93 164.03
118.99 164.09
127.97 164.04
137.02 164.04
146.07 164.03
155.03 164.05
164.03 164.03
173.09 164.01
182.93 164.06
191.96 164.07
201.01 164.07
209.94 164.05
218.99 164.05
228.00 164.04
27.97 173.10
37.06 173.10
45.98 173.04
55.08 173.11
64.05 173.05
73.09 173.08
82.95 173.05
91.94 173.06
100.95 173.05
109.96 173.09
118.97 173.04
128.02 173.08
137.02 173.11
146.02 173.10
155.08 173.06
164.02 173.03
173.08 173.07
182.96 173.09
191.94 173.09
200.98 173.09
209.96 173.02
219.03 173.06
228.02 173.06
37.00 182.94
46.05 182.95
54.99 182.96
64.09 182.99
73.05 182.92
82.95 182.96
91.92 182.96
100.97 182.94
109.92 182.92
119.03 182.95
127.99 182.92
137.00 182.92
146.03 182.94
155.06 182.95
164.04 182.96
173.08 182.91
182.91 182.92
192.00 182.88
200.92 182.92
209.95 182.93
219.01 182.92
37.00 191.92
46.01 191.94
55.05 191.97
64.05 191.92
73.07 191.95
82.97 191.93
91.94 191.92
100.98 191.94
110.02 191.95
118.94 191.97
128.03 191.95
136.97 191.99
146.04 191.97
155.04 191.97
164.01 191.95
173.09 191.96
182.93 192.02
191.97 191.97
200.92 191.97
209.98 191.92
218.97 191.92
46.01 200.99
55.03 200.97
64.07 200.97
73.08 200.95
82.93 201.00
91.95 201.02
100.95 200.99
110.01 200.98
118.98 201.00
128.03 200.94
136.96 200.99
146.05 200.97
155.06 200.97
164.05 201.00
173.08 200.93
182.93 200.91
191.98 200.95
200.94 200.97
209.96 200.98
55.02 209.97
64.08 210.01
73.02 209.99
82.97 209.98
91.94 209.95
100.95 209.98
110.00 209.94
119.00 209.98
127.96 210.05
137.04 209.99
145.93 210.04
155.05 210.00
163.93 209.96
173.05 210.03
183.01 210.02
191.99 210.01
201.04 210.01
64.01 219.01
72.96 218.99
83.07 219.04
91.99 219.03
100.98 218.97
110.02 219.00
118.92 218.99
128.03 219.00
137.04 218.98
146.02 218.98
154.96 219.00
164.03 219.00
172.99 218.96
182.98 218.99
192.03 219.05
82.99 227.99
92.01 228.01
100.97 227.99
110.05 227.98
118.98 228.04
128.05 228.04
136.97 228.02
146.07 228.04
155.00 227.96
164.01 227.99
173.00 228.05
100.96 237.06
110.05 237.02
118.95 236.97
128.04 236.98
136.99 237.04
146.02 236.95
154.98 237.03
