100.920 18.969
109.932 18.935
118.971 18.963
128.013 18.962
137.022 18.947
146.067 18.974
155.091 18.985
82.877 28.007
91.884 27.986
100.925 27.995
109.902 28.011
118.988 28.049
128.046 28.001
137.010 27.975
146.036 27.992
155.091 28.001
164.105 27.972
173.127 28.004
64.092 37.024
73.116 37.039
82.863 37.028
91.884 37.027
100.930 36.998
109.936 37.035
118.960 36.987
128.025 37.053
137.029 37.042
146.076 36.998
155.051 37.026
164.099 37.011
173.129 36.997
182.854 37.039
191.902 37.007
55.029 46.055
64.073 46.075
73.124 46.056
82.891 46.061
91.895 46.044
100.983 46.065
109.916 46.072
118.963 46.082
127.994 46.068
137.054 46.077
146.073 46.072
155.084 46.038
164.123 46.027
173.134 46.060
182.860 46.092
191.885 46.002
200.927 46.071
46.074 55.092
55.083 55.074
64.103 55.116
73.855 55.050
82.883 55.074
91.899 55.103
100.904 55.067
109.963 55.084
118.967 55.084
127.993 55.085
137.071 55.069
146.070 55.024
155.097 55.071
164.091 55.080
173.147 55.065
182.861 55.073
191.888 55.101
200.909 55.103
209.964 55.048
37.054 64.096
46.055 64.100
55.053 64.088
64.101 64.096
73.142 64.142
82.883 64.146
91.903 64.078
100.906 64.124
109.928 64.133
118.960 64.109
128.012 64.116
137.013 64.103
146.032 64.119
155.091 64.096
164.108 64.105
173.105 64.108
182.841 64.089
191.910 64.084
200.912 64.103
209.903 64.108
218.969 64.104
37.021 73.143
46.050 73.136
55.071 73.143
64.136 73.854
73.123 73.096
82.846 73.161
91.894 73.139
100.934 73.148
109.941 73.109
118.954 73.172
128.004 73.139
137.058 73.179
146.019 73.132
155.089 73.136
164.144 73.122
173.102 73.125
182.856 73.148
191.880 73.156
200.911 73.166
209.953 73.126
219.005 73.106
28.008 82.884
37.016 82.861
46.038 82.889
55.060 82.872
64.114 82.853
73.120 82.890
82.851 82.860
91.936 82.858
100.893 82.841
109.951 82.861
119.027 82.872
127.994 82.854
137.033 82.847
146.026 82.875
155.089 82.893
164.089 82.852
173.145 82.891
182.851 82.124
191.842 82.158
200.905 82.863
209.882 82.830
218.988 82.852
227.993 82.846
28.022 91.916
37.046 91.877
46.047 91.906
55.079 91.900
64.138 91.893
73.171 91.928
82.822 91.889
91.905 91.893
100.913 91.932
109.964 91.905
118.937 91.852
128.008 91.897
137.074 91.928
146.030 91.936
155.075 91.908
164.106 91.931
173.123 91.904
182.848 91.939
191.905 91.871
200.940 91.904
209.914 91.863
219.015 91.925
228.029 91.921
18.984 100.923
28.018 100.889
37.035 100.933
46.056 100.916
55.090 100.891
64.071 100.915
73.131 100.938
82.865 100.950
91.851 100.925
100.903 100.954
109.911 100.900
118.964 100.898
128.010 100.952
137.039 100.914
146.051 100.949
155.059 100.897
164.080 100.899
173.145 100.918
182.889 100.904
191.885 100.885
200.915 100.923
209.979 100.921
218.976 100.946
228.032 100.932
237.051 100.935
18.972 109.934
28.005 109.966
37.001 109.927
46.101 109.949
55.113 109.948
64.108 109.948
73.145 109.938
82.892 109.961
91.890 109.890
100.934 109.933
109.950 109.930
118.943 109.964
127.973 109.977
137.011 109.940
146.052 109.912
155.107 109.899
164.060 109.921
173.111 109.950
182.911 109.978
191.875 109.999
200.896 109.950
209.913 109.924
218.949 109.959
228.017 109.967
237.032 109.950
18.993 118.972
28.000 118.952
37.040 118.965
46.042 118.973
55.079 118.999
64.126 118.977
73.144 118.978
82.862 119.005
91.902 118.975
100.897 119.022
109.954 118.985
118.976 118.978
127.990 118.994
137.029 118.990
146.043 118.974
155.100 118.958
164.133 118.969
173.147 118.974
182.139 118.992
191.940 118.950
200.953 118.964
209.973 119.011
218.963 118.988
228.001 118.963
237.027 118.950
18.994 127.995
27.975 128.015
37.057 127.988
46.054 128.005
55.059 127.977
64.100 128.001
73.117 128.037
82.192 128.004
91.878 128.004
100.902 128.020
109.937 128.023
118.973 127.986
128.031 128.027
137.010 128.011
146.028 128.023
155.108 127.979
164.083 127.992
173.166 127.995
182.861 127.988
191.882 128.008
200.962 127.982
209.987 127.993
218.985 128.041
227.979 128.018
237.042 128.016
18.991 136.996
28.015 137.018
37.043 136.996
46.034 137.036
55.077 137.032
64.092 136.999
73.159 137.007
82.858 137.012
91.869 136.988
100.922 137.026
109.928 136.994
118.980 137.042
128.003 136.989
137.013 136.984
146.068 137.040
155.118 137.069
164.073 137.021
173.093 137.020
182.898 137.050
191.894 137.017
200.879 137.025
209.936 136.998
218.961 137.031
227.986 137.028
237.028 137.054
18.979 146.061
27.975 146.030
37.023 146.050
46.027 146.084
55.063 146.073
64.134 146.019
73.101 146.045
82.841 146.071
91.915 146.014
100.943 146.019
109.970 146.082
118.984 146.032
128.009 146.070
137.007 146.079
146.034 146.097
155.088 146.027
164.113 146.035
173.834 146.060
182.881 146.020
191.894 146.049
200.879 146.033
209.957 146.053
219.027 146.059
227.995 146.087
237.021 146.046
18.967 155.116
28.011 155.066
36.986 155.076
46.053 155.033
55.092 155.056
64.105 155.062
73.110 155.098
82.913 155.074
91.910 155.029
100.904 155.045
109.925 155.073
118.971 155.053
128.003 155.087
137.045 155.103
146.043 155.047
155.081 155.082
164.106 155.076
173.823 155.059
182.833 155.082
191.889 155.074
200.927 155.069
209.950 155.058
218.971 155.115
227.996 155.122
237.009 155.102
27.977 164.106
36.966 164.060
46.050 164.110
55.097 164.103
64.099 164.140
73.142 164.106
82.906 164.081
91.872 164.092
100.919 164.124
109.944 164.132
118.954 164.075
127.963 164.082
137.013 164.087
146.013 164.118
155.100 164.112
164.138 164.123
173.150 164.080
182.873 164.139
191.849 164.105
200.920 164.086
209.978 164.101
218.995 164.114
228.027 164.132
27.993 173.148
37.006 173.115
46.054 173.132
55.080 173.124
64.122 173.154
73.159 173.129
82.898 173.108
91.918 173.175
100.928 173.130
109.937 173.121
118.958 173.147
128.005 173.163
137.057 173.144
146.055 173.106
155.043 173.122
164.099 173.163
173.128 173.121
182.834 173.115
191.908 173.174
200.905 173.150
209.952 173.104
218.985 173.114
228.043 173.125
37.055 182.868
46.092 182.887
55.084 182.837
64.109 182.867
73.173 182.908
82.872 182.886
91.875 182.881
100.930 182.891
109.976 182.825
118.935 182.867
127.962 182.851
137.020 182.860
146.083 182.828
155.113 182.867
164.072 182.830
173.130 182.847
182.872 182.869
191.919 182.859
200.914 182.920
209.932 182.878
218.952 182.836
37.038 191.950
46.084 191.907
55.071 191.878
64.099 191.924
73.162 191.923
82.854 191.924
91.945 191.922
100.916 191.888
109.940 191.905
118.939 191.891
127.984 191.928
137.041 191.961
146.054 191.918
155.094 191.889
164.082 191.936
173.136 191.864
182.838 191.893
191.890 191.910
200.959 191.917
209.956 191.895
218.967 191.893
46.051 200.932
55.064 200.882
64.084 200.909
73.123 200.944
82.838 200.916
91.919 200.895
100.918 200.902
109.969 200.922
118.960 200.933
128.025 200.931
137.001 200.895
146.044 200.912
155.068 200.952
164.115 200.938
173.138 200.885
182.872 200.922
191.918 200.914
200.896 200.922
209.906 200.946
55.088 209.960
64.105 209.996
73.136 209.974
82.879 209.960
91.916 209.949
100.915 209.961
109.959 209.938
118.979 209.955
128.022 209.933
137.021 209.931
146.004 209.960
155.067 209.965
164.075 209.926
173.127 209.944
182.863 209.922
191.878 209.927
200.984 209.907
64.085 218.975
73.106 218.944
82.857 218.974
91.876 218.984
100.918 218.961
109.983 218.958
118.960 218.965
127.966 218.986
137.026 218.960
146.010 218.977
155.095 218.983
164.137 218.983
173.139 218.960
182.853 218.958
191.896 218.954
82.876 228.000
91.909 228.000
100.905 227.978
109.932 228.002
118.973 227.985
127.983 227.982
137.043 228.008
146.075 228.016
155.049 227.995
164.109 228.001
173.166 227.988
100.898 237.047
109.957 237.014
118.980 237.053
128.024 237.027
137.035 237.028
146.064 237.041
155.086 237.026
