101.22 19.02
110.26 19.01
119.29 19.01
128.32 18.96
137.36 18.95
146.43 18.92
155.47 18.89
83.09 28.14
92.13 28.11
101.18 28.08
110.24 28.09
119.25 28.03
128.31 27.97
137.33 27.99
146.39 27.95
155.42 27.88
164.46 27.92
173.50 27.82
64.45 37.25
73.46 37.17
83.07 37.18
92.12 37.14
101.15 37.14
110.20 37.09
119.25 37.08
128.30 37.03
137.31 37.00
146.37 36.98
155.39 36.95
164.44 36.92
173.50 36.90
183.10 36.91
192.09 36.84
55.38 46.28
64.39 46.31
73.44 46.28
83.07 46.20
92.10 46.18
101.13 46.15
110.18 46.14
119.21 46.12
128.28 46.09
137.26 46.04
146.34 46.03
155.37 45.99
164.39 45.96
173.45 45.94
183.06 45.92
192.09 45.91
201.11 45.84
46.26 55.39
55.32 55.32
64.39 55.31
73.42 55.31
83.00 55.27
92.08 55.24
101.11 55.23
110.17 55.19
119.18 55.14
128.23 55.11
137.25 55.09
146.30 55.08
155.34 55.05
164.38 55.01
173.41 54.97
183.01 54.96
192.06 54.93
201.09 54.89
210.13 54.88
37.23 64.43
46.27 64.42
55.31 64.37
64.40 64.37
73.39 64.33
83.00 64.32
92.03 64.26
101.07 64.24
110.10 64.20
119.16 64.21
128.21 64.16
137.24 64.15
146.30 64.10
155.30 64.07
164.38 64.08
173.40 64.06
182.99 63.99
192.05 63.96
201.07 63.93
210.08 63.91
219.13 63.86
37.20 73.50
46.26 73.48
55.31 73.44
64.33 73.41
73.36 73.36
82.95 73.32
91.98 73.31
101.04 73.31
110.09 73.23
119.13 73.24
128.19 73.22
137.21 73.17
146.24 73.15
155.29 73.14
164.33 73.10
173.37 73.07
183.00 73.02
192.01 72.99
201.04 72.98
210.09 72.93
219.13 72.91
28.15 83.08
37.19 83.07
46.23 83.06
55.28 83.04
64.33 82.99
73.35 82.96
82.90 82.93
91.97 82.90
101.01 82.89
110.05 82.84
119.10 82.82
128.12 82.82
137.19 82.77
146.18 82.74
155.26 82.72
164.30 82.67
173.37 82.66
182.93 82.64
191.98 82.61
201.03 82.56
210.07 82.55
219.10 82.48
228.18 82.43
28.11 92.13
37.16 92.09
46.19 92.05
55.24 92.06
64.30 92.04
73.32 91.98
82.92 91.97
91.98 91.93
100.98 91.93
110.06 91.87
119.07 91.85
128.13 91.82
137.16 91.80
146.18 91.80
155.25 91.74
164.29 91.70
173.34 91.73
182.87 91.68
191.94 91.62
200.99 91.63
210.03 91.61
219.06 91.55
228.13 91.51
19.07 101.20
28.07 101.22
37.14 101.13
46.17 101.14
55.17 101.12
64.25 101.09
73.27 101.08
82.89 101.01
91.92 101.00
100.96 100.96
110.02 100.92
119.02 100.93
128.06 100.85
137.12 100.82
146.18 100.81
155.19 100.80
164.26 100.78
173.27 100.76
182.90 100.72
191.90 100.67
200.95 100.67
210.00 100.62
219.06 100.61
228.07 100.57
237.10 100.53
19.03 110.26
28.06 110.27
37.12 110.22
46.12 110.16
55.16 110.16
64.20 110.12
73.26 110.07
82.83 110.06
91.88 110.04
100.95 109.99
109.96 109.97
119.00 109.92
128.06 109.91
137.08 109.87
146.13 109.86
155.17 109.86
164.22 109.81
173.25 109.77
182.82 109.75
191.88 109.74
200.93 109.69
209.98 109.65
219.03 109.62
228.06 109.59
237.10 109.53
19.02 119.29
28.07 119.26
37.06 119.23
46.11 119.20
55.15 119.19
64.20 119.17
73.21 119.12
82.83 119.10
91.87 119.07
100.90 119.06
109.95 119.03
118.96 118.99
128.04 118.96
137.06 118.90
146.11 118.91
155.15 118.87
164.22 118.85
173.23 118.82
182.80 118.80
191.88 118.77
200.89 118.76
209.93 118.73
219.00 118.66
228.06 118.64
237.05 118.63
18.97 128.33
27.98 128.29
37.04 128.26
46.10 128.26
55.10 128.20
64.17 128.22
73.19 128.13
82.79 128.14
91.84 128.12
100.87 128.10
109.91 128.07
118.97 128.06
128.00 128.02
137.04 127.95
146.05 127.97
155.11 127.92
164.14 127.89
173.19 127.85
182.81 127.83
191.88 127.81
200.87 127.79
209.94 127.75
218.97 127.74
228.00 127.69
237.03 127.68
18.93 137.39
27.97 137.33
37.01 137.31
46.04 137.30
55.08 137.24
64.10 137.23
73.18 137.21
82.77 137.18
91.84 137.17
100.83 137.12
109.90 137.09
118.93 137.06
127.97 137.04
137.04 136.98
146.04 137.00
155.08 136.94
164.11 136.93
173.20 136.90
182.79 136.89
191.81 136.82
200.89 136.80
209.90 136.80
218.91 136.76
227.98 136.70
237.01 136.70
18.91 146.40
27.95 146.37
36.99 146.35
46.04 146.33
55.07 146.29
64.09 146.26
73.15 146.24
82.71 146.20
91.77 146.17
100.82 146.16
109.86 146.14
118.95 146.09
127.96 146.09
136.97 146.05
146.03 146.03
155.08 145.97
164.09 145.97
173.14 145.95
182.74 145.93
191.77 145.90
200.84 145.82
209.87 145.84
218.90 145.78
227.91 145.80
236.98 145.78
18.86 155.50
27.90 155.43
36.97 155.38
46.01 155.37
55.03 155.37
64.06 155.33
73.12 155.30
82.70 155.24
91.77 155.23
100.80 155.19
109.88 155.16
118.88 155.15
127.91 155.13
136.95 155.11
146.00 155.04
155.04 155.05
164.07 155.01
173.15 154.98
182.71 154.94
191.75 154.95
200.81 154.88
209.84 154.90
218.86 154.86
227.90 154.81
236.97 154.78
27.90 164.48
36.93 164.43
45.97 164.43
55.02 164.37
64.05 164.35
73.10 164.31
82.71 164.30
91.73 164.27
100.76 164.23
109.78 164.20
118.84 164.18
127.88 164.20
136.94 164.14
145.97 164.10
155.00 164.08
164.05 164.05
173.09 164.01
182.69 164.00
191.72 164.00
200.75 163.93
209.80 163.90
218.83 163.88
227.87 163.83
27.85 173.57
36.90 173.51
45.95 173.47
54.99 173.44
64.02 173.40
73.03 173.38
82.63 173.33
91.69 173.32
100.76 173.30
109.79 173.26
118.83 173.23
127.90 173.21
136.92 173.19
145.94 173.17
155.00 173.11
164.03 173.08
173.08 173.07
182.65 173.02
191.68 172.98
200.73 172.98
209.77 172.92
218.80 172.94
227.91 172.87
36.86 183.05
45.92 183.05
54.95 183.00
63.99 182.97
73.01 182.95
82.62 182.94
91.66 182.92
100.76 182.88
109.73 182.85
118.77 182.81
127.79 182.77
136.90 182.78
145.90 182.76
154.95 182.72
164.00 182.68
173.06 182.66
182.61 182.63
191.65 182.61
200.71 182.57
209.76 182.56
218.77 182.47
36.82 192.13
45.87 192.08
54.94 192.04
63.95 192.03
73.03 192.00
82.60 191.94
91.61 191.98
100.67 191.93
109.72 191.87
118.77 191.83
127.77 191.81
136.86 191.80
145.86 191.77
154.92 191.76
163.96 191.74
173.00 191.69
182.63 191.62
191.64 191.67
200.69 191.61
209.70 191.58
218.76 191.56
45.84 201.15
54.88 201.09
63.93 201.10
72.97 201.08
82.59 201.04
91.56 200.99
100.66 200.95
109.72 200.94
118.72 200.90
127.75 200.87
136.78 200.89
145.85 200.83
154.91 200.79
163.95 200.78
172.94 200.78
182.58 200.72
191.60 200.68
200.65 200.64
209.69 200.62
54.86 210.15
63.91 210.09
72.93 210.07
82.49 210.06
91.58 210.00
100.62 210.02
109.69 209.96
118.70 209.93
127.72 209.88
136.78 209.89
145.83 209.87
154.88 209.83
163.91 209.80
172.94 209.76
182.53 209.76
191.61 209.70
200.64 209.69
63.87 219.13
72.93 219.14
82.41 219.12
91.59 219.05
100.61 219.06
109.61 219.01
118.66 218.94
127.70 218.96
136.77 218.93
145.77 218.90
154.87 218.89
163.87 218.84
172.91 218.81
182.43 218.78
191.56 218.75
82.39 228.17
91.46 228.12
100.57 228.08
109.63 228.03
118.67 228.01
127.68 228.01
136.70 227.99
145.79 227.94
154.81 227.91
163.84 227.87
172.89 227.86
100.51 237.12
109.57 237.11
118.61 237.06
127.64 237.00
136.69 236.99
145.74 236.94
154.82 236.94
