100.86 18.95
109.92 18.97
118.94 18.95
128.00 18.97
137.02 18.97
146.07 18.95
155.12 18.96
82.82 28.01
91.86 28.03
100.87 27.99
109.91 28.01
118.95 28.00
128.00 27.96
137.01 28.02
146.09 27.97
155.13 27.99
164.18 28.01
173.20 28.01
64.18 37.02
73.22 37.04
82.79 37.05
91.86 37.03
100.89 37.03
109.94 37.05
118.96 37.04
128.02 37.01
137.04 37.01
146.10 37.04
155.13 37.03
164.18 37.04
173.22 37.05
182.80 37.04
191.79 37.05
55.11 46.06
64.17 46.09
73.21 46.06
82.82 46.09
91.86 46.08
100.89 46.09
109.90 46.10
118.98 46.08
128.03 46.08
137.05 46.09
146.08 46.06
155.12 46.09
164.15 46.10
173.20 46.07
182.81 46.06
191.84 46.05
200.86 46.09
46.10 55.12
55.12 55.14
64.19 55.14
73.21 55.13
82.79 55.14
91.88 55.09
100.86 55.12
109.92 55.14
118.99 55.12
128.01 55.12
137.04 55.12
146.08 55.10
155.14 55.12
164.13 55.09
173.21 55.14
182.79 55.13
191.85 55.11
200.88 55.15
209.93 55.12
37.03 64.19
46.07 64.17
55.12 64.16
64.15 64.18
73.21 64.15
82.82 64.18
91.81 64.18
100.90 64.17
109.92 64.16
118.96 64.14
128.01 64.16
137.03 64.14
146.07 64.17
155.12 64.17
164.14 64.18
173.21 64.17
182.80 64.14
191.82 64.14
200.89 64.15
209.94 64.15
218.98 64.16
37.03 73.21
46.07 73.19
55.13 73.22
64.17 73.20
73.18 73.18
82.79 73.21
91.84 73.22
100.88 73.21
109.90 73.17
118.93 73.20
128.00 73.20
137.04 73.21
146.07 73.18
155.13 73.20
164.20 73.20
173.19 73.18
182.82 73.18
191.86 73.19
200.85 73.21
209.92 73.19
218.94 73.22
28.00 82.81
37.02 82.77
46.05 82.76
55.10 82.79
64.15 82.78
73.23 82.79
82.79 82.78
91.83 82.78
100.88 82.82
109.93 82.80
118.96 82.81
128.00 82.83
137.03 82.79
146.08 82.80
155.12 82.82
164.15 82.79
173.18 82.80
182.80 82.78
191.84 82.81
200.86 82.81
209.90 82.79
219.00 82.78
227.98 82.82
27.97 91.87
37.05 91.84
46.09 91.84
55.13 91.84
64.16 91.87
73.21 91.81
82.79 91.83
91.85 91.87
100.86 91.83
109.93 91.86
118.96 91.84
128.01 91.83
137.09 91.82
146.04 91.82
155.13 91.85
164.16 91.81
173.21 91.82
182.80 91.86
191.86 91.82
200.86 91.87
209.94 91.86
218.96 91.85
228.00 91.84
18.94 100.87
28.02 100.89
37.05 100.88
46.09 100.83
55.11 100.87
64.16 100.88
73.18 100.88
82.79 100.88
91.86 100.89
100.87 100.85
109.91 100.87
118.96 100.88
128.01 100.89
137.05 100.90
146.06 100.88
155.11 100.87
164.17 100.88
173.22 100.83
182.82 100.86
191.84 100.87
200.88 100.87
209.90 100.87
218.94 100.88
228.01 100.87
237.02 100.88
18.97 109.94
27.98 109.93
37.02 109.94
46.09 109.92
55.13 109.91
64.17 109.90
73.21 109.91
82.80 109.93
91.85 109.89
100.90 109.92
109.94 109.92
118.97 109.92
127.99 109.93
137.06 109.90
146.10 109.91
155.13 109.91
164.16 109.93
173.22 109.94
182.77 109.94
191.84 109.95
200.87 109.90
209.90 109.92
218.98 109.91
228.00 109.89
237.03 109.94
19.01 118.98
28.01 118.95
37.03 118.96
46.09 118.94
55.12 118.99
64.14 118.95
73.19 118.98
82.76 118.93
91.85 119.00
100.88 118.96
109.91 118.96
118.98 118.98
127.99 118.95
137.03 118.96
146.10 118.95
155.13 118.97
164.17 118.98
173.23 118.98
182.81 118.97
191.82 118.96
200.89 118.93
209.91 118.94
218.93 118.97
228.00 118.95
237.02 118.96
18.97 128.02
27.99 127.99
37.06 128.00
46.07 128.00
55.12 128.00
64.17 127.99
73.18 127.98
82.79 127.98
91.87 128.00
100.89 127.99
109.94 128.02
118.98 127.98
127.99 127.99
137.04 128.01
146.12 127.97
155.12 128.01
164.16 128.02
173.21 127.97
182.78 128.00
191.82 128.00
200.87 127.99
209.91 128.01
218.95 128.00
227.98 128.01
237.03 128.00
18.94 137.05
28.00 137.03
37.03 137.04
46.08 137.04
55.09 137.05
64.19 137.03
73.20 137.05
82.77 137.04
91.81 137.03
100.88 137.02
109.89 137.04
118.95 137.03
127.99 137.08
137.04 137.06
146.09 137.02
155.11 137.04
164.16 137.03
173.21 137.06
182.82 137.04
191.85 137.06
200.86 137.05
209.93 137.05
218.97 137.05
228.01 137.02
237.06 137.01
18.95 146.06
27.99 146.10
37.03 146.08
46.09 146.10
55.12 146.07
64.15 146.07
73.24 146.07
82.78 146.09
91.84 146.11
100.88 146.07
109.94 146.09
118.97 146.08
128.02 146.09
137.02 146.06
146.08 146.08
155.11 146.08
164.18 146.06
173.19 146.09
182.79 146.06
191.84 146.08
200.87 146.09
209.93 146.07
218.95 146.09
228.01 146.04
237.03 146.09
18.99 155.12
27.98 154.99
36.97 155.04
45.99 154.97
55.03 155.05
64.04 155.04
72.97 154.95
83.01 155.04
92.03 154.98
100.95 154.95
109.97 154.97
118.98 155.01
128.02 155.00
137.01 155.02
146.02 155.03
155.02 154.96
164.05 155.04
173.00 155.00
183.01 155.01
192.03 154.96
200.98 154.95
209.99 154.99
219.00 155.02
227.98 154.97
237.00 155.06
27.98 163.96
36.97 163.98
46.00 163.97
54.99 164.02
63.99 164.02
73.01 163.97
83.06 164.05
92.01 164.02
100.98 164.05
110.04 163.98
118.99 163.96
128.01 163.94
136.97 163.97
145.98 163.99
155.01 164.00
164.00 163.97
173.00 163.95
183.02 164.05
192.03 164.04
200.97 163.99
209.98 164.02
218.99 164.00
227.99 164.00
27.94 172.97
37.04 172.95
46.03 172.99
54.93 173.00
63.96 172.96
72.98 173.04
82.97 173.01
92.01 173.02
101.00 173.03
109.99 172.98
119.02 173.01
127.99 172.96
137.02 172.93
145.96 173.03
154.99 173.00
163.99 172.99
173.05 173.07
182.98 173.03
191.99 173.01
200.94 172.98
210.03 173.03
219.04 172.95
228.01 173.02
37.02 183.00
45.98 182.92
55.04 183.00
64.00 182.98
73.03 183.02
83.00 183.00
91.99 183.01
101.06 183.00
110.02 183.00
119.04 183.00
128.00 183.00
136.99 182.99
146.00 182.95
154.96 183.03
163.98 182.99
173.00 182.97
182.99 182.94
191.99 183.02
201.02 182.99
210.00 182.97
219.01 183.01
36.95 191.97
45.95 192.02
55.06 192.00
63.98 192.00
72.99 192.01
82.96 192.05
92.01 192.01
101.02 191.98
110.00 191.97
119.05 192.03
128.01 192.05
136.96 192.02
145.98 192.05
154.98 192.01
163.99 192.04
173.04 192.03
183.02 192.04
192.02 191.98
201.03 192.00
210.00 191.94
219.04 191.96
46.05 201.01
55.01 200.96
64.00 201.02
72.98 201.03
83.01 201.03
92.00 200.99
100.98 200.97
110.01 200.98
119.03 200.98
128.00 201.06
137.01 200.98
145.99 201.00
154.99 201.05
163.95 201.02
173.01 200.99
182.98 200.98
191.98 201.01
201.04 201.01
209.99 201.02
55.02 210.04
64.01 209.98
73.06 210.04
83.00 209.98
91.98 210.01
100.99 209.97
109.97 210.00
119.03 210.02
127.96 210.04
137.00 209.99
145.98 209.98
154.97 209.98
164.00 209.98
172.97 209.97
182.96 209.95
191.95 210.02
200.97 210.00
64.01 219.00
72.96 218.97
83.04 218.99
92.02 219.06
100.96 218.98
110.00 218.99
119.01 219.00
128.01 219.00
136.95 219.03
146.04 219.02
154.98 219.02
164.02 219.01
173.01 219.05
182.98 219.05
192.00 219.04
82.96 228.00
92.06 228.00
101.01 227.99
110.02 227.96
119.01 228.00
128.01 228.04
136.99 228.01
146.00 227.95
154.99 227.99
163.99 227.97
173.04 228.00
101.04 236.96
110.01 237.06
119.02 237.00
127.94 237.01
137.00 237.01
146.00 237.03
154.98 237.04
