100.93 18.97
110.03 18.97
118.99 19.00
128.06 18.98
136.97 19.00
146.06 18.98
155.05 18.98
82.94 27.99
91.91 27.98
100.95 27.98
110.01 28.02
118.99 27.98
128.00 27.97
137.01 27.97
145.99 27.96
155.06 28.03
164.04 28.04
173.11 27.99
64.02 37.00
73.08 37.03
82.94 37.03
91.94 36.99
100.94 36.96
109.99 37.02
118.97 37.01
128.00 37.04
137.06 37.02
146.01 37.01
155.06 36.99
164.05 37.01
173.08 37.02
182.93 37.00
191.97 36.98
55.08 46.01
64.05 46.04
73.07 45.96
82.94 45.99
91.92 46.02
100.95 46.06
109.97 46.06
119.02 46.06
127.97 46.01
137.01 46.00
146.04 46.03
155.06 46.06
164.04 46.04
173.08 46.00
182.93 46.05
191.97 46.04
200.94 46.03
46.01 54.99
55.10 55.01
64.04 55.00
73.08 55.06
82.95 55.04
91.93 55.04
100.97 55.02
109.99 55.02
118.96 55.01
128.03 55.06
136.98 55.04
146.01 55.04
155.06 55.05
164.03 55.03
173.06 55.00
182.92 55.08
192.00 54.97
200.90 55.06
209.99 55.05
37.02 64.08
46.03 64.10
55.02 64.06
64.06 64.11
73.12 64.08
82.90 64.05
91.98 64.04
100.94 64.04
109.94 64.05
119.01 64.05
128.02 64.04
136.98 64.08
146.01 64.06
155.03 64.02
164.06 64.05
173.07 64.07
182.92 64.02
192.01 64.10
200.92 64.07
210.01 64.03
218.96 64.04
37.03 73.05
46.02 73.04
55.06 73.10
64.04 73.04
73.09 73.05
82.98 73.14
91.94 73.09
100.97 73.07
109.95 73.04
119.01 73.03
127.97 73.05
137.05 73.08
146.01 73.05
155.07 73.07
164.05 73.05
173.09 73.07
182.92 73.08
191.96 73.02
200.98 73.03
209.96 73.06
218.96 73.05
28.01 82.92
37.04 82.94
46.06 82.97
55.02 82.91
64.08 82.95
73.03 82.91
82.96 82.91
91.96 82.93
100.95 82.93
109.99 82.95
118.95 82.96
128.04 82.98
136.99 82.96
146.06 82.94
155.02 82.89
164.05 82.93
173.11 82.94
182.93 82.97
191.94 82.96
200.94 82.92
210.00 82.93
218.97 82.94
228.06 82.90
27.98 91.95
37.02 91.94
46.04 91.92
55.05 91.96
64.04 91.93
73.06 91.97
82.91 91.95
91.97 91.91
100.98 91.96
109.97 91.92
118.96 91.89
128.01 91.88
136.98 91.96
146.04 91.94
155.05 91.97
164.06 91.96
173.04 91.95
182.87 91.90
191.98 91.90
200.98 92.00
210.00 91.96
219.00 91.93
228.00 91.95
19.02 100.94
27.98 100.99
37.00 100.98
46.03 100.96
55.06 100.98
64.03 100.98
73.07 100.92
82.91 100.94
91.98 100.99
100.94 100.98
109.96 100.95
118.98 100.97
127.99 100.99
137.03 100.96
145.98 100.97
155.06 100.94
164.06 100.98
173.06 100.98
182.94 100.99
191.93 100.98
200.98 100.96
209.96 100.96
219.02 100.96
228.01 100.93
237.00 100.99
19.01 110.02
27.97 109.97
37.01 109.98
46.06 110.01
55.03 110.03
64.03 109.99
73.06 109.98
82.92 109.99
92.01 109.93
100.96 109.92
110.00 110.04
118.97 110.01
128.02 110.01
137.02 110.02
146.03 109.96
155.04 109.97
164.07 109.97
173.06 109.98
182.96 110.01
191.96 109.98
200.94 109.97
210.02 109.96
218.95 109.98
228.02 109.98
237.01 109.97
19.02 118.96
28.00 119.02
37.03 119.01
46.04 119.01
55.02 118.97
64.03 118.98
73.08 119.02
82.92 118.99
91.95 119.00
101.01 119.04
109.95 118.95
119.03 119.00
127.97 118.99
137.04 118.97
146.01 118.98
155.06 119.02
163.99 118.98
173.08 118.98
182.96 118.99
191.93 118.97
200.97 118.99
209.96 119.03
218.98 118.97
227.99 118.98
237.01 118.97
18.97 127.99
27.97 128.03
37.03 128.00
45.98 128.03
55.07 128.02
64.03 128.01
73.09 128.01
82.96 128.01
91.95 128.03
100.99 128.00
109.95 128.03
118.98 128.03
128.00 128.01
137.02 127.98
146.03 127.98
155.05 127.97
164.03 128.02
173.11 128.00
182.94 128.03
191.95 128.03
200.98 127.97
209.99 128.00
218.97 127.99
227.98 127.97
236.97 128.04
19.02 136.98
27.99 137.03
37.05 137.02
46.00 137.03
55.04 137.02
64.00 136.98
73.09 137.06
82.93 137.04
91.95 137.01
100.98 137.02
109.98 137.02
118.99 137.00
127.98 136.98
137.03 137.03
146.03 137.07
155.05 137.03
164.06 137.01
173.07 137.03
182.95 137.01
191.93 136.99
200.99 137.02
209.94 137.02
218.99 137.02
227.98 136.99
237.00 136.99
19.02 146.03
27.95 146.03
37.05 146.01
46.04 146.08
55.01 146.02
64.09 146.07
73.06 145.99
82.91 146.02
91.97 146.01
100.93 146.01
110.00 146.02
118.94 146.01
127.99 146.03
137.04 146.00
146.02 146.01
155.03 146.05
164.07 146.01
173.06 146.05
182.93 146.05
191.97 146.05
200.97 145.98
209.99 146.04
219.00 146.01
227.99 146.02
237.02 146.02
18.96 155.01
28.01 155.02
37.02 155.07
46.04 155.03
55.01 155.11
64.07 155.02
73.06 155.08
82.92 155.07
91.94 155.08
100.96 155.05
109.94 155.00
118.97 155.04
127.98 155.01
137.02 155.09
146.04 155.07
155.09 155.01
164.02 155.03
173.08 155.02
182.90 155.05
192.01 155.05
200.91 155.03
209.99 155.04
218.97 155.02
228.06 155.04
236.97 155.03
27.97 164.03
37.04 164.05
46.05 164.05
55.06 164.03
64.04 164.10
73.08 164.10
82.98 164.02
91.91 164.05
100.97 164.00
109.98 164.06
119.04 164.07
127.95 164.07
137.03 164.05
145.99 164.06
155.12 164.05
163.99 164.04
173.11 164.05
182.93 164.04
191.96 164.01
200.96 164.07
209.94 164.03
219.00 164.02
228.03 164.02
28.04 173.06
36.98 173.07
46.08 173.04
55.00 173.09
64.06 173.03
73.06 173.03
82.96 173.06
91.96 173.06
100.92 173.11
110.03 173.12
118.98 173.02
128.00 173.09
136.99 173.05
146.10 173.07
155.00 173.06
164.06 173.11
173.05 173.07
182.93 173.07
191.92 173.08
200.97 173.07
209.96 173.05
219.01 173.12
228.03 173.05
37.03 182.93
46.04 182.89
55.06 182.93
64.03 182.91
73.09 182.88
82.95 182.95
91.98 182.95
100.94 182.94
110.01 182.94
118.97 182.97
127.98 182.97
137.02 182.93
146.02 182.94
155.00 182.94
164.05 182.90
173.06 182.94
182.89 182.97
191.96 182.96
200.90 182.95
210.01 182.96
218.94 182.91
36.98 191.97
46.07 191.97
55.01 191.93
64.08 191.96
73.03 191.99
82.94 191.95
91.93 191.91
100.94 191.97
109.95 191.95
119.02 191.91
127.98 191.93
137.04 191.92
146.02 191.96
155.02 191.95
164.04 191.98
173.03 191.96
182.97 191.96
191.90 191.92
201.02 191.93
209.94 191.92
219.04 192.00
46.01 200.93
55.09 200.99
64.06 200.96
73.04 200.96
82.92 201.00
91.97 200.96
100.93 200.99
109.99 200.96
119.01 200.98
127.98 200.96
137.02 201.00
146.01 200.99
155.04 200.97
164.02 200.93
173.09 200.96
182.90 200.96
191.91 200.97
200.98 200.96
209.97 200.98
55.03 209.92
64.08 209.97
73.03 209.98
82.94 209.97
92.01 209.94
100.97 210.02
109.99 210.00
119.00 209.93
127.98 209.97
137.04 209.99
146.02 210.00
155.06 209.97
164.03 209.93
173.07 209.91
182.93 209.95
191.94 209.95
201.00 210.04
64.09 218.97
72.98 219.04
82.93 218.99
91.96 218.99
100.95 218.97
109.98 218.93
118.98 218.97
128.00 218.99
137.05 218.97
146.03 219.00
155.02 218.99
164.07 219.03
173.09 219.01
182.93 219.00
191.98 219.01
82.92 228.00
91.95 227.99
100.95 228.00
110.00 227.98
118.95 228.01
128.02 227.99
137.02 227.99
146.05 227.99
155.02 228.00
164.08 227.97
173.08 228.01
100.96 237.03
109.95 236.99
119.02 237.01
127.98 237.01
137.01 237.04
146.05 236.96
155.02 237.01
