100.798 18.865
109.891 18.857
118.974 18.848
127.989 18.802
137.045 18.827
146.098 18.893
155.211 18.839
82.551 27.879
91.678 27.905
100.748 27.962
109.840 27.979
118.916 27.976
127.996 27.986
137.081 27.933
146.175 27.964
155.231 27.977
164.320 27.918
173.401 27.926
64.249 36.943
73.358 36.948
82.593 37.030
91.645 37.053
100.770 37.044
109.846 37.048
118.931 37.062
128.008 37.060
137.101 37.089
146.158 37.060
155.241 37.021
164.332 37.032
173.375 37.023
182.624 36.932
191.749 36.985
55.135 46.016
64.258 46.059
73.320 46.038
82.597 46.039
91.685 46.064
100.795 46.079
109.871 46.095
118.931 46.132
127.986 46.154
137.083 46.163
146.120 46.111
155.192 46.108
164.306 46.092
173.379 46.047
182.644 46.030
191.709 46.088
200.872 46.030
45.999 55.098
55.144 55.125
64.202 55.071
73.279 55.093
82.608 55.130
91.738 55.108
100.804 55.176
109.882 55.214
118.946 55.225
128.013 55.261
137.078 55.221
146.120 55.207
155.182 55.185
164.241 55.136
173.338 55.092
182.664 55.074
191.749 55.114
200.815 55.165
209.981 55.141
36.965 64.230
46.051 64.269
55.094 64.192
64.190 64.193
73.317 64.186
82.614 64.183
91.769 64.202
100.825 64.230
109.880 64.286
118.929 64.331
127.981 64.339
137.048 64.339
146.109 64.269
155.135 64.255
164.256 64.231
173.546 64.235
182.627 64.204
191.793 64.200
200.911 64.232
209.935 64.277
219.021 64.246
36.910 73.351
46.030 73.343
55.091 73.324
64.207 73.335
73.285 73.296
82.600 73.310
91.743 73.328
100.903 73.350
109.925 73.358
118.967 73.393
128.005 73.417
137.035 73.416
146.083 73.412
155.132 73.362
164.216 73.549
173.343 73.311
182.679 73.333
191.761 73.366
200.866 73.351
209.966 73.333
219.039 73.372
27.901 82.562
36.998 82.550
46.019 82.577
55.104 82.617
64.176 82.639
73.296 82.674
82.624 82.631
91.757 82.647
100.863 82.637
109.912 82.631
118.960 82.584
128.026 82.603
137.057 82.615
146.067 82.614
155.105 82.646
164.222 82.687
173.330 82.717
182.638 82.649
191.778 82.655
200.914 82.669
209.944 82.647
219.011 82.622
228.093 82.638
27.941 91.664
37.015 91.661
46.082 91.688
55.137 91.714
64.165 91.751
73.286 91.768
82.619 91.787
91.731 91.754
100.852 91.727
109.909 91.733
118.932 91.666
127.978 91.651
137.065 91.660
146.126 91.701
155.141 91.707
164.215 91.780
173.316 91.809
182.653 91.791
191.803 91.790
200.867 91.755
209.949 91.724
218.970 91.676
228.092 91.702
18.819 100.775
27.938 100.770
37.052 100.759
46.111 100.775
55.186 100.825
64.265 100.837
73.337 100.851
82.610 100.866
91.712 100.866
100.810 100.812
109.917 100.790
118.969 100.770
127.988 100.727
137.062 100.756
146.099 100.769
155.188 100.833
164.223 100.864
173.330 100.910
182.579 100.875
191.766 100.863
200.809 100.828
209.887 100.809
218.951 100.743
228.058 100.742
237.174 100.815
18.806 109.896
27.933 109.822
37.027 109.870
46.128 109.877
55.184 109.857
64.289 109.853
73.370 109.915
82.601 109.931
91.706 109.881
100.788 109.911
109.873 109.908
118.926 109.881
128.033 109.843
137.076 109.850
146.132 109.892
155.201 109.846
164.270 109.902
173.367 109.884
182.603 109.878
191.731 109.905
200.795 109.908
209.888 109.902
218.939 109.857
228.070 109.852
237.172 109.870
18.814 118.930
27.953 118.928
37.056 118.942
46.117 118.919
55.242 118.934
64.322 118.946
73.427 118.961
82.604 118.936
91.675 118.947
100.759 118.938
109.853 118.953
118.928 118.946
127.996 118.908
137.070 118.932
146.160 118.958
155.266 118.924
164.321 118.959
173.418 118.944
182.588 118.925
191.680 118.953
200.778 118.923
209.851 118.943
218.933 118.924
228.051 118.887
237.188 118.907
18.823 128.009
27.935 128.016
37.059 128.014
46.149 127.992
55.254 127.955
64.388 127.988
73.396 128.001
82.554 127.992
91.653 127.985
100.758 128.007
109.838 127.981
118.908 127.989
128.002 128.008
137.094 128.009
146.175 128.011
155.243 127.981
164.333 127.992
173.425 128.007
182.581 127.997
191.668 127.996
200.764 127.984
209.850 127.984
218.910 127.995
228.037 127.976
237.186 127.986
18.828 137.079
27.941 137.085
37.066 137.067
46.107 137.091
55.259 137.071
64.334 137.072
73.423 137.075
82.577 137.051
91.665 137.064
100.752 137.048
109.845 137.056
118.933 137.103
127.994 137.107
137.084 137.115
146.170 137.050
155.248 137.069
164.337 137.069
173.413 137.070
182.580 137.029
191.687 137.081
200.739 137.085
209.873 137.062
218.933 137.073
228.047 137.074
237.184 137.043
18.831 146.087
27.955 146.182
37.077 146.172
46.127 146.146
55.237 146.132
64.301 146.100
73.488 146.135
82.611 146.071
91.726 146.104
100.793 146.113
109.852 146.153
118.933 146.168
128.022 146.131
137.054 146.127
146.140 146.115
155.207 146.126
164.307 146.102
173.507 146.067
182.599 146.057
191.707 146.124
200.824 146.122
209.860 146.122
218.938 146.144
228.058 146.151
237.185 146.075
18.818 155.205
27.955 155.251
37.034 155.261
46.101 155.227
55.174 155.166
64.258 155.118
73.344 155.115
82.667 155.126
91.767 155.135
100.828 155.175
109.876 155.212
118.940 155.227
128.007 155.255
137.066 155.222
146.109 155.202
155.190 155.186
164.274 155.125
173.542 155.137
182.643 155.152
191.774 155.153
200.812 155.218
209.918 155.195
218.952 155.236
228.050 155.240
237.137 155.203
27.935 164.296
37.023 164.352
46.101 164.338
55.123 164.274
64.222 164.228
73.334 164.185
82.664 164.219
91.798 164.224
100.853 164.265
109.910 164.282
118.945 164.335
128.000 164.353
137.043 164.338
146.068 164.324
155.141 164.264
164.247 164.248
173.331 164.232
182.667 164.269
191.791 164.234
200.889 164.264
209.909 164.288
218.996 164.367
228.081 164.286
27.919 173.435
37.013 173.403
46.039 173.416
55.111 173.354
64.223 173.354
73.310 173.571
82.666 173.319
91.800 173.325
100.883 173.332
109.921 173.354
118.977 173.423
128.044 173.435
137.032 173.427
146.087 173.380
155.144 173.361
164.221 173.370
173.339 173.292
182.709 173.366
191.817 173.357
200.893 173.360
209.959 173.384
219.031 173.407
228.111 173.427
36.955 182.609
46.032 182.642
55.092 182.607
64.196 182.626
73.311 182.666
82.664 182.645
91.794 182.692
100.902 182.652
109.910 182.641
118.951 182.547
128.013 182.560
137.081 182.613
146.095 182.614
155.132 182.665
164.246 182.696
173.330 182.676
182.707 182.663
191.750 182.640
200.914 182.699
209.945 182.693
219.059 182.654
36.930 191.738
46.062 191.681
55.142 191.797
64.215 191.759
73.323 191.801
82.657 191.771
91.782 191.761
100.851 191.714
109.883 191.716
118.945 191.654
127.988 191.670
137.044 191.676
146.116 191.708
155.152 191.764
164.231 191.779
173.355 191.847
182.657 191.788
191.820 191.811
200.913 191.805
209.927 191.750
219.050 191.802
46.023 200.831
55.158 200.822
64.250 200.912
73.349 200.875
82.673 200.899
91.769 200.862
100.833 200.858
109.873 200.790
118.947 200.735
128.023 200.758
137.079 200.751
146.142 200.800
155.203 200.834
164.290 200.880
173.344 200.896
182.704 200.903
191.781 200.904
200.877 200.868
209.991 200.896
55.144 209.973
64.306 209.949
73.360 209.945
82.575 209.978
91.719 209.902
100.791 209.927
109.899 209.876
118.925 209.841
127.979 209.863
137.075 209.852
146.128 209.872
155.218 209.883
164.319 209.925
173.394 209.995
182.682 209.973
191.757 209.940
200.867 210.004
64.249 219.048
73.398 219.066
82.601 218.976
91.671 218.987
100.775 218.971
109.841 218.930
118.910 218.921
128.011 218.894
137.058 218.944
146.152 218.951
155.257 218.970
164.345 218.965
173.532 218.988
182.640 219.061
191.792 219.020
82.586 228.077
91.702 228.043
100.764 228.037
109.846 228.054
118.890 228.030
127.982 228.054
137.075 228.041
146.160 228.053
155.240 228.056
164.341 228.107
173.407 228.094
100.791 237.154
109.895 237.163
118.950 237.181
128.016 237.176
137.038 237.150
146.085 237.194
155.209 237.171
