100.774 18.835
109.867 18.824
118.919 18.806
127.996 18.809
137.039 18.817
146.118 18.843
155.209 18.859
82.567 27.877
91.681 27.901
100.795 27.966
109.845 27.981
118.911 27.968
128.016 27.945
137.093 27.937
146.160 27.970
155.250 27.980
164.312 27.919
173.398 27.917
64.226 36.951
73.376 36.930
82.575 36.995
91.662 37.006
100.788 37.020
109.824 37.033
118.971 37.069
128.025 37.073
137.066 37.070
146.153 37.050
155.245 37.045
164.345 37.030
173.383 37.025
182.599 36.956
191.738 36.985
55.132 45.977
64.254 46.058
73.285 46.044
82.568 46.060
91.680 46.073
100.781 46.099
109.857 46.093
118.927 46.114
127.994 46.132
137.074 46.139
146.117 46.117
155.206 46.114
164.286 46.093
173.403 46.050
182.607 46.039
191.698 46.086
200.845 46.034
45.991 55.096
55.162 55.117
64.176 55.105
73.311 55.103
82.605 55.089
91.718 55.142
100.809 55.147
109.888 55.184
118.942 55.245
128.021 55.258
137.049 55.207
146.127 55.240
155.191 55.149
164.257 55.154
173.357 55.101
182.650 55.132
191.757 55.144
200.826 55.150
209.966 55.134
36.971 64.207
46.077 64.230
55.096 64.248
64.171 64.202
73.317 64.171
82.648 64.159
91.730 64.205
100.866 64.231
109.902 64.291
118.927 64.298
128.021 64.352
137.051 64.327
146.088 64.327
155.160 64.265
164.229 64.261
173.463 64.256
182.614 64.245
191.744 64.229
200.892 64.244
209.913 64.279
219.026 64.229
36.911 73.395
46.037 73.352
55.100 73.335
64.212 73.315
73.314 73.310
82.648 73.341
91.778 73.329
100.899 73.330
109.924 73.376
118.905 73.408
127.981 73.419
137.019 73.429
146.068 73.408
155.136 73.345
164.184 73.535
173.346 73.318
182.644 73.366
191.769 73.361
200.903 73.302
209.948 73.324
219.065 73.379
27.936 82.562
36.999 82.545
46.046 82.575
55.116 82.624
64.179 82.657
73.347 82.651
82.624 82.640
91.775 82.665
100.902 82.647
109.911 82.616
118.930 82.586
127.982 82.572
137.020 82.605
146.134 82.643
155.129 82.656
164.209 82.671
173.290 82.707
182.670 82.650
191.775 82.652
200.903 82.657
209.963 82.654
219.001 82.617
228.069 82.597
27.900 91.679
37.048 91.649
46.064 91.710
55.143 91.726
64.172 91.767
73.299 91.785
82.636 91.784
91.756 91.775
100.868 91.737
109.914 91.701
118.933 91.681
127.964 91.639
137.032 91.674
146.130 91.720
155.123 91.744
164.182 91.769
173.331 91.788
182.649 91.788
191.806 91.756
200.871 91.757
209.920 91.726
218.980 91.674
228.084 91.703
18.857 100.782
27.976 100.729
37.011 100.739
46.076 100.760
55.162 100.791
64.248 100.863
73.314 100.890
82.645 100.883
91.698 100.859
100.815 100.838
109.903 100.792
118.946 100.760
128.001 100.741
137.064 100.793
146.133 100.779
155.184 100.826
164.266 100.857
173.300 100.900
182.635 100.868
191.750 100.849
200.831 100.821
209.895 100.798
218.939 100.733
228.028 100.771
237.165 100.805
18.816 109.885
27.950 109.826
37.026 109.852
46.132 109.855
55.207 109.916
64.287 109.916
73.351 109.890
82.614 109.905
91.666 109.888
100.784 109.869
109.883 109.910
118.936 109.834
128.014 109.848
137.084 109.863
146.142 109.860
155.225 109.870
164.292 109.911
173.343 109.925
182.606 109.889
191.694 109.871
200.828 109.877
209.868 109.891
218.935 109.826
228.071 109.832
237.161 109.905
18.810 118.921
27.934 118.886
37.097 118.942
46.142 118.941
55.245 118.926
64.309 118.916
73.395 118.924
82.567 118.963
91.675 118.949
100.756 118.920
109.867 118.930
118.949 118.930
128.006 118.917
137.052 118.923
146.136 118.935
155.245 118.931
164.308 118.946
173.391 118.945
182.553 118.964
191.692 118.951
200.792 118.934
209.858 118.929
218.939 118.950
228.033 118.915
237.164 118.944
18.857 127.981
27.951 128.030
37.092 128.014
46.157 128.034
55.240 127.987
64.333 127.999
73.415 128.029
82.586 127.974
91.658 127.990
100.736 127.991
109.838 127.991
118.903 127.992
127.976 127.997
137.093 127.987
146.147 128.019
155.254 128.007
164.329 127.996
173.403 128.039
182.571 128.026
191.643 128.029
200.759 127.980
209.858 127.993
218.919 127.999
228.029 127.996
237.164 127.979
18.815 137.052
27.969 137.090
37.049 137.078
46.148 137.094
55.230 137.061
64.306 137.071
73.434 137.025
82.575 137.059
91.673 137.077
100.774 137.074
109.863 137.087
118.961 137.090
127.990 137.066
137.082 137.060
146.138 137.084
155.203 137.052
164.315 137.046
173.411 137.018
182.581 137.047
191.660 137.068
200.761 137.072
209.837 137.050
218.967 137.068
228.070 137.066
237.165 137.048
18.835 146.124
27.937 146.180
37.075 146.154
46.072 146.126
55.198 146.109
64.286 146.093
73.408 146.092
82.631 146.108
91.679 146.111
100.788 146.152
109.849 146.132
118.928 146.168
128.023 146.144
137.061 146.150
146.136 146.112
155.207 146.132
164.314 146.097
173.524 146.083
182.627 146.086
191.689 146.112
200.801 146.142
209.873 146.113
218.951 146.134
228.048 146.171
237.145 146.101
18.862 155.210
27.970 155.205
37.006 155.256
46.102 155.195
55.204 155.195
64.233 155.155
73.344 155.119
82.631 155.113
91.754 155.138
100.821 155.190
109.912 155.198
118.927 155.238
127.997 155.249
137.053 155.245
146.098 155.193
155.179 155.197
164.262 155.134
173.524 155.130
182.664 155.126
191.747 155.159
200.840 155.188
209.919 155.203
218.972 155.261
228.035 155.257
237.150 155.205
27.918 164.315
37.001 164.318
46.091 164.285
55.123 164.248
64.227 164.229
73.337 164.211
82.647 164.210
91.786 164.227
100.859 164.242
109.887 164.311
118.930 164.354
128.014 164.339
137.057 164.309
146.099 164.308
155.166 164.267
164.208 164.263
173.359 164.244
182.702 164.239
191.801 164.207
200.863 164.312
209.938 164.287
218.949 164.326
228.115 164.296
27.908 173.426
37.007 173.407
46.039 173.419
55.121 173.339
64.203 173.336
73.291 173.593
82.652 173.342
91.815 173.322
100.868 173.306
109.893 173.372
118.956 173.384
128.007 173.416
137.030 173.406
146.100 173.404
155.126 173.410
164.228 173.346
173.346 173.331
182.685 173.372
191.833 173.345
200.909 173.339
209.991 173.395
218.990 173.403
228.059 173.420
36.944 182.589
46.033 182.597
55.139 182.660
64.212 182.666
73.335 182.689
82.624 182.633
91.805 182.667
100.844 182.657
109.939 182.635
118.964 182.580
128.025 182.568
137.061 182.572
146.108 182.636
155.120 182.648
164.231 182.678
173.358 182.692
182.698 182.702
191.826 182.699
200.915 182.641
209.949 182.678
219.048 182.656
36.968 191.732
46.087 191.697
55.107 191.761
64.234 191.777
73.347 191.769
82.652 191.776
91.772 191.778
100.850 191.764
109.888 191.706
118.912 191.679
128.024 191.648
137.046 191.675
146.112 191.710
155.144 191.743
164.225 191.809
173.340 191.838
182.670 191.822
191.818 191.818
200.905 191.793
209.942 191.773
219.050 191.792
46.037 200.864
55.179 200.826
64.263 200.899
73.373 200.861
82.654 200.892
91.755 200.877
100.835 200.837
109.857 200.770
118.960 200.760
127.990 200.773
137.101 200.797
146.124 200.790
155.200 200.844
164.257 200.859
173.373 200.906
182.684 200.884
191.787 200.931
200.827 200.871
209.989 200.910
55.152 209.961
64.273 209.915
73.347 209.975
82.615 209.933
91.707 209.921
100.817 209.928
109.877 209.881
118.949 209.831
127.986 209.843
137.083 209.864
146.128 209.879
155.203 209.924
164.292 209.894
173.402 209.980
182.698 209.955
191.748 209.961
200.892 210.029
64.237 219.019
73.427 219.042
82.613 218.986
91.634 218.963
100.769 218.967
109.858 218.958
118.947 218.945
128.003 218.928
137.062 218.934
146.176 218.937
155.250 218.954
164.325 218.975
173.535 218.998
182.615 219.079
191.791 219.066
82.585 228.069
91.719 228.077
100.775 228.063
109.829 228.044
118.891 228.040
127.978 228.086
137.058 228.034
146.140 228.050
155.238 228.037
164.343 228.100
173.409 228.102
100.792 237.147
109.875 237.181
118.933 237.161
127.982 237.156
137.027 237.163
146.122 237.148
155.228 237.179
