100.781 18.871
109.928 18.815
118.959 18.855
128.013 18.831
137.080 18.833
146.132 18.840
155.195 18.834
82.578 27.876
91.704 27.901
100.736 27.981
109.821 27.964
118.955 27.963
128.017 27.973
137.107 27.983
146.172 27.957
155.256 27.970
164.308 27.899
173.388 27.912
64.245 36.982
73.366 36.959
82.592 37.041
91.640 37.001
100.720 37.016
109.841 37.058
118.943 37.089
127.989 37.077
137.058 37.064
146.149 37.038
155.229 37.032
164.329 37.014
173.385 37.051
182.590 36.941
191.729 36.982
55.131 46.017
64.277 46.070
73.301 46.029
82.558 46.052
91.706 46.086
100.788 46.115
109.885 46.119
118.947 46.128
128.008 46.142
137.076 46.192
146.125 46.124
155.190 46.155
164.271 46.079
173.376 46.029
182.653 46.040
191.720 46.074
200.857 46.005
46.004 55.121
55.139 55.150
64.203 55.076
73.313 55.093
82.618 55.148
91.717 55.138
100.837 55.211
109.856 55.226
118.922 55.232
127.991 55.241
137.065 55.220
146.113 55.227
155.192 55.164
164.269 55.168
173.318 55.132
182.665 55.134
191.745 55.107
200.833 55.217
209.965 55.136
36.947 64.210
46.071 64.247
55.078 64.253
64.202 64.205
73.321 64.196
82.627 64.204
91.785 64.211
100.811 64.245
109.893 64.301
118.935 64.343
128.003 64.352
137.069 64.308
146.103 64.288
155.145 64.283
164.237 64.232
173.513 64.234
182.654 64.229
191.776 64.206
200.893 64.241
209.929 64.278
219.052 64.229
36.961 73.377
46.025 73.321
55.107 73.341
64.217 73.322
73.308 73.291
82.661 73.341
91.763 73.343
100.870 73.312
109.901 73.385
118.949 73.400
128.008 73.437
137.016 73.432
146.078 73.406
155.117 73.403
164.211 73.569
173.291 73.343
182.653 73.346
191.791 73.344
200.883 73.353
209.960 73.313
219.059 73.392
27.903 82.563
37.013 82.592
46.020 82.578
55.075 82.616
64.214 82.631
73.307 82.664
82.669 82.630
91.772 82.637
100.890 82.649
109.912 82.621
118.966 82.585
127.976 82.583
137.046 82.617
146.071 82.620
155.089 82.649
164.191 82.674
173.328 82.707
182.615 82.668
191.763 82.667
200.912 82.662
209.942 82.610
218.942 82.637
228.101 82.616
27.902 91.694
37.033 91.641
46.052 91.675
55.126 91.739
64.183 91.760
73.326 91.767
82.607 91.742
91.766 91.784
100.872 91.744
109.925 91.721
118.943 91.667
127.999 91.681
137.026 91.668
146.103 91.692
155.152 91.740
164.232 91.801
173.298 91.809
182.631 91.780
191.776 91.764
200.853 91.780
209.905 91.716
218.957 91.705
228.082 91.704
18.835 100.827
27.946 100.767
37.035 100.737
46.074 100.786
55.165 100.778
64.256 100.855
73.334 100.913
82.639 100.863
91.757 100.858
100.816 100.818
109.904 100.784
118.948 100.796
128.027 100.769
137.071 100.744
146.147 100.783
155.160 100.833
164.218 100.852
173.321 100.892
182.575 100.848
191.762 100.865
200.848 100.813
209.910 100.817
218.955 100.762
228.023 100.766
237.152 100.810
18.805 109.869
27.949 109.826
37.074 109.853
46.124 109.876
55.203 109.913
64.281 109.876
73.358 109.917
82.614 109.926
91.729 109.908
100.780 109.862
109.867 109.855
118.918 109.836
128.036 109.831
137.091 109.843
146.129 109.869
155.189 109.875
164.301 109.886
173.362 109.898
182.599 109.909
191.705 109.895
200.794 109.896
209.884 109.884
218.945 109.875
228.056 109.832
237.155 109.888
18.836 118.953
27.966 118.923
37.045 118.934
46.153 118.933
55.230 118.929
64.333 118.929
73.383 118.949
82.583 118.959
91.670 118.932
100.757 118.911
109.839 118.928
118.946 118.904
128.034 118.935
137.080 118.904
146.162 118.919
155.250 118.965
164.326 118.942
173.394 118.968
182.581 118.962
191.650 118.953
200.757 118.930
209.857 118.911
218.917 118.952
228.056 118.919
237.164 118.926
18.854 128.024
27.948 127.978
37.062 127.988
46.142 128.002
55.239 128.016
64.346 127.987
73.424 128.003
82.567 127.987
91.640 127.989
100.742 127.986
109.821 128.004
118.925 128.011
128.038 127.995
137.099 127.981
146.173 128.012
155.257 127.993
164.335 128.009
173.397 128.038
182.589 128.006
191.661 128.018
200.762 127.995
209.861 128.002
218.953 128.003
228.018 127.980
237.160 128.004
18.807 137.058
27.971 137.077
37.062 137.067
46.156 137.070
55.269 137.071
64.331 137.026
73.412 137.048
82.604 137.057
91.654 137.059
100.747 137.053
109.831 137.067
118.921 137.076
127.983 137.091
137.090 137.041
146.153 137.066
155.241 137.076
164.316 137.051
173.382 137.065
182.615 137.033
191.672 137.083
200.763 137.057
209.862 137.039
218.949 137.063
228.009 137.063
237.134 137.035
18.812 146.113
27.934 146.141
37.073 146.123
46.161 146.137
55.217 146.124
64.305 146.108
73.540 146.096
82.621 146.111
91.695 146.078
100.790 146.107
109.862 146.141
118.925 146.145
127.992 146.144
137.035 146.156
146.120 146.110
155.207 146.081
164.322 146.066
173.526 146.081
182.633 146.075
191.738 146.097
200.792 146.131
209.891 146.108
218.926 146.158
228.032 146.141
237.160 146.106
18.864 155.199
27.983 155.237
37.010 155.210
46.124 155.199
55.198 155.160
64.270 155.137
73.352 155.116
82.651 155.119
91.788 155.161
100.821 155.172
109.893 155.194
118.928 155.203
128.018 155.226
137.036 155.224
146.120 155.211
155.190 155.171
164.274 155.122
173.540 155.123
182.663 155.126
191.756 155.172
200.834 155.215
209.899 155.202
218.976 155.239
228.062 155.232
237.131 155.199
27.927 164.302
37.044 164.357
46.073 164.302
55.115 164.239
64.226 164.207
73.308 164.212
82.671 164.196
91.745 164.224
100.849 164.277
109.880 164.329
118.935 164.315
128.016 164.362
137.040 164.339
146.092 164.298
155.158 164.255
164.222 164.243
173.489 164.217
182.659 164.228
191.793 164.235
200.845 164.245
209.876 164.300
218.969 164.314
228.100 164.308
27.934 173.439
37.021 173.375
46.041 173.404
55.117 173.338
64.199 173.342
73.310 173.600
82.650 173.337
91.807 173.299
100.899 173.330
109.914 173.358
118.928 173.396
128.016 173.429
137.047 173.397
146.089 173.395
155.128 173.379
164.245 173.356
173.339 173.344
182.664 173.382
191.793 173.361
200.897 173.304
209.981 173.381
219.001 173.396
228.094 173.446
36.943 182.585
46.046 182.646
55.132 182.652
64.225 182.677
73.294 182.653
82.631 182.690
91.795 182.643
100.845 182.636
109.940 182.626
118.983 182.583
128.001 182.590
137.023 182.608
146.077 182.634
155.119 182.662
164.253 182.678
173.342 182.680
182.660 182.672
191.782 182.698
200.933 182.717
209.978 182.684
219.077 182.640
36.958 191.724
46.056 191.680
55.120 191.748
64.254 191.767
73.312 191.755
82.628 191.769
91.783 191.778
100.832 191.707
109.872 191.704
118.918 191.652
127.998 191.635
137.057 191.659
146.092 191.722
155.141 191.738
164.253 191.788
173.344 191.841
182.667 191.773
191.822 191.818
200.911 191.814
209.966 191.755
219.064 191.768
46.040 200.826
55.153 200.861
64.244 200.878
73.335 200.896
82.637 200.883
91.780 200.874
100.846 200.862
109.889 200.795
118.911 200.760
127.998 200.755
137.075 200.745
146.133 200.806
155.184 200.815
164.245 200.841
173.341 200.901
182.683 200.888
191.748 200.886
200.866 200.892
209.988 200.879
55.161 209.981
64.302 209.913
73.345 209.964
82.635 209.957
91.727 209.934
100.834 209.894
109.891 209.864
118.895 209.875
127.987 209.850
137.060 209.858
146.131 209.869
155.215 209.914
164.303 209.929
173.373 209.982
182.639 209.989
191.749 209.952
200.860 209.998
64.284 219.034
73.433 219.059
82.642 218.957
91.658 218.966
100.777 218.961
109.827 218.932
118.959 218.979
127.985 218.902
137.061 218.896
146.111 218.927
155.230 218.970
164.323 218.979
173.508 219.001
182.607 219.050
191.799 219.023
82.607 228.107
91.695 228.076
100.785 227.994
109.826 228.036
118.881 228.067
128.003 228.034
137.081 228.078
146.153 228.042
155.228 228.028
164.294 228.096
173.410 228.087
100.800 237.155
109.897 237.164
118.933 237.159
128.001 237.154
137.069 237.173
146.122 237.160
155.205 237.161
