100.899 19.015
109.920 18.942
119.005 18.987
128.047 18.959
137.065 18.962
146.051 18.958
155.111 19.006
82.851 28.045
91.888 28.030
100.880 28.035
109.944 28.008
118.979 28.025
127.962 27.954
137.045 27.993
146.064 27.989
155.086 28.007
164.121 28.016
173.133 28.047
64.060 37.018
73.141 37.023
82.894 37.021
91.934 36.982
100.914 37.029
109.932 37.009
118.978 37.022
128.020 37.019
137.043 37.057
146.053 37.049
155.071 37.011
164.122 37.038
173.144 37.007
182.854 37.076
191.891 37.039
55.086 46.030
64.103 46.081
73.121 46.072
82.858 46.031
91.881 46.065
100.947 46.082
109.943 46.051
118.947 46.084
127.995 46.049
137.066 46.071
146.034 46.015
155.096 46.059
164.108 46.052
173.142 46.063
182.854 46.074
191.904 46.039
200.942 46.054
46.025 55.055
55.093 55.080
64.057 55.061
73.831 55.072
82.884 55.092
91.901 55.092
100.958 55.111
109.922 55.093
119.001 55.117
127.958 55.095
137.002 55.051
146.064 55.069
155.075 55.065
164.138 55.109
173.113 55.103
182.869 55.036
191.893 55.098
200.908 55.049
209.921 55.068
37.023 64.116
46.103 64.105
55.078 64.091
64.095 64.126
73.122 64.097
82.864 64.128
91.916 64.088
100.930 64.147
109.936 64.082
119.003 64.117
128.001 64.103
136.998 64.129
146.080 64.100
155.103 64.089
164.097 64.071
173.173 64.094
182.858 64.145
191.874 64.156
200.956 64.133
209.952 64.081
218.998 64.063
37.034 73.140
46.061 73.146
55.064 73.172
64.056 73.881
73.150 73.145
82.832 73.130
91.909 73.155
100.927 73.103
109.946 73.078
118.966 73.140
127.959 73.152
137.023 73.146
146.047 73.111
155.064 73.103
164.091 73.174
173.145 73.111
182.881 73.116
191.867 73.146
200.933 73.127
209.948 73.088
219.010 73.105
28.015 82.886
36.986 82.862
46.024 82.909
55.079 82.864
64.092 82.887
73.102 82.863
82.883 82.856
91.890 82.873
100.929 82.884
109.959 82.849
118.951 82.872
127.982 82.852
137.051 82.881
146.048 82.856
155.106 82.863
164.127 82.874
173.125 82.873
182.874 82.172
191.925 82.175
200.884 82.827
209.942 82.855
218.916 82.840
227.962 82.872
27.981 91.878
37.020 91.872
46.068 91.869
55.041 91.882
64.123 91.885
73.165 91.930
82.853 91.891
91.892 91.884
100.923 91.868
109.967 91.888
118.969 91.889
128.017 91.898
137.065 91.860
146.043 91.901
155.097 91.883
164.116 91.914
173.138 91.906
182.874 91.870
191.895 91.902
200.979 91.906
209.946 91.897
218.968 91.892
228.028 91.903
18.944 100.905
27.986 100.912
36.997 100.911
46.039 100.948
55.091 100.922
64.077 100.941
73.150 100.910
82.844 100.886
91.881 100.915
100.913 100.910
109.942 100.881
118.995 100.935
127.989 100.907
137.045 100.913
146.060 100.931
155.101 100.888
164.104 100.934
173.110 100.910
182.869 100.913
191.875 100.902
200.921 100.906
209.959 100.925
219.008 100.952
228.018 100.933
237.015 100.907
18.961 109.930
27.981 109.960
37.036 109.939
46.031 109.960
55.091 109.964
64.106 109.946
73.118 109.989
82.831 109.960
91.903 109.943
100.925 109.911
109.952 109.975
119.014 109.942
127.984 109.952
136.985 109.973
146.033 109.950
155.071 109.918
164.088 109.943
173.147 109.970
182.813 109.967
191.903 109.927
200.941 109.906
209.926 109.948
218.949 109.949
228.031 109.955
237.016 109.966
18.993 118.979
28.029 118.974
37.041 118.937
46.063 118.968
55.068 118.959
64.095 118.941
73.138 118.979
82.855 118.945
91.872 118.992
100.927 118.952
109.946 118.974
118.957 118.924
127.987 118.973
137.027 118.976
146.015 118.928
155.089 118.959
164.100 118.973
173.116 118.955
182.170 118.980
191.922 118.942
200.926 118.994
209.955 119.005
218.950 118.967
228.007 119.010
237.033 118.971
18.959 128.033
28.005 128.000
37.055 128.013
46.055 128.007
55.074 128.022
64.094 127.975
73.120 127.982
82.164 127.998
91.917 127.985
100.932 128.026
109.960 128.018
118.970 128.033
127.965 127.994
137.017 128.019
146.070 128.005
155.094 127.988
164.117 128.006
173.141 127.990
182.868 128.002
191.894 128.014
200.935 127.983
209.928 128.001
218.974 127.974
227.995 127.966
237.001 127.974
18.983 137.023
28.005 137.036
37.026 137.016
46.046 137.011
55.021 137.026
64.135 137.027
73.125 136.988
82.892 137.026
91.927 137.009
100.921 137.058
109.926 137.027
118.933 137.018
128.026 137.003
137.030 137.034
146.026 137.050
155.074 137.006
164.107 136.985
173.156 137.041
182.865 137.056
191.935 137.035
200.916 137.010
209.932 137.060
218.939 137.056
227.978 137.038
237.013 137.016
18.983 146.046
27.994 146.071
37.007 146.066
46.054 146.062
55.089 146.061
64.096 146.062
73.152 146.057
82.880 146.063
91.911 146.046
100.912 146.070
109.927 146.056
118.979 146.019
128.034 146.084
137.027 146.043
146.059 146.064
155.087 146.039
164.120 146.026
173.852 145.997
182.870 146.053
191.865 146.067
200.883 146.060
209.891 146.065
218.978 146.038
228.019 146.085
237.053 146.034
18.953 155.122
27.988 155.072
36.997 155.096
46.039 155.095
55.057 155.078
64.096 155.080
73.122 155.071
82.885 155.093
91.924 155.039
100.900 155.109
109.936 155.085
118.955 155.096
127.961 155.081
137.009 155.053
146.046 155.126
155.082 155.059
164.113 155.092
173.848 155.119
182.840 155.095
191.891 155.050
200.949 155.072
209.911 155.064
218.975 155.077
228.034 155.085
237.004 155.121
27.995 164.104
37.020 164.100
46.050 164.135
55.057 164.103
64.122 164.066
73.119 164.106
82.836 164.131
91.905 164.101
100.953 164.076
109.960 164.120
118.970 164.073
127.977 164.110
137.024 164.136
146.088 164.103
155.107 164.112
164.109 164.085
173.118 164.113
182.844 164.121
191.893 164.078
200.874 164.094
209.975 164.094
218.969 164.153
227.991 164.058
28.007 173.096
37.040 173.130
46.045 173.117
55.099 173.118
64.124 173.127
73.149 173.105
82.874 173.119
91.902 173.138
100.923 173.164
109.940 173.100
118.976 173.166
128.008 173.149
137.016 173.125
146.035 173.097
155.090 173.131
164.082 173.136
173.120 173.149
182.870 173.141
191.884 173.135
200.957 173.134
209.973 173.115
218.962 173.093
227.996 173.122
37.018 182.886
46.045 182.878
55.081 182.869
64.069 182.865
73.124 182.896
82.876 182.859
91.894 182.859
100.933 182.911
109.889 182.861
118.962 182.918
128.002 182.857
137.028 182.867
146.054 182.908
155.043 182.833
164.066 182.900
173.103 182.857
182.870 182.885
191.849 182.837
200.892 182.891
209.952 182.887
218.943 182.870
37.022 191.898
46.078 191.899
55.094 191.898
64.108 191.898
73.107 191.903
82.852 191.877
91.916 191.919
100.898 191.906
109.937 191.891
118.984 191.869
128.015 191.883
137.017 191.897
146.063 191.903
155.101 191.916
164.130 191.865
173.142 191.846
182.872 191.881
191.913 191.872
200.972 191.892
209.987 191.866
218.966 191.902
46.047 200.968
55.109 200.910
64.082 200.886
73.126 200.930
82.860 200.887
91.883 200.987
100.915 200.921
109.954 200.923
118.956 200.897
127.984 200.894
137.013 200.884
146.053 200.916
155.100 200.939
164.091 200.915
173.124 200.924
182.865 200.947
191.893 200.936
200.943 200.922
209.994 200.915
55.078 209.939
64.131 209.959
73.112 209.944
82.869 209.951
91.899 209.928
100.942 209.940
109.956 209.943
118.961 209.984
127.945 209.942
137.008 209.944
146.067 209.941
155.076 209.934
164.104 209.971
173.129 209.956
182.906 209.935
191.901 209.973
200.938 209.937
64.110 218.947
73.145 218.980
82.875 218.982
91.890 218.966
100.933 218.914
109.967 219.005
118.947 218.968
127.956 218.980
136.990 218.991
146.036 218.976
155.060 218.952
164.159 218.977
173.099 219.028
182.864 219.004
191.911 218.983
82.872 228.010
91.905 227.988
100.923 228.022
109.958 228.026
118.996 227.966
128.015 228.019
137.035 228.012
146.073 227.976
155.087 228.028
164.122 227.992
173.125 228.007
100.949 237.014
109.959 237.065
118.970 237.005
128.011 237.018
137.029 237.004
146.063 237.009
155.083 237.047
