100.934 18.998
109.988 18.962
118.953 18.975
127.981 18.944
136.992 18.988
146.077 18.947
155.070 18.995
82.845 28.005
91.937 27.970
100.897 27.974
109.961 27.942
118.978 27.989
128.026 28.033
137.021 28.004
146.064 27.993
155.109 28.001
164.071 27.997
173.143 28.005
64.113 37.018
73.160 37.029
82.857 37.031
91.891 37.015
100.905 37.014
109.956 37.050
118.968 37.038
127.976 37.021
137.048 37.018
146.030 37.002
155.089 37.025
164.105 37.003
173.088 37.050
182.905 37.029
191.924 36.996
55.109 46.046
64.118 46.060
73.153 46.024
82.875 46.014
91.885 46.045
100.942 46.036
109.960 46.023
118.950 46.042
128.016 46.051
137.039 46.047
146.047 46.054
155.103 46.012
164.107 46.077
173.146 46.050
182.903 46.073
191.881 45.994
200.931 46.058
46.059 55.045
55.059 55.093
64.077 55.073
73.865 55.091
82.861 55.100
91.850 55.044
100.877 55.053
109.936 55.048
118.942 55.054
128.006 55.050
137.032 55.111
146.067 55.054
155.075 55.076
164.105 55.065
173.124 55.092
182.864 55.047
191.907 55.070
200.896 55.074
209.922 55.072
37.016 64.142
46.077 64.061
55.061 64.116
64.120 64.090
73.119 64.121
82.888 64.109
91.901 64.091
100.896 64.126
109.977 64.125
118.968 64.093
127.998 64.121
137.038 64.081
146.065 64.094
155.100 64.054
164.121 64.107
173.148 64.092
182.839 64.095
191.889 64.075
200.903 64.159
209.979 64.055
218.979 64.080
37.010 73.151
46.035 73.123
55.089 73.120
64.095 73.827
73.147 73.119
82.872 73.138
91.895 73.136
100.911 73.163
109.903 73.111
118.979 73.147
128.032 73.092
136.998 73.165
146.052 73.142
155.072 73.129
164.085 73.145
173.120 73.140
182.865 73.147
191.869 73.135
200.912 73.156
209.944 73.127
218.954 73.155
28.012 82.851
37.035 82.855
46.042 82.849
55.069 82.915
64.095 82.885
73.138 82.855
82.854 82.870
91.887 82.819
100.906 82.855
109.943 82.848
118.984 82.866
128.004 82.880
137.029 82.908
146.049 82.859
155.075 82.867
164.094 82.868
173.152 82.864
182.833 82.159
191.932 82.181
200.887 82.888
209.974 82.854
218.999 82.876
227.967 82.914
28.013 91.877
37.052 91.872
46.054 91.920
55.069 91.906
64.112 91.869
73.099 91.894
82.859 91.878
91.903 91.911
100.940 91.887
109.956 91.884
118.960 91.924
127.996 91.907
136.995 91.893
146.067 91.909
155.078 91.900
164.095 91.889
173.125 91.865
182.854 91.890
191.928 91.898
200.895 91.938
209.926 91.888
218.961 91.892
227.993 91.898
18.947 100.935
27.979 100.926
37.031 100.931
46.075 100.934
55.091 100.877
64.105 100.947
73.139 100.926
82.869 100.932
91.922 100.934
100.916 100.904
109.973 100.880
118.966 100.951
127.994 100.948
137.010 100.941
146.019 100.951
155.084 100.915
164.107 100.900
173.112 100.915
182.922 100.949
191.853 100.928
200.918 100.930
209.951 100.923
218.968 100.946
227.996 100.883
237.030 100.930
18.977 109.925
28.002 109.932
37.048 109.942
46.075 109.929
55.098 109.952
64.107 109.983
73.141 109.929
82.882 109.933
91.862 110.014
100.941 109.971
109.971 109.982
119.002 109.917
127.968 109.946
137.029 109.953
146.033 109.934
155.087 109.952
164.083 109.956
173.125 109.962
182.862 109.953
191.886 109.967
200.944 109.935
209.962 109.973
218.965 109.974
227.998 109.956
237.032 109.947
18.976 118.954
28.010 118.997
37.021 118.980
46.061 118.978
55.102 118.975
64.120 118.967
73.140 118.971
82.856 118.938
91.867 118.989
100.946 118.985
109.948 118.958
118.970 118.975
128.009 118.937
137.070 118.939
146.066 118.975
155.068 118.999
164.128 118.968
173.142 119.002
182.183 118.924
191.886 118.958
200.920 118.979
209.908 118.999
218.992 119.009
228.001 118.991
236.985 118.934
18.953 127.988
28.009 128.013
37.029 127.995
46.028 128.018
55.088 128.010
64.109 127.986
73.137 127.994
82.160 128.013
91.896 128.045
100.901 128.018
109.935 127.980
118.967 128.016
127.971 128.032
137.029 127.926
146.056 127.974
155.079 128.006
164.112 127.980
173.146 128.011
182.853 127.991
191.913 127.998
200.896 128.033
209.922 128.005
218.977 128.000
227.993 128.040
237.032 128.035
18.973 137.014
27.986 137.031
37.021 137.038
46.038 137.008
55.120 137.044
64.140 137.050
73.132 137.020
82.861 137.015
91.885 137.052
100.915 137.038
109.972 137.034
118.979 137.036
127.990 137.028
137.026 137.052
146.046 136.972
155.095 137.069
164.124 137.024
173.118 137.005
182.873 137.007
191.920 137.031
200.914 137.016
209.944 137.053
218.979 137.052
228.019 137.033
237.045 137.048
18.965 146.082
27.995 146.075
36.976 146.042
46.018 146.057
55.076 146.059
64.104 146.063
73.137 146.056
82.873 146.056
91.936 146.053
100.919 146.043
109.909 146.029
118.989 146.033
128.020 146.081
136.997 146.048
146.042 145.989
155.086 146.066
164.103 146.047
173.860 146.032
182.886 146.047
191.866 146.056
200.918 146.076
209.918 146.083
219.002 146.055
228.008 146.028
237.048 146.096
18.998 155.099
27.973 155.074
37.045 155.089
46.042 155.050
55.057 155.045
64.066 155.101
73.171 155.018
82.866 155.065
91.914 155.072
100.926 155.098
109.930 155.103
118.961 155.051
128.001 155.121
137.010 155.103
146.046 155.105
155.096 155.046
164.087 155.087
173.867 155.061
182.882 155.080
191.919 155.107
200.922 155.029
209.947 155.069
218.949 155.098
227.990 155.119
237.042 155.083
28.002 164.097
37.017 164.106
46.058 164.109
55.085 164.088
64.141 164.104
73.132 164.134
82.837 164.085
91.894 164.089
100.934 164.100
109.938 164.087
118.953 164.107
127.997 164.127
137.010 164.128
146.076 164.100
155.113 164.141
164.097 164.109
173.161 164.082
182.884 164.118
191.906 164.128
200.922 164.109
209.941 164.138
218.943 164.107
227.984 164.074
27.996 173.116
37.051 173.114
46.082 173.154
55.078 173.146
64.094 173.142
73.168 173.160
82.857 173.130
91.872 173.180
100.912 173.113
109.961 173.130
118.980 173.142
128.019 173.139
137.030 173.145
146.083 173.156
155.070 173.096
164.120 173.171
173.149 173.170
182.833 173.133
191.856 173.184
200.904 173.104
209.963 173.100
218.969 173.126
228.023 173.111
37.031 182.898
46.050 182.840
55.075 182.864
64.113 182.837
73.146 182.908
82.867 182.854
91.906 182.854
100.946 182.857
109.930 182.877
118.987 182.830
127.990 182.827
137.010 182.837
146.055 182.860
155.083 182.833
164.159 182.868
173.111 182.863
182.855 182.907
191.908 182.849
200.898 182.837
209.924 182.872
218.997 182.884
37.039 191.879
46.037 191.846
55.068 191.909
64.097 191.918
73.133 191.898
82.913 191.879
91.892 191.841
100.925 191.892
109.903 191.924
118.991 191.932
127.989 191.899
137.012 191.925
146.066 191.897
155.087 191.901
164.108 191.879
173.155 191.860
182.857 191.917
191.903 191.899
200.903 191.904
209.969 191.898
219.007 191.894
46.030 200.928
55.099 200.954
64.062 200.941
73.138 200.937
82.875 200.936
91.946 200.886
100.925 200.912
109.986 200.949
118.938 200.959
128.034 200.903
137.032 200.926
146.038 200.877
155.101 200.889
164.123 200.907
173.126 200.943
182.853 200.915
191.891 200.950
200.969 200.916
209.943 200.934
55.085 209.992
64.096 209.939
73.145 209.933
82.858 209.919
91.915 209.941
100.890 209.943
109.967 209.976
118.956 209.958
127.984 209.960
137.026 209.933
146.015 209.960
155.071 209.926
164.079 209.971
173.133 209.923
182.899 209.933
191.920 209.971
200.926 209.950
64.109 218.982
73.146 218.974
82.889 218.980
91.920 218.998
100.919 219.018
109.976 218.993
118.975 218.959
127.993 219.006
137.001 218.996
146.077 218.986
155.012 219.000
164.093 218.991
173.120 218.968
182.852 218.961
191.905 218.985
82.847 228.006
91.923 227.994
100.940 228.017
109.896 227.998
118.979 228.019
128.016 228.009
137.001 228.016
146.068 227.992
155.115 227.988
164.086 228.027
173.149 228.007
100.896 236.994
109.949 237.019
118.980 237.017
128.000 237.050
137.004 237.028
146.062 237.016
155.076 237.041
