100.86 18.96
109.93 18.93
118.95 18.96
128.01 18.94
137.03 18.96
146.08 18.96
155.15 18.98
82.80 28.02
91.81 28.00
100.87 28.01
109.91 27.98
118.95 28.02
128.02 27.99
137.07 27.97
146.11 28.01
155.11 28.00
164.16 28.00
173.20 28.02
64.17 37.04
73.22 37.02
82.78 37.02
91.86 37.07
100.85 37.04
109.92 37.06
118.95 37.03
127.99 37.02
137.06 37.04
146.07 37.05
155.12 37.06
164.19 37.02
173.22 37.05
182.80 37.04
191.83 37.05
55.10 46.08
64.19 46.09
73.19 46.08
82.78 46.09
91.83 46.08
100.86 46.08
109.91 46.07
118.97 46.09
127.99 46.09
137.02 46.07
146.09 46.08
155.10 46.10
164.19 46.05
173.21 46.11
182.80 46.10
191.83 46.08
200.88 46.09
46.08 55.12
55.12 55.13
64.17 55.12
73.20 55.12
82.80 55.11
91.82 55.12
100.87 55.14
109.94 55.09
118.95 55.11
128.02 55.14
137.05 55.12
146.07 55.12
155.15 55.11
164.18 55.11
173.24 55.11
182.79 55.10
191.84 55.13
200.88 55.12
209.95 55.13
37.03 64.20
46.09 64.13
55.15 64.18
64.16 64.17
73.21 64.19
82.81 64.15
91.83 64.16
100.88 64.16
109.93 64.16
118.95 64.15
127.98 64.14
137.08 64.17
146.06 64.18
155.15 64.20
164.19 64.16
173.18 64.15
182.80 64.16
191.85 64.17
200.89 64.17
209.96 64.15
218.95 64.19
37.04 73.19
46.08 73.18
55.13 73.20
64.15 73.21
73.21 73.19
82.78 73.18
91.82 73.25
100.86 73.21
109.92 73.18
118.97 73.20
128.01 73.20
137.03 73.21
146.06 73.23
155.11 73.19
164.16 73.21
173.17 73.20
182.82 73.17
191.85 73.21
200.90 73.18
209.91 73.22
218.97 73.19
28.01 82.78
37.04 82.78
46.09 82.77
55.10 82.83
64.17 82.82
73.17 82.80
82.81 82.78
91.86 82.78
100.89 82.79
109.90 82.80
118.95 82.80
128.01 82.81
137.04 82.80
146.06 82.81
155.13 82.80
164.18 82.79
173.17 82.80
182.80 82.80
191.86 82.77
200.91 82.79
209.93 82.78
218.98 82.80
228.00 82.78
27.97 91.82
37.04 91.80
46.09 91.84
55.11 91.84
64.17 91.81
73.20 91.83
82.81 91.80
91.81 91.84
100.87 91.86
109.91 91.85
118.95 91.85
127.98 91.87
137.04 91.85
146.09 91.83
155.11 91.81
164.14 91.83
173.21 91.83
182.78 91.84
191.83 91.85
200.84 91.86
209.93 91.85
218.97 91.85
227.97 91.85
18.97 100.89
27.99 100.88
37.05 100.91
46.10 100.88
55.12 100.87
64.18 100.86
73.22 100.88
82.79 100.87
91.82 100.87
100.88 100.91
109.92 100.87
118.96 100.86
127.98 100.87
137.05 100.90
146.09 100.89
155.09 100.85
164.17 100.87
173.17 100.91
182.84 100.87
191.82 100.89
200.88 100.89
209.93 100.87
218.94 100.89
228.02 100.91
237.02 100.90
18.95 109.94
27.99 109.92
37.05 109.92
46.08 109.92
55.12 109.92
64.14 109.91
73.22 109.92
82.78 109.91
91.84 109.94
100.87 109.92
109.94 109.92
118.97 109.88
127.99 109.88
137.04 109.91
146.10 109.92
155.13 109.93
164.19 109.94
173.20 109.91
182.79 109.90
191.84 109.93
200.85 109.91
209.94 109.91
218.93 109.92
228.00 109.90
237.04 109.92
18.94 118.96
27.98 118.94
37.03 118.94
46.10 118.96
55.11 118.94
64.16 118.93
73.19 118.96
82.80 118.95
91.81 118.93
100.88 118.95
109.93 118.94
118.96 118.96
128.00 118.97
137.02 118.98
146.07 119.00
155.13 118.96
164.20 118.97
173.23 118.97
182.79 118.95
191.83 118.94
200.85 118.96
209.90 118.95
218.95 118.93
227.97 118.94
237.01 118.96
18.96 128.01
28.01 127.99
37.04 127.99
46.12 128.02
55.13 128.00
64.16 128.01
73.22 128.00
82.82 127.99
91.85 128.00
100.88 127.98
109.90 128.01
118.97 128.00
127.97 128.01
137.03 127.99
146.12 127.99
155.13 127.99
164.16 128.01
173.19 128.01
182.78 127.99
191.85 128.00
200.88 128.01
209.90 128.01
218.95 128.04
227.98 127.99
237.06 128.01
18.95 137.00
28.02 137.07
37.04 137.02
46.05 137.03
55.13 137.04
64.17 137.05
73.20 137.03
82.79 137.02
91.84 137.07
100.88 137.03
109.90 137.02
118.96 137.05
127.99 137.02
137.06 137.06
146.09 137.06
155.10 137.03
164.15 137.01
173.19 137.05
182.79 137.04
191.83 137.02
200.88 137.03
209.94 137.04
218.97 137.05
228.01 137.04
237.05 137.03
18.94 146.09
28.03 146.09
37.04 146.05
46.07 146.09
55.15 146.09
64.16 146.09
73.20 146.07
82.81 146.10
91.84 146.06
100.88 146.09
109.91 146.09
118.94 146.12
127.99 146.09
137.05 146.08
146.05 146.08
155.13 146.09
164.16 146.07
173.20 146.09
182.82 146.06
191.84 146.07
200.88 146.12
209.92 146.11
218.96 146.08
228.00 146.08
237.03 146.09
18.95 155.12
28.00 155.13
37.05 155.08
46.09 155.13
55.12 155.13
64.17 155.14
73.20 155.10
82.81 155.12
91.84 155.12
100.87 155.13
109.92 155.11
118.96 155.10
127.98 155.12
137.06 155.13
146.10 155.13
155.13 155.11
164.14 155.13
173.21 155.08
182.80 155.11
191.83 155.17
200.88 155.11
209.91 155.13
218.97 155.15
227.97 155.10
237.04 155.14
27.98 164.15
37.05 164.17
46.08 164.16
55.13 164.15
64.19 164.15
73.19 164.17
82.77 164.18
91.83 164.16
100.88 164.16
109.94 164.15
118.94 164.14
128.00 164.16
137.06 164.15
146.08 164.16
155.12 164.15
164.13 164.19
173.20 164.15
182.82 164.17
191.85 164.15
200.93 164.18
209.96 164.15
218.98 164.14
228.00 164.17
28.02 173.21
37.05 173.20
46.07 173.18
55.14 173.21
64.16 173.20
73.19 173.18
82.81 173.21
91.83 173.19
100.91 173.22
109.92 173.21
118.94 173.21
128.02 173.22
137.03 173.20
146.10 173.21
155.12 173.19
164.16 173.21
173.17 173.24
182.77 173.22
191.82 173.21
200.85 173.21
209.90 173.21
218.97 173.19
228.00 173.20
37.04 182.81
46.07 182.78
55.12 182.80
64.17 182.82
73.21 182.79
82.78 182.80
91.83 182.81
100.86 182.77
109.89 182.78
118.96 182.81
127.98 182.82
137.02 182.79
146.07 182.80
155.14 182.81
164.17 182.82
173.18 182.79
182.78 182.78
191.83 182.83
200.86 182.81
209.91 182.81
218.96 182.79
37.05 191.86
46.09 191.82
55.13 191.85
64.13 191.82
73.19 191.84
82.79 191.87
91.85 191.84
100.88 191.83
109.94 191.82
118.97 191.82
127.99 191.84
137.06 191.86
146.08 191.84
155.13 191.82
164.16 191.86
173.22 191.86
182.80 191.84
191.84 191.83
200.91 191.86
209.93 191.80
218.92 191.86
46.05 200.88
55.11 200.85
64.19 200.86
73.19 200.88
82.77 200.88
91.86 200.91
100.87 200.88
109.91 200.87
118.96 200.89
128.00 200.85
137.03 200.91
146.09 200.87
155.12 200.89
164.19 200.88
173.21 200.87
182.83 200.91
191.82 200.89
200.87 200.87
209.89 200.87
55.13 209.91
64.18 209.92
73.19 209.91
82.80 209.92
91.81 209.92
100.88 209.93
109.90 209.90
118.97 209.91
128.01 209.92
137.05 209.90
146.07 209.90
155.09 209.92
164.17 209.94
173.18 209.91
182.78 209.91
191.84 209.92
200.87 209.90
64.17 218.97
73.19 218.97
82.82 218.97
91.85 218.95
100.89 218.93
109.93 218.98
118.96 218.96
128.00 218.94
137.03 218.97
146.07 218.96
155.10 218.97
164.16 218.97
173.20 218.97
182.82 218.94
191.83 218.96
82.78 228.01
91.81 227.99
100.89 227.99
109.93 228.01
118.96 227.99
128.02 227.99
137.02 227.99
146.07 228.01
155.12 228.00
164.17 227.99
173.21 228.02
100.88 237.06
109.90 237.06
118.98 237.04
128.04 237.04
137.02 237.03
146.09 237.06
155.09 237.04
