100.728 18.904
109.839 18.881
118.924 18.896
128.037 18.887
137.125 18.920
146.165 18.918
155.251 18.931
82.568 27.989
91.677 27.957
100.758 27.981
109.831 27.999
118.896 28.013
128.031 28.035
137.116 28.030
146.215 28.068
155.230 28.080
164.336 28.067
173.474 28.124
64.335 37.102
73.450 37.142
82.561 37.077
91.642 37.066
100.728 37.086
109.842 37.103
118.935 37.117
128.051 37.132
137.146 37.154
146.204 37.157
155.311 37.149
164.376 37.189
173.474 37.180
182.552 37.083
191.683 37.081
55.226 46.144
64.364 46.197
73.422 46.220
82.556 46.188
91.656 46.147
100.755 46.162
109.832 46.175
118.941 46.169
128.058 46.199
137.138 46.198
146.189 46.218
155.269 46.226
164.378 46.234
173.500 46.210
182.597 46.174
191.650 46.156
200.728 46.148
46.159 55.226
55.265 55.243
64.322 55.263
73.458 55.263
82.536 55.275
91.628 55.256
100.743 55.240
109.823 55.253
118.952 55.270
128.109 55.263
137.124 55.280
146.207 55.282
155.285 55.296
164.393 55.321
173.480 55.293
182.545 55.288
191.656 55.235
200.742 55.249
209.880 55.269
37.103 64.335
46.173 64.333
55.238 64.308
64.360 64.345
73.475 64.350
82.555 64.382
91.654 64.356
100.753 64.372
109.815 64.340
118.937 64.342
128.117 64.344
137.146 64.378
146.218 64.393
155.280 64.411
164.370 64.366
173.542 64.410
182.560 64.395
191.623 64.335
200.768 64.361
209.851 64.326
218.994 64.350
37.064 73.415
46.190 73.411
55.253 73.418
64.363 73.482
73.469 73.475
82.519 73.482
91.651 73.463
100.751 73.461
109.839 73.474
118.959 73.467
128.143 73.468
137.149 73.449
146.229 73.496
155.258 73.479
164.347 73.527
173.486 73.484
182.539 73.474
191.625 73.454
200.724 73.459
209.880 73.432
219.106 73.480
27.978 82.564
37.075 82.582
46.173 82.573
55.241 82.591
64.308 82.580
73.430 82.618
82.522 82.551
91.622 82.574
100.747 82.579
109.819 82.583
118.937 82.602
128.044 82.597
137.080 82.602
146.185 82.602
155.248 82.587
164.333 82.595
173.423 82.609
182.511 82.511
191.638 82.553
200.744 82.562
209.841 82.584
218.911 82.595
228.061 82.604
27.970 91.655
37.057 91.658
46.155 91.661
55.254 91.675
64.335 91.682
73.457 91.694
82.547 91.631
91.637 91.663
100.721 91.655
109.820 91.672
118.907 91.661
128.039 91.683
137.097 91.666
146.176 91.691
155.240 91.673
164.332 91.713
173.439 91.703
182.513 91.590
191.655 91.631
200.740 91.651
209.831 91.650
218.936 91.673
228.088 91.659
18.905 100.734
27.984 100.732
37.096 100.757
46.158 100.727
55.274 100.783
64.346 100.761
73.462 100.802
82.569 100.697
91.680 100.755
100.742 100.731
109.819 100.744
118.941 100.766
128.007 100.759
137.125 100.758
146.159 100.757
155.267 100.794
164.332 100.788
173.451 100.840
182.546 100.714
191.641 100.728
200.721 100.727
209.822 100.747
218.937 100.748
228.036 100.774
237.129 100.752
18.919 109.824
28.002 109.811
37.118 109.798
46.198 109.841
55.290 109.889
64.363 109.930
73.472 109.971
82.574 109.793
91.648 109.806
100.731 109.805
109.842 109.829
118.919 109.822
128.023 109.820
137.120 109.856
146.188 109.891
155.270 109.889
164.357 109.908
173.460 109.966
182.529 109.778
191.661 109.812
200.717 109.836
209.812 109.825
218.931 109.820
228.040 109.801
237.136 109.872
18.903 118.930
28.018 118.928
37.136 118.980
46.178 118.955
55.274 119.020
64.381 119.067
73.469 119.103
82.580 118.892
91.647 118.900
100.752 118.900
109.841 118.909
118.937 118.927
128.021 118.941
137.128 118.957
146.218 119.004
155.271 119.001
164.362 119.072
173.464 119.109
182.569 118.919
191.641 118.892
200.734 118.904
209.817 118.944
218.909 118.943
228.089 118.925
237.202 118.931
18.876 128.032
27.994 128.057
37.124 128.028
46.189 128.066
55.287 128.086
64.405 128.173
73.496 128.238
82.601 127.982
91.652 127.995
100.780 128.004
109.837 128.040
118.912 128.025
128.024 128.062
137.120 128.042
146.204 128.104
155.274 128.106
164.334 128.174
173.455 128.172
182.579 127.986
191.672 127.991
200.749 128.018
209.828 127.996
218.915 128.022
228.063 128.033
237.220 128.034
18.887 137.104
28.005 137.116
37.114 137.114
46.218 137.150
55.296 137.159
64.411 137.197
73.488 137.239
82.568 137.102
91.665 137.099
100.760 137.080
109.833 137.096
118.943 137.131
128.074 137.143
137.135 137.151
146.229 137.180
155.300 137.181
164.394 137.183
173.484 137.239
182.556 137.123
191.655 137.079
200.737 137.112
209.836 137.094
218.938 137.089
228.090 137.113
237.182 137.137
18.904 146.165
28.027 146.191
37.144 146.208
46.243 146.224
55.279 146.213
64.413 146.252
73.510 146.247
82.556 146.216
91.647 146.172
100.756 146.169
109.829 146.190
118.961 146.147
128.097 146.200
137.124 146.213
146.248 146.264
155.313 146.223
164.392 146.252
173.510 146.272
182.538 146.177
191.650 146.159
200.743 146.185
209.837 146.159
218.935 146.161
228.080 146.214
237.223 146.184
18.904 155.266
28.074 155.248
37.112 155.270
46.214 155.266
55.310 155.281
64.401 155.313
73.455 155.257
82.568 155.276
91.646 155.254
100.757 155.261
109.842 155.263
118.971 155.276
128.099 155.256
137.165 155.280
146.198 155.282
155.286 155.278
164.388 155.297
173.526 155.299
182.530 155.300
191.651 155.249
200.745 155.281
209.874 155.251
219.004 155.282
228.153 155.285
237.184 155.265
27.999 164.328
37.148 164.340
46.235 164.355
55.296 164.368
64.400 164.362
73.493 164.329
82.553 164.365
91.662 164.368
100.748 164.364
109.824 164.363
118.982 164.337
128.077 164.326
137.195 164.350
146.219 164.372
155.266 164.378
164.393 164.376
173.522 164.380
182.560 164.360
191.648 164.367
200.760 164.363
209.865 164.356
218.972 164.348
228.175 164.365
28.004 173.435
37.143 173.438
46.192 173.449
55.296 173.474
64.377 173.430
73.480 173.528
82.508 173.479
91.623 173.428
100.736 173.432
109.810 173.406
118.996 173.461
128.122 173.423
137.195 173.474
146.234 173.466
155.306 173.500
164.363 173.466
173.494 173.475
182.521 173.493
191.639 173.451
200.746 173.428
209.853 173.459
219.040 173.457
228.151 173.461
37.062 182.603
46.166 182.585
55.258 182.588
64.368 182.581
73.449 182.579
82.535 182.515
91.619 182.543
100.730 182.541
109.809 182.561
118.907 182.593
128.030 182.593
137.124 182.630
146.191 182.605
155.263 182.589
164.351 182.596
173.460 182.623
182.529 182.520
191.621 182.537
200.720 182.559
209.828 182.618
218.975 182.570
37.054 191.681
46.180 191.651
55.240 191.702
64.364 191.726
73.474 191.687
82.525 191.608
91.654 191.642
100.743 191.646
109.825 191.674
118.914 191.681
128.035 191.693
137.091 191.660
146.173 191.686
155.291 191.679
164.358 191.711
173.480 191.712
182.547 191.595
191.628 191.646
200.748 191.641
209.822 191.675
218.961 191.679
46.115 200.767
55.260 200.786
64.360 200.854
73.462 200.823
82.563 200.709
91.647 200.717
100.743 200.721
109.820 200.729
118.908 200.749
128.021 200.732
137.126 200.755
146.186 200.774
155.247 200.803
164.324 200.766
173.462 200.834
182.562 200.718
191.629 200.753
200.733 200.715
209.865 200.744
55.217 209.915
64.347 209.953
73.444 209.955
82.580 209.825
91.638 209.788
100.758 209.821
109.830 209.838
118.914 209.841
128.030 209.835
137.141 209.865
146.204 209.904
155.234 209.912
164.378 209.941
173.476 210.017
182.569 209.841
191.662 209.821
200.749 209.871
64.378 219.081
73.461 219.137
82.602 218.936
91.667 218.893
100.749 218.890
109.840 218.915
118.904 218.918
128.042 218.926
137.123 218.947
146.187 218.989
155.282 219.055
164.425 219.070
173.505 219.146
182.556 218.946
191.687 218.907
82.577 228.008
91.678 228.011
100.747 227.979
109.790 228.007
118.889 228.033
128.039 228.074
137.105 228.062
146.233 228.102
155.305 228.183
164.356 228.198
173.481 228.197
100.739 237.108
109.829 237.136
118.919 237.165
128.017 237.186
137.104 237.205
146.164 237.214
155.242 237.229
