100.93 18.97
109.98 18.96
119.04 18.99
128.05 18.98
137.11 18.95
146.16 18.94
155.16 18.96
82.88 28.04
91.93 28.00
100.91 28.00
109.99 27.99
119.03 28.00
128.09 28.03
137.11 28.02
146.13 27.97
155.21 27.96
164.22 27.94
173.83 27.95
64.25 37.08
73.27 37.09
82.87 37.07
91.88 37.07
100.94 37.08
109.99 37.03
119.03 37.05
128.05 37.02
137.11 37.05
146.16 37.00
155.21 37.00
164.23 36.99
173.83 37.04
182.87 36.99
191.92 37.00
55.19 46.15
64.25 46.10
73.28 46.09
82.89 46.10
91.92 46.11
100.94 46.09
109.96 46.09
119.01 46.09
128.05 46.09
137.11 46.07
146.13 46.07
155.21 46.04
164.23 46.04
173.26 46.06
182.87 46.05
191.89 46.02
200.94 46.05
46.14 55.20
55.18 55.18
64.23 55.16
73.23 55.15
82.87 55.14
91.88 55.17
100.95 55.11
109.96 55.14
119.02 55.13
128.07 55.09
137.08 55.13
146.15 55.11
155.18 55.12
164.20 55.10
173.24 55.07
182.85 55.08
191.91 55.09
200.94 55.07
209.97 55.04
37.08 64.21
46.13 64.22
55.17 64.21
64.20 64.20
73.23 64.18
82.84 64.18
91.89 64.20
100.92 64.16
109.94 64.18
119.00 64.20
128.07 64.21
137.07 64.14
146.12 64.15
155.16 64.16
164.19 64.16
173.24 64.13
182.81 64.12
191.90 64.10
200.90 64.13
209.97 64.12
219.00 64.08
37.08 73.79
46.14 73.26
55.17 73.22
64.20 73.23
73.24 73.25
82.82 73.22
91.87 73.23
100.92 73.18
109.96 73.18
119.00 73.25
128.01 73.19
137.07 73.19
146.15 73.17
155.14 73.19
164.22 73.17
173.25 73.18
182.84 73.17
191.90 73.15
200.93 73.13
209.95 73.15
219.01 73.13
28.05 82.88
37.10 82.88
46.12 82.85
55.17 82.84
64.20 82.83
73.24 82.86
82.83 82.86
91.88 82.83
100.90 82.82
109.95 82.78
119.01 82.81
128.01 82.82
137.07 82.80
146.11 82.80
155.15 82.78
164.17 82.79
173.23 82.78
182.85 82.78
191.87 82.76
200.93 82.73
209.96 82.76
219.00 82.21
228.05 82.18
28.04 91.90
37.05 91.91
46.13 91.88
55.14 91.88
64.21 91.87
73.26 91.88
82.83 91.88
91.88 91.85
100.90 91.87
109.93 91.84
118.99 91.86
128.00 91.85
137.08 91.83
146.10 91.82
155.11 91.80
164.19 91.82
173.22 91.82
182.87 91.80
191.89 91.77
200.89 91.78
209.94 91.76
218.99 91.74
228.02 91.76
18.98 100.97
28.04 100.94
37.08 100.96
46.10 100.93
55.10 100.93
64.21 100.90
73.25 100.90
82.81 100.90
91.90 100.91
100.90 100.90
109.92 100.89
119.00 100.89
128.00 100.84
137.06 100.89
146.09 100.86
155.15 100.85
164.17 100.85
173.23 100.84
182.82 100.85
191.87 100.80
200.89 100.83
209.93 100.81
219.00 100.81
228.03 100.80
237.05 100.81
18.96 110.02
28.04 109.99
37.04 109.99
46.12 109.98
55.13 109.95
64.18 109.93
73.22 109.93
82.82 109.97
91.85 109.95
100.86 109.95
109.91 109.91
118.97 109.93
127.98 109.89
137.08 109.94
146.09 109.92
155.14 109.89
164.15 109.89
173.23 109.90
182.80 109.89
191.87 109.86
200.92 109.90
209.93 109.85
218.98 109.90
227.99 109.89
237.06 109.84
18.96 119.05
28.03 119.05
37.03 119.04
46.08 119.03
55.13 119.01
64.18 118.97
73.24 118.97
82.81 118.99
91.85 118.99
100.86 118.96
109.95 118.98
118.97 118.97
127.99 118.97
137.06 118.96
146.09 118.96
155.13 118.95
164.20 118.93
173.19 118.90
182.79 118.91
191.83 118.90
200.85 118.93
209.94 118.91
218.98 118.89
228.01 118.86
237.05 118.88
18.98 128.07
27.99 128.11
37.02 128.06
46.07 128.07
55.11 128.05
64.16 128.05
73.20 128.02
82.82 128.03
91.85 128.03
100.87 128.03
109.94 128.02
118.96 127.99
128.01 128.03
137.03 128.00
146.08 127.99
155.13 127.96
164.16 128.01
173.21 127.96
182.82 127.97
191.83 127.93
200.86 127.94
209.89 127.95
218.96 127.95
228.00 127.94
237.05 127.90
18.95 137.12
28.02 137.12
37.05 137.08
46.06 137.09
55.11 137.10
64.17 137.12
73.20 137.07
82.78 137.05
91.86 137.08
100.86 137.08
109.94 137.04
118.96 137.03
127.97 137.01
137.02 137.06
146.09 137.03
155.12 137.04
164.18 137.03
173.22 137.03
182.81 137.00
191.86 136.97
200.86 136.96
209.93 136.99
218.96 136.95
227.99 136.98
237.06 137.00
18.93 146.15
28.00 146.16
37.06 146.13
46.08 146.17
55.11 146.11
64.16 146.15
73.19 146.11
82.79 146.12
91.79 146.10
100.86 146.10
109.91 146.11
118.97 146.07
127.99 146.07
137.04 146.06
146.04 146.07
155.11 146.05
164.16 146.09
173.22 146.07
182.79 145.99
191.83 146.02
200.85 146.01
209.88 146.04
218.93 146.06
227.99 146.01
237.03 146.02
18.94 155.19
27.97 155.18
37.03 155.20
46.06 155.21
55.12 155.20
64.13 155.19
73.18 155.16
82.78 155.14
91.83 155.10
100.86 155.15
109.94 155.14
118.97 155.13
127.97 155.13
137.04 155.10
146.05 155.10
155.09 155.10
164.15 155.10
173.18 155.07
182.80 155.08
191.85 155.08
200.87 155.05
209.90 155.07
218.92 155.05
227.97 155.04
237.01 155.06
28.00 164.24
37.00 164.23
46.04 164.21
55.10 164.24
64.17 164.19
73.17 164.19
82.78 164.18
91.84 164.18
100.86 164.18
109.89 164.18
118.95 164.18
127.92 164.17
137.02 164.11
146.03 164.14
155.09 164.15
164.13 164.13
173.18 164.13
182.79 164.13
191.82 164.13
200.87 164.09
209.86 164.09
218.95 164.09
227.95 164.09
27.97 173.85
36.99 173.82
46.06 173.25
55.09 173.29
64.12 173.25
73.19 173.23
82.76 173.23
91.79 173.24
100.83 173.22
109.91 173.22
118.94 173.18
127.98 173.21
137.02 173.20
146.05 173.21
155.07 173.20
164.12 173.16
173.15 173.17
182.76 173.17
191.77 173.16
200.84 173.11
209.86 173.15
218.91 173.14
227.97 173.11
36.98 182.86
46.06 182.85
55.09 182.88
64.09 182.84
73.18 182.84
82.75 182.82
91.80 182.83
100.86 182.80
109.90 182.81
118.90 182.80
127.96 182.81
137.00 182.81
146.05 182.81
155.10 182.78
164.11 182.80
173.13 182.74
182.77 182.72
191.82 182.73
200.84 182.76
209.89 182.75
218.91 182.20
37.00 191.93
46.06 191.92
55.06 191.89
64.13 191.88
73.18 191.87
82.76 191.89
91.76 191.84
100.83 191.86
109.86 191.83
118.88 191.85
127.93 191.83
137.00 191.82
146.04 191.83
155.10 191.81
164.14 191.81
173.16 191.78
182.74 191.81
191.79 191.77
200.82 191.78
209.89 191.76
218.93 191.81
46.04 200.94
55.08 200.93
64.09 200.92
73.17 200.96
82.74 200.92
91.77 200.90
100.81 200.86
109.86 200.89
118.90 200.88
127.95 200.88
137.02 200.88
146.00 200.85
155.08 200.87
164.11 200.84
173.14 200.82
182.73 200.81
191.78 200.82
200.82 200.82
209.84 200.84
55.06 210.00
64.10 209.98
73.14 209.95
82.17 209.94
91.79 209.94
100.82 209.96
109.84 209.93
118.91 209.93
127.95 209.91
136.99 209.89
146.03 209.92
155.07 209.86
164.09 209.88
173.10 209.88
182.75 209.88
191.79 209.88
200.79 209.85
64.12 219.00
73.12 219.00
82.16 218.98
91.78 218.95
100.80 218.98
109.84 218.98
118.90 218.97
127.92 218.95
136.97 218.94
146.01 218.95
155.06 218.94
164.07 218.97
173.12 218.93
182.17 218.94
191.78 218.91
82.18 228.02
91.22 228.05
100.80 228.02
109.86 228.00
118.88 228.00
127.92 227.99
136.92 227.98
146.02 228.00
155.02 227.98
164.05 227.99
173.14 227.95
100.83 237.05
109.82 237.05
118.89 237.04
127.92 237.03
136.95 237.02
145.97 237.01
155.03 237.05
