101.727 19.909
110.818 19.909
119.909 19.909
129.000 19.909
138.091 19.909
147.182 19.909
156.273 19.909
83.545 29.000
92.636 29.000
101.727 29.000
110.818 29.000
119.909 29.000
129.000 29.000
138.091 29.000
147.182 29.000
156.273 29.000
165.364 29.000
174.455 29.000
65.364 38.091
74.455 38.091
83.545 38.091
92.636 38.091
101.727 38.091
110.818 38.091
119.909 38.091
129.000 38.091
138.091 38.091
147.182 38.091
156.273 38.091
165.364 38.091
174.455 38.091
183.545 38.091
192.636 38.091
56.273 47.182
65.364 47.182
74.455 47.182
83.545 47.182
92.636 47.182
101.727 47.182
110.818 47.182
119.909 47.182
129.000 47.182
138.091 47.182
147.182 47.182
156.273 47.182
165.364 47.182
174.455 47.182
183.545 47.182
192.636 47.182
201.727 47.182
47.182 56.273
56.273 56.273
65.364 56.273
74.455 56.273
83.545 56.273
92.636 56.273
101.727 56.273
110.818 56.273
119.909 56.273
129.000 56.273
138.091 56.273
147.182 56.273
156.273 56.273
165.364 56.273
174.455 56.273
183.545 56.273
192.636 56.273
201.727 56.273
210.818 56.273
38.091 65.364
47.182 65.364
56.273 65.364
65.364 65.364
74.455 65.364
83.545 65.364
92.636 65.364
101.727 65.364
110.818 65.364
119.909 65.364
129.000 65.364
138.091 65.364
147.182 65.364
156.273 65.364
165.364 65.364
174.455 65.364
183.545 65.364
192.636 65.364
201.727 65.364
210.818 65.364
219.909 65.364
38.091 74.455
47.182 74.455
56.273 74.455
65.364 74.455
74.455 74.455
83.545 74.455
92.636 74.455
101.727 74.455
110.818 74.455
119.909 74.455
129.000 74.455
138.091 74.455
147.182 74.455
156.273 74.455
165.364 74.455
174.455 74.455
183.545 74.455
192.636 74.455
201.727 74.455
210.818 74.455
219.909 74.455
29.000 83.545
38.091 83.545
47.182 83.545
56.273 83.545
65.364 83.545
74.455 83.545
83.545 83.545
92.636 83.545
101.727 83.545
110.818 83.545
119.909 83.545
129.000 83.545
138.091 83.545
147.182 83.545
156.273 83.545
165.364 83.545
174.455 83.545
183.545 83.545
192.636 83.545
201.727 83.545
210.818 83.545
219.909 83.545
229.000 83.545
29.000 92.636
38.091 92.636
47.182 92.636
56.273 92.636
65.364 92.636
74.455 92.636
83.545 92.636
92.636 92.636
101.727 92.636
110.818 92.636
119.909 92.636
129.000 92.636
138.091 92.636
147.182 92.636
156.273 92.636
165.364 92.636
174.455 92.636
183.545 92.636
192.636 92.636
201.727 92.636
210.818 92.636
219.909 92.636
229.000 92.636
19.909 101.727
29.000 101.727
38.091 101.727
47.182 101.727
56.273 101.727
65.364 101.727
74.455 101.727
83.545 101.727
92.636 101.727
101.727 101.727
110.818 101.727
119.909 101.727
129.000 101.727
138.091 101.727
147.182 101.727
156.273 101.727
165.364 101.727
174.455 101.727
183.545 101.727
192.636 101.727
201.727 101.727
210.818 101.727
219.909 101.727
229.000 101.727
238.091 101.727
19.909 110.818
29.000 110.818
38.091 110.818
47.182 110.818
56.273 110.818
65.364 110.818
74.455 110.818
83.545 110.818
92.636 110.818
101.727 110.818
110.818 110.818
119.909 110.818
129.000 110.818
138.091 110.818
147.182 110.818
156.273 110.818
165.364 110.818
174.455 110.818
183.545 110.818
192.636 110.818
201.727 110.818
210.818 110.818
219.909 110.818
229.000 110.818
238.091 110.818
19.909 119.909
29.000 119.909
38.091 119.909
47.182 119.909
56.273 119.909
65.364 119.909
74.455 119.909
83.545 119.909
92.636 119.909
101.727 119.909
110.818 119.909
119.909 119.909
129.000 119.909
138.091 119.909
147.182 119.909
156.273 119.909
165.364 119.909
174.455 119.909
183.545 119.909
192.636 119.909
201.727 119.909
210.818 119.909
219.909 119.909
229.000 119.909
238.091 119.909
19.909 129.000
29.000 129.000
38.091 129.000
47.182 129.000
56.273 129.000
65.364 129.000
74.455 129.000
83.545 129.000
92.636 129.000
101.727 129.000
110.818 129.000
119.909 129.000
129.000 129.000
138.091 129.000
147.182 129.000
156.273 129.000
165.364 129.000
174.455 129.000
183.545 129.000
192.636 129.000
201.727 129.000
210.818 129.000
219.909 129.000
229.000 129.000
238.091 129.000
19.909 138.091
29.000 138.091
38.091 138.091
47.182 138.091
56.273 138.091
65.364 138.091
74.455 138.091
83.545 138.091
92.636 138.091
101.727 138.091
110.818 138.091
119.909 138.091
129.000 138.091
138.091 138.091
147.182 138.091
156.273 138.091
165.364 138.091
174.455 138.091
183.545 138.091
192.636 138.091
201.727 138.091
210.818 138.091
219.909 138.091
229.000 138.091
238.091 138.091
19.909 147.182
29.000 147.182
38.091 147.182
47.182 147.182
56.273 147.182
65.364 147.182
74.455 147.182
83.545 147.182
92.636 147.182
101.727 147.182
110.818 147.182
119.909 147.182
129.000 147.182
138.091 147.182
147.182 147.182
156.273 147.182
165.364 147.182
174.455 147.182
183.545 147.182
192.636 147.182
201.727 147.182
210.818 147.182
219.909 147.182
229.000 147.182
238.091 147.182
19.909 156.273
29.000 156.273
38.091 156.273
47.182 156.273
56.273 156.273
65.364 156.273
74.455 156.273
83.545 156.273
92.636 156.273
101.727 156.273
110.818 156.273
119.909 156.273
129.000 156.273
138.091 156.273
147.182 156.273
156.273 156.273
165.364 156.273
174.455 156.273
183.545 156.273
192.636 156.273
201.727 156.273
210.818 156.273
219.909 156.273
229.000 156.273
238.091 156.273
29.000 165.364
38.091 165.364
47.182 165.364
56.273 165.364
65.364 165.364
74.455 165.364
83.545 165.364
92.636 165.364
101.727 165.364
110.818 165.364
119.909 165.364
129.000 165.364
138.091 165.364
147.182 165.364
156.273 165.364
165.364 165.364
174.455 165.364
183.545 165.364
192.636 165.364
201.727 165.364
210.818 165.364
219.909 165.364
229.000 165.364
29.000 174.455
38.091 174.455
47.182 174.455
56.273 174.455
65.364 174.455
74.455 174.455
83.545 174.455
92.636 174.455
101.727 174.455
110.818 174.455
119.909 174.455
129.000 174.455
138.091 174.455
147.182 174.455
156.273 174.455
165.364 174.455
174.455 174.455
183.545 174.455
192.636 174.455
201.727 174.455
210.818 174.455
219.909 174.455
229.000 174.455
38.091 183.545
47.182 183.545
56.273 183.545
65.364 183.545
74.455 183.545
83.545 183.545
92.636 183.545
101.727 183.545
110.818 183.545
119.909 183.545
129.000 183.545
138.091 183.545
147.182 183.545
156.273 183.545
165.364 183.545
174.455 183.545
183.545 183.545
192.636 183.545
201.727 183.545
210.818 183.545
219.909 183.545
38.091 192.636
47.182 192.636
56.273 192.636
65.364 192.636
74.455 192.636
83.545 192.636
92.636 192.636
101.727 192.636
110.818 192.636
119.909 192.636
129.000 192.636
138.091 192.636
147.182 192.636
156.273 192.636
165.364 192.636
174.455 192.636
183.545 192.636
192.636 192.636
201.727 192.636
210.818 192.636
219.909 192.636
47.182 201.727
56.273 201.727
65.364 201.727
74.455 201.727
83.545 201.727
92.636 201.727
101.727 201.727
110.818 201.727
119.909 201.727
129.000 201.727
138.091 201.727
147.182 201.727
156.273 201.727
165.364 201.727
174.455 201.727
183.545 201.727
192.636 201.727
201.727 201.727
210.818 201.727
56.273 210.818
65.364 210.818
74.455 210.818
83.545 210.818
92.636 210.818
101.727 210.818
110.818 210.818
119.909 210.818
129.000 210.818
138.091 210.818
147.182 210.818
156.273 210.818
165.364 210.818
174.455 210.818
183.545 210.818
192.636 210.818
201.727 210.818
65.364 219.909
74.455 219.909
83.545 219.909
92.636 219.909
101.727 219.909
110.818 219.909
119.909 219.909
129.000 219.909
138.091 219.909
147.182 219.909
156.273 219.909
165.364 219.909
174.455 219.909
183.545 219.909
192.636 219.909
83.545 229.000
92.636 229.000
101.727 229.000
110.818 229.000
119.909 229.000
129.000 229.000
138.091 229.000
147.182 229.000
156.273 229.000
165.364 229.000
174.455 229.000
101.727 238.091
110.818 238.091
119.909 238.091
129.000 238.091
138.091 238.091
147.182 238.091
156.273 238.091
