846.325 278.548
901.244 278.790
956.007 278.890
1010.366 279.009
1065.026 279.531
1119.352 279.606
1174.155 279.617
1228.427 279.684
737.200 332.700
792.044 333.055
846.878 333.717
901.234 333.974
955.888 333.993
1010.192 334.508
1064.943 334.663
1119.215 334.745
1174.019 334.822
1228.349 334.858
1283.030 334.849
1337.405 334.786
628.072 386.828
682.923 387.531
737.208 387.653
792.031 387.853
846.283 387.053
900.990 387.670
955.379 387.855
1010.071 387.943
1064.849 388.070
1119.196 388.044
1173.898 387.995
1228.351 388.610
1283.005 389.034
1337.201 389.844
1391.913 389.834
1446.934 389.653
573.319 441.035
628.281 441.882
682.901 441.868
736.981 441.597
791.790 441.957
846.206 442.762
900.905 441.972
955.261 442.085
1010.017 442.577
1064.365 442.703
1119.094 442.776
1173.424 443.115
1228.126 443.818
1282.389 443.971
1337.349 443.511
1391.912 443.911
1446.085 444.289
1501.111 444.112
518.920 495.755
573.466 496.584
628.117 496.102
682.226 496.023
737.079 496.856
791.623 496.568
846.162 496.992
900.831 496.991
955.144 496.886
1009.791 497.025
1064.262 497.505
1119.057 497.679
1173.308 497.930
1228.069 498.622
1282.396 498.005
1337.134 498.618
1391.862 498.673
1446.274 498.717
1500.674 499.209
1555.312 498.960
464.059 550.073
519.114 550.839
572.954 550.015
628.020 550.798
682.094 550.725
737.026 551.061
791.656 551.054
846.091 551.653
900.700 551.616
954.968 551.831
1009.748 551.895
1064.141 551.973
1118.895 552.018
1173.197 552.119
1227.988 552.968
1282.283 552.687
1336.946 552.989
1391.811 552.939
1446.070 553.116
1501.038 553.142
1554.922 553.948
1609.979 553.466
408.983 604.641
464.322 604.840
518.528 604.797
573.191 605.561
627.686 605.010
682.172 605.783
736.851 605.721
791.525 605.737
845.893 605.983
900.523 606.556
954.939 606.646
1009.710 606.597
1064.018 606.767
1118.835 607.103
1173.114 606.945
1227.785 607.111
1282.211 607.575
1336.818 607.697
1391.504 607.854
1446.152 607.740
1500.707 608.105
1555.225 608.031
1609.564 608.800
1664.297 608.274
409.660 659.077
464.122 659.690
518.061 659.574
572.864 659.651
627.786 659.906
682.135 660.060
736.709 660.100
791.104 660.110
845.788 660.641
900.510 660.784
954.814 661.006
1009.693 661.172
1063.941 661.572
1118.699 661.511
1172.997 661.577
1227.717 661.785
1282.071 661.866
1336.773 662.045
1391.088 662.170
1445.901 662.324
1500.670 662.334
1555.140 662.422
1609.599 663.013
1663.846 663.137
354.614 713.627
409.765 713.820
463.561 713.713
518.641 714.043
572.910 714.058
627.582 714.148
681.970 714.702
736.634 714.753
790.972 714.842
845.626 714.978
900.004 715.116
954.788 715.141
1009.102 715.715
1063.834 715.796
1118.518 715.800
1172.821 716.098
1227.575 716.037
1281.981 716.708
1336.588 716.720
1391.031 716.875
1445.712 716.984
1500.165 717.092
1554.781 717.243
1609.927 717.129
1663.527 717.941
1718.629 717.888
354.699 767.984
409.719 768.579
463.107 768.538
517.901 768.690
572.712 768.755
627.015 768.930
681.747 769.025
736.507 769.104
790.979 769.576
845.552 769.689
899.945 769.787
954.606 769.942
1008.972 770.515
1063.712 770.581
1117.995 770.656
1172.754 770.704
1227.100 770.901
1281.707 771.735
1336.703 771.056
1390.905 771.527
1445.660 771.627
1500.610 771.792
1555.022 771.837
1609.014 772.051
1663.634 772.118
1718.039 772.264
299.558 822.619
354.726 822.734
408.970 822.778
463.799 823.005
517.790 823.037
572.593 823.517
627.120 823.577
681.704 823.681
736.108 823.767
790.843 823.997
845.186 824.073
899.868 824.526
954.172 824.637
1008.906 824.817
1063.600 825.013
1117.967 824.983
1172.610 825.112
1227.112 825.549
1281.704 825.818
1336.179 825.753
1390.873 825.909
1445.144 826.060
1499.734 826.115
1554.167 826.271
1608.694 826.429
1663.887 826.416
1717.766 827.024
1773.158 826.964
299.551 876.871
354.764 877.097
408.534 877.523
463.745 877.654
517.921 877.766
572.665 877.820
626.836 878.025
681.644 878.078
735.939 878.526
790.570 878.612
845.028 878.747
899.744 878.889
954.131 879.031
1008.799 879.156
1063.156 879.566
1117.830 879.645
1172.216 879.776
1226.982 879.836
1281.545 880.024
1335.932 880.092
1390.611 880.579
1445.552 880.666
1499.841 880.784
1554.029 880.865
1608.753 881.019
1663.933 881.107
1717.565 881.389
1772.915 881.316
299.535 931.667
354.733 931.804
407.912 931.834
462.980 931.980
517.732 932.140
571.833 932.581
626.848 932.648
681.047 932.814
735.815 932.979
790.624 933.093
844.892 933.167
899.602 933.624
953.966 933.690
1008.603 933.811
1063.031 933.938
1117.749 934.052
1172.053 934.530
1226.778 934.680
1281.637 934.698
1335.928 934.918
1390.734 934.991
1444.873 935.151
1499.914 935.268
1554.184 935.362
1608.931 935.444
1663.845 935.881
1717.058 936.046
1772.711 936.156
299.047 985.957
354.655 986.083
407.960 986.563
462.685 986.677
517.000 986.769
571.803 986.897
626.819 987.001
681.038 987.146
735.757 987.581
790.100 987.709
844.845 987.824
899.132 987.938
953.955 988.000
1008.498 988.227
1062.941 988.678
1117.654 988.908
1172.007 988.891
1226.684 989.170
1281.076 989.195
1335.764 989.595
1390.156 989.651
1444.690 989.781
1499.777 989.924
1554.571 990.025
1608.954 990.143
1663.598 990.342
1716.910 990.429
1772.546 990.832
298.986 1040.698
354.612 1040.756
407.867 1040.920
462.582 1041.093
516.899 1041.122
571.780 1041.640
626.725 1041.785
681.111 1041.885
735.628 1041.964
790.100 1042.078
844.736 1042.526
898.990 1042.595
953.670 1042.762
1008.109 1042.925
1062.878 1043.105
1117.587 1043.156
1171.946 1043.586
1226.229 1043.661
1280.992 1043.796
1335.533 1043.898
1389.950 1044.078
1444.824 1044.226
1499.131 1044.255
1554.091 1044.463
1608.873 1044.844
1663.127 1044.977
1716.896 1045.121
1772.026 1045.209
298.866 1095.081
354.119 1095.159
407.667 1095.725
462.633 1095.806
516.918 1095.875
571.528 1095.997
626.622 1096.164
680.758 1096.571
735.524 1096.635
789.936 1096.814
844.677 1096.922
899.013 1097.002
953.600 1097.162
1008.046 1097.602
1062.748 1097.792
1117.101 1097.836
1171.861 1097.972
1226.121 1098.054
1280.842 1098.558
1335.508 1098.612
1389.858 1098.759
1444.494 1098.864
1499.133 1098.966
1554.192 1099.109
1608.858 1099.256
1663.033 1099.319
1716.704 1099.773
1771.933 1099.879
298.677 1149.835
353.934 1149.746
407.588 1150.041
462.834 1150.139
517.159 1150.592
571.798 1150.663
625.921 1150.799
680.819 1150.919
735.116 1151.055
789.814 1151.638
844.189 1151.555
898.796 1151.729
953.207 1151.879
1007.978 1152.119
1062.603 1152.150
1117.043 1152.591
1171.658 1152.756
1225.978 1152.845
1280.837 1152.888
1335.192 1153.097
1389.765 1153.242
1444.632 1153.285
1498.939 1153.366
1553.619 1153.793
1608.118 1153.957
1663.119 1154.148
1716.584 1154.083
1771.918 1154.321
298.557 1204.686
353.705 1204.171
407.854 1204.755
462.769 1204.722
516.810 1204.867
571.512 1205.014
626.022 1205.119
680.632 1205.574
735.004 1205.736
789.692 1205.916
844.091 1205.936
898.677 1206.149
953.168 1206.565
1007.899 1206.663
1062.165 1206.789
1116.826 1206.911
1171.536 1207.087
1225.975 1207.150
1280.600 1207.232
1335.051 1207.783
1389.754 1207.776
1444.044 1207.982
1498.841 1208.109
1553.517 1208.197
1607.566 1208.273
1662.708 1208.460
1716.606 1208.416
1772.526 1209.097
353.027 1258.927
408.053 1258.889
461.817 1259.619
516.656 1259.779
571.038 1259.792
625.762 1259.866
680.102 1260.024
735.006 1260.104
789.576 1260.577
843.802 1260.696
898.645 1260.787
953.054 1260.876
1007.708 1261.035
1062.119 1261.195
1116.733 1261.620
1171.093 1261.750
1225.802 1261.874
1280.528 1261.976
1334.872 1262.097
1389.680 1262.234
1444.082 1262.364
1498.693 1262.787
1553.610 1262.937
1607.976 1263.073
1661.864 1263.017
1716.781 1263.246
352.703 1313.766
408.603 1313.771
461.800 1314.048
516.911 1313.816
570.986 1314.068
625.685 1314.649
680.079 1314.754
734.764 1314.818
789.518 1314.863
843.859 1315.065
898.531 1315.228
952.982 1315.579
1007.596 1315.727
1062.020 1315.936
1116.577 1315.872
1170.985 1316.121
1225.757 1316.523
1280.103 1316.654
1334.751 1316.833
1389.646 1316.833
1443.941 1317.006
1498.635 1317.108
1552.718 1317.111
1607.822 1317.832
1661.733 1317.311
1716.935 1318.011
407.522 1368.063
462.550 1368.015
515.938 1368.866
570.976 1368.731
625.740 1368.819
679.954 1369.108
734.670 1369.531
789.058 1369.203
843.714 1369.668
898.090 1369.895
952.848 1369.757
1007.210 1370.062
1061.904 1370.553
1116.527 1370.583
1170.978 1370.743
1225.602 1370.836
1279.961 1371.078
1334.679 1371.537
1388.989 1371.201
1443.580 1371.556
1498.561 1371.861
1553.156 1372.041
1606.881 1371.844
1661.872 1372.115
406.790 1422.961
461.979 1422.738
516.554 1422.909
570.653 1423.640
625.598 1423.148
679.932 1423.739
734.535 1423.944
788.924 1423.942
843.622 1424.062
898.032 1424.155
952.788 1424.821
1007.106 1424.865
1061.775 1424.929
1116.147 1425.143
1170.771 1425.229
1225.501 1425.634
1279.850 1425.652
1334.571 1425.971
1388.970 1425.810
1443.768 1426.204
1498.022 1426.068
1552.808 1426.272
1606.838 1426.273
1662.058 1426.927
461.582 1477.806
516.530 1477.174
570.872 1477.672
624.924 1478.539
679.890 1477.896
734.078 1478.675
788.841 1478.516
843.616 1478.964
897.833 1478.756
952.560 1478.817
1007.038 1479.134
1061.611 1479.621
1115.999 1479.692
1170.688 1479.152
1225.122 1480.072
1279.848 1479.955
1334.136 1480.715
1388.807 1480.222
1443.536 1480.835
1498.030 1480.954
1552.003 1480.659
1607.108 1481.166
515.770 1532.597
570.780 1531.959
625.518 1532.090
679.519 1533.106
734.146 1532.657
788.688 1533.122
843.145 1533.732
897.795 1533.192
952.164 1533.058
1006.786 1533.597
1061.546 1533.653
1115.994 1533.850
1170.624 1533.842
1225.063 1534.767
1279.643 1534.864
1333.815 1534.780
1388.902 1535.285
1443.004 1534.982
1497.575 1534.976
1552.547 1535.377
570.010 1587.601
624.973 1586.936
679.844 1586.840
733.872 1587.761
788.512 1588.162
843.043 1587.822
897.746 1587.640
952.016 1587.816
1006.742 1588.015
1061.089 1588.522
1115.778 1588.599
1170.162 1588.163
1224.754 1588.725
1279.702 1589.711
1333.580 1589.675
1388.079 1589.071
1442.945 1589.615
1497.868 1590.118
624.675 1642.558
679.107 1641.902
734.025 1641.604
788.699 1641.544
842.973 1641.946
897.567 1642.689
951.993 1643.036
1006.685 1643.636
1060.979 1643.817
1115.743 1643.893
1170.078 1643.967
1224.778 1643.645
1278.938 1643.162
1333.708 1643.647
1388.586 1644.133
1443.067 1644.912
733.651 1696.990
788.128 1696.885
842.767 1696.773
897.574 1696.760
952.019 1696.804
1006.577 1696.884
1060.978 1697.022
1115.565 1697.139
1169.928 1697.625
1224.609 1697.859
1279.043 1698.183
1333.922 1698.945
842.684 1752.775
897.528 1752.702
951.795 1752.634
1006.546 1752.726
1060.839 1752.870
1115.553 1752.871
1169.911 1753.078
1224.793 1753.267
