846.333 279.072
901.256 279.220
955.999 279.323
1010.357 279.423
1065.037 279.549
1119.343 279.609
1174.167 279.633
1228.441 279.702
737.227 333.150
792.045 333.439
846.888 333.707
901.236 333.977
955.891 333.991
1010.199 334.520
1064.951 334.671
1119.219 334.753
1174.020 334.835
1228.360 334.876
1283.041 334.861
1337.415 334.803
628.065 387.314
682.927 387.519
737.199 387.663
792.016 388.247
846.289 387.476
900.986 387.664
955.395 388.234
1010.068 388.333
1064.856 388.445
1119.220 388.413
1173.911 388.401
1228.336 388.595
1283.013 389.015
1337.208 389.820
1391.894 389.840
1446.941 389.674
573.330 441.493
628.296 442.254
682.899 442.275
737.003 441.588
791.796 442.338
846.194 442.781
900.912 442.353
955.268 442.462
1010.018 442.578
1064.364 442.710
1119.095 442.800
1173.440 443.493
1228.129 443.847
1282.396 443.979
1337.345 443.542
1391.933 443.923
1446.084 444.313
1501.121 444.136
518.913 496.154
573.469 496.583
628.107 496.527
682.228 496.417
737.084 497.239
791.628 496.583
846.163 497.377
900.838 497.358
955.149 497.243
1009.796 497.384
1064.267 497.510
1119.061 497.684
1173.319 497.931
1228.060 498.622
1282.391 498.007
1337.134 498.621
1391.866 498.679
1446.297 498.731
1500.679 499.223
1555.306 498.984
464.065 550.459
519.120 551.176
572.965 550.415
628.012 551.157
682.094 551.112
737.036 551.416
791.662 551.380
846.091 551.636
900.717 551.607
954.945 551.821
1009.758 551.887
1064.135 551.969
1118.910 552.006
1173.206 552.117
1227.987 552.943
1282.288 552.696
1336.956 552.966
1391.823 552.934
1446.085 553.125
1501.028 553.122
1554.917 553.937
1609.977 553.475
409.002 605.107
464.332 605.215
518.538 605.238
573.206 605.553
627.695 605.391
682.176 606.144
736.855 605.731
791.536 605.734
845.897 606.310
900.522 606.551
954.946 606.633
1009.712 606.576
1064.028 606.756
1118.833 607.090
1173.125 606.940
1227.795 607.103
1282.208 607.567
1336.840 607.680
1391.510 607.836
1446.143 607.740
1500.706 608.089
1555.229 608.037
1609.582 608.784
1664.295 608.260
409.659 659.445
464.138 659.694
518.071 659.570
572.875 659.648
627.791 660.265
682.162 660.397
736.713 660.447
791.109 660.442
845.784 660.636
900.525 660.762
954.825 661.007
1009.708 661.489
1063.948 661.569
1118.701 661.524
1172.999 661.574
1227.730 661.774
1282.076 661.880
1336.776 662.041
1391.103 662.165
1445.891 662.321
1500.680 662.328
1555.151 662.423
1609.601 663.030
1663.870 663.141
354.605 714.108
409.753 714.167
463.552 714.158
518.632 714.422
572.915 714.416
627.583 714.508
681.958 714.709
736.633 714.757
790.990 715.185
845.607 715.297
900.014 715.435
954.778 715.469
1009.099 715.714
1063.851 715.797
1118.509 715.812
1172.831 716.098
1227.575 716.033
1281.977 716.703
1336.604 716.717
1391.028 716.872
1445.711 716.979
1500.166 717.092
1554.782 717.232
1609.930 717.144
1663.529 717.920
1718.636 717.871
354.702 768.789
409.715 768.932
463.099 768.940
517.888 769.079
572.724 769.123
627.013 769.291
681.753 769.348
736.516 769.424
790.962 769.571
845.558 769.704
899.927 769.775
954.607 770.252
1008.989 770.521
1063.702 770.588
1118.010 770.669
1172.767 770.721
1227.111 770.911
1281.709 771.731
1336.706 771.061
1390.910 771.541
1445.670 771.626
1500.618 771.799
1555.040 771.846
1609.014 772.050
1663.632 772.107
1718.046 772.277
299.544 823.176
354.713 823.070
408.988 823.152
463.805 823.346
517.788 823.380
572.603 823.506
627.102 823.563
681.700 823.677
736.110 823.762
790.847 824.318
845.504 824.369
899.882 824.522
954.175 824.630
1008.904 824.801
1063.598 825.013
1117.972 824.982
1172.598 825.103
1227.120 825.536
1281.722 825.828
1336.490 825.732
1390.871 825.892
1445.148 826.050
1499.734 826.109
1554.170 826.261
1608.695 826.423
1663.886 826.418
1717.758 827.011
1773.147 826.966
299.553 877.840
354.779 877.424
408.538 877.900
463.747 877.997
517.931 878.140
572.686 878.158
626.820 878.348
681.655 878.400
735.945 878.515
790.587 878.614
845.031 878.742
899.744 878.872
954.137 879.324
1008.797 879.449
1063.154 879.566
1117.827 879.653
1172.511 879.774
1226.981 879.830
1281.543 880.036
1335.933 880.090
1390.614 880.601
1445.555 880.672
1499.842 880.797
1554.019 880.888
1608.770 881.020
1663.938 881.124
1717.588 881.405
1772.926 881.334
299.527 932.091
354.733 932.117
408.295 932.196
462.970 932.322
517.740 932.464
571.840 932.564
626.861 932.648
681.048 932.814
735.833 933.266
790.611 933.397
844.911 933.462
899.622 933.621
953.981 933.693
1008.612 933.804
1063.029 933.935
1117.758 934.047
1172.046 934.519
1226.783 934.680
1281.630 934.683
1335.923 934.911
1390.732 934.982
1444.866 935.132
1499.931 935.254
1554.179 935.354
1608.916 935.426
1663.848 935.848
1717.358 936.044
1772.722 936.139
299.459 986.785
354.662 986.793
408.343 986.925
462.696 987.053
517.362 987.119
571.805 987.238
626.826 987.331
681.041 987.476
735.761 987.583
790.411 987.698
844.851 987.827
899.443 987.939
953.970 988.298
1008.513 988.510
1062.938 988.680
1117.665 988.916
1172.006 988.899
1226.693 989.171
1281.087 989.192
1335.769 989.599
1390.470 989.640
1444.686 989.802
1499.781 989.921
1554.570 990.024
1608.964 990.157
1663.609 990.336
1716.921 990.442
1772.541 990.507
299.382 1041.106
354.610 1041.118
408.237 1041.304
462.575 1041.468
517.225 1041.467
571.776 1041.664
626.733 1041.792
681.103 1042.207
735.634 1042.273
790.410 1042.376
844.733 1042.523
899.292 1042.611
953.659 1042.766
1008.394 1042.925
1062.876 1043.117
1117.586 1043.159
1171.947 1043.588
1226.512 1043.670
1280.993 1043.804
1335.531 1043.926
1390.241 1044.094
1444.829 1044.229
1499.450 1044.270
1554.089 1044.483
1608.875 1044.862
1663.128 1045.004
1716.898 1045.132
1772.031 1045.228
299.274 1095.885
354.117 1095.477
407.680 1096.085
462.631 1096.139
517.273 1096.179
571.531 1096.305
626.604 1096.469
680.756 1096.575
735.518 1096.622
790.240 1096.802
844.663 1096.922
899.289 1096.975
953.608 1097.438
1008.322 1097.583
1062.755 1097.787
1117.396 1097.836
1171.865 1097.983
1226.425 1098.068
1280.846 1098.551
1335.528 1098.622
1389.864 1098.756
1444.502 1098.863
1499.447 1098.971
1554.499 1099.123
1608.867 1099.263
1663.053 1099.322
1716.703 1099.776
1771.941 1099.877
299.148 1150.298
353.940 1150.077
407.596 1150.434
462.839 1150.478
517.508 1150.571
571.786 1150.649
626.250 1150.801
680.825 1151.219
735.424 1151.367
789.814 1151.635
844.503 1151.544
898.811 1151.717
953.492 1151.866
1008.265 1152.104
1062.585 1152.153
1117.339 1152.574
1171.654 1152.740
1226.260 1152.824
1280.844 1152.893
1335.494 1153.074
1389.769 1153.233
1444.620 1153.294
1499.223 1153.371
1553.602 1153.775
1608.447 1153.965
1663.111 1154.137
1716.597 1154.065
1771.919 1154.317
299.111 1205.218
353.710 1204.498
408.231 1205.113
462.776 1205.056
516.806 1205.205
571.518 1205.328
626.328 1205.426
680.644 1205.570
735.321 1205.702
789.689 1205.919
844.400 1205.934
898.685 1206.423
953.492 1206.550
1007.905 1206.669
1062.436 1206.796
1116.829 1206.915
1171.553 1207.096
1226.256 1207.152
1280.603 1207.227
1335.340 1207.787
1389.753 1207.774
1444.342 1207.982
1498.853 1208.114
1553.516 1208.214
1607.569 1208.266
1662.725 1208.472
1716.601 1208.407
1772.527 1209.095
353.400 1259.290
408.410 1259.217
461.826 1259.624
516.653 1259.767
571.378 1259.794
625.776 1259.873
680.431 1260.321
735.322 1260.412
789.594 1260.577
843.823 1260.693
898.634 1260.786
953.366 1260.875
1007.712 1261.050
1062.395 1261.196
1116.738 1261.614
1171.375 1261.749
1225.807 1261.866
1280.524 1261.968
1334.863 1262.087
1389.682 1262.226
1444.365 1262.374
1498.712 1262.780
1553.597 1262.946
1608.286 1263.083
1661.868 1263.006
1716.789 1263.246
353.133 1314.200
408.605 1314.120
462.222 1314.419
517.263 1314.142
571.309 1314.389
625.707 1314.658
680.414 1314.745
734.771 1314.814
789.537 1314.874
843.868 1315.366
898.538 1315.509
953.275 1315.569
1007.610 1315.710
1062.308 1315.930
1116.581 1315.860
1171.275 1316.116
1225.754 1316.516
1280.395 1316.648
1334.752 1316.844
1389.671 1316.835
1444.233 1317.008
1498.633 1317.104
1552.712 1317.104
1607.819 1317.811
1661.733 1317.306
1717.323 1318.013
407.531 1368.397
462.541 1368.343
516.309 1369.232
571.318 1369.043
625.742 1369.145
680.306 1369.423
734.679 1369.532
789.375 1369.505
843.718 1369.668
898.404 1369.891
952.854 1369.758
1007.502 1370.327
1061.911 1370.534
1116.534 1370.585
1171.266 1370.740
1225.596 1370.843
1280.261 1371.086
1334.678 1371.534
1389.311 1371.208
1443.581 1371.567
1498.573 1371.875
1553.498 1372.050
1607.186 1371.843
1661.877 1372.113
407.248 1423.427
462.278 1423.037
516.558 1423.264
570.663 1423.657
625.613 1423.475
680.257 1423.750
734.540 1423.950
789.246 1423.943
843.632 1424.365
898.333 1424.441
952.777 1424.821
1007.407 1424.872
1061.785 1424.932
1116.435 1425.152
1170.783 1425.236
1225.517 1425.623
1279.841 1425.654
1334.563 1425.955
1389.266 1425.814
1443.768 1426.204
1498.330 1426.077
1552.819 1426.274
1607.097 1426.273
1662.472 1426.950
461.564 1478.243
516.530 1477.477
571.222 1478.008
625.283 1478.542
679.898 1478.226
734.426 1478.688
789.162 1478.511
843.620 1479.263
898.146 1478.760
952.563 1478.800
1007.330 1479.424
1061.627 1479.626
1116.314 1479.694
1170.692 1479.426
1225.438 1480.077
1279.844 1479.962
1334.455 1480.715
1389.113 1480.239
1443.561 1480.845
1498.393 1480.957
1552.285 1480.665
1607.435 1481.173
516.176 1532.591
570.779 1532.265
625.524 1532.413
679.531 1533.453
734.474 1532.643
789.034 1533.427
843.472 1533.739
898.115 1533.483
952.501 1533.369
1007.109 1533.585
1061.540 1533.660
1116.298 1533.834
1170.624 1533.834
1225.381 1534.775
1279.660 1534.847
1334.122 1534.792
1389.260 1535.301
1443.337 1534.984
1497.587 1534.970
1552.533 1535.372
570.478 1587.592
625.276 1587.243
679.842 1587.149
734.248 1587.757
788.517 1588.494
843.367 1587.823
898.061 1587.632
952.345 1587.805
1007.035 1588.322
1061.429 1588.515
1116.100 1588.575
1170.470 1588.458
1225.057 1588.717
1279.708 1589.704
1333.944 1589.664
1388.374 1589.069
1443.207 1589.604
1498.250 1590.114
625.186 1642.553
679.471 1642.250
734.316 1641.614
789.000 1641.528
843.314 1642.265
897.920 1642.685
952.351 1643.050
1007.042 1643.625
1061.341 1643.805
1116.088 1643.883
1170.444 1643.962
1225.124 1643.630
1279.242 1643.167
1333.711 1643.662
1388.611 1644.145
1443.518 1644.926
734.127 1697.442
788.490 1696.876
843.069 1696.785
897.574 1696.769
952.320 1696.801
1006.578 1696.887
1061.269 1697.036
1115.563 1697.422
1170.196 1697.632
1224.605 1697.870
1279.380 1698.193
1334.367 1698.949
843.257 1752.778
898.043 1752.702
952.241 1752.634
1006.989 1752.738
1061.252 1752.891
1115.992 1752.888
1170.342 1753.102
1225.319 1753.292
