844.045 278.960
898.834 279.226
953.193 279.271
1007.827 279.778
1062.191 279.872
1116.949 279.916
1171.706 279.914
1226.063 279.931
734.962 333.698
789.674 333.944
843.977 334.144
898.746 334.141
953.094 334.229
1007.739 334.701
1062.098 334.904
1116.792 334.994
1171.084 335.125
1225.883 335.188
1280.159 335.162
1334.971 335.027
625.749 387.274
680.264 387.997
734.841 387.926
788.984 387.279
843.827 387.856
898.243 388.142
952.980 388.281
1007.236 388.797
1061.946 388.838
1116.815 388.820
1171.006 388.715
1225.895 388.900
1280.083 389.766
1334.280 390.145
1389.156 390.059
1444.129 389.858
571.129 441.988
625.271 442.136
679.241 441.835
734.243 442.055
789.134 442.870
843.307 442.674
898.068 442.249
952.826 442.882
1007.167 442.967
1061.891 442.997
1116.227 443.031
1171.027 443.757
1225.282 444.133
1279.997 444.160
1334.897 443.807
1388.966 444.800
1443.308 444.901
1498.715 444.287
516.245 496.270
570.870 496.722
624.959 496.079
679.964 497.174
734.128 496.831
788.991 497.217
843.244 497.179
897.982 497.078
952.762 497.308
1007.061 497.757
1061.834 497.852
1116.177 497.929
1170.837 498.196
1225.195 498.954
1279.961 498.252
1334.192 499.116
1389.134 498.785
1443.296 499.207
1497.889 499.783
1552.946 499.197
461.795 550.998
515.894 550.722
570.244 550.904
625.102 551.113
679.712 551.026
734.089 551.274
788.817 551.849
843.235 551.716
897.800 552.213
952.209 552.227
1006.984 552.719
1061.313 552.731
1116.031 552.747
1170.728 552.685
1225.164 553.249
1279.863 553.002
1334.136 553.199
1388.863 553.765
1443.821 553.296
1497.935 553.909
1552.188 554.310
1607.231 554.063
407.036 605.150
461.186 605.161
515.890 605.225
570.183 605.303
624.999 605.946
679.296 605.885
734.027 606.047
788.314 606.311
843.005 606.187
897.888 606.821
952.171 606.266
1006.877 606.764
1061.245 606.983
1115.848 607.341
1170.671 607.735
1224.987 607.765
1279.766 607.795
1334.066 608.007
1388.692 608.203
1443.205 608.221
1497.966 608.264
1552.125 608.905
1606.836 609.075
1661.926 608.890
407.063 659.876
460.739 659.734
515.896 659.921
570.683 660.143
624.781 660.107
679.309 660.254
733.942 660.728
788.680 660.855
843.067 660.910
897.675 661.242
951.923 661.125
1006.643 661.220
1061.104 661.952
1115.865 661.867
1170.190 661.922
1224.852 662.043
1279.291 662.164
1333.970 662.264
1388.317 662.767
1442.965 663.010
1497.719 663.070
1552.753 662.918
1606.171 663.332
1661.143 663.682
352.069 713.973
406.700 714.053
461.111 714.232
515.227 714.231
569.867 714.723
624.273 714.871
679.202 714.972
733.780 715.072
788.095 715.135
842.771 715.705
897.288 715.657
951.936 715.909
1006.260 716.058
1061.040 716.077
1115.288 716.220
1170.126 716.645
1224.813 716.774
1279.146 717.002
1333.807 717.036
1388.268 717.131
1442.969 717.198
1497.297 717.695
1551.853 717.985
1606.988 717.840
1660.747 718.203
1715.992 718.057
352.214 768.769
405.805 768.705
461.004 768.893
515.766 769.060
569.966 769.128
624.318 769.267
678.922 769.671
733.653 769.750
788.079 769.851
842.830 770.021
897.109 770.133
951.838 770.670
1006.167 770.790
1060.850 770.890
1115.301 770.908
1169.903 771.008
1224.251 771.160
1278.822 771.953
1333.666 771.346
1388.177 771.849
1442.879 771.969
1497.232 772.074
1552.105 772.122
1606.875 772.293
1660.325 772.797
1715.724 772.835
297.034 822.841
352.042 823.054
405.963 823.173
460.142 823.270
514.951 823.703
569.676 823.806
624.241 823.903
678.843 823.952
733.238 824.175
787.941 824.261
842.273 824.708
897.089 824.897
951.726 824.904
1006.035 825.088
1060.759 825.261
1115.167 825.645
1169.790 825.797
1224.184 825.921
1278.960 826.162
1333.206 826.100
1388.013 826.272
1442.280 826.306
1497.295 826.777
1552.068 826.877
1606.092 827.049
1660.248 827.135
1715.099 827.276
1770.894 827.143
297.062 877.258
351.762 877.276
406.216 877.900
460.713 877.902
515.004 878.016
569.828 878.114
624.006 878.684
678.821 878.741
733.189 878.855
787.768 879.056
842.196 879.078
896.962 879.211
951.268 879.653
1005.888 879.753
1060.658 879.899
1115.060 880.013
1169.698 880.122
1224.148 880.190
1278.841 880.314
1333.258 880.783
1387.938 880.813
1442.241 881.007
1496.826 881.086
1551.666 881.203
1605.801 881.684
1660.837 881.805
1714.911 881.965
1770.258 881.927
297.080 931.967
350.970 932.037
406.151 932.118
460.835 932.290
515.095 932.780
569.072 932.902
624.154 932.966
678.678 933.079
732.938 933.317
787.679 933.741
842.166 933.723
896.748 934.017
951.111 934.076
1005.694 934.213
1060.228 934.254
1114.931 934.702
1169.281 934.878
1224.018 934.969
1278.666 935.096
1333.037 935.190
1387.697 935.314
1442.661 935.794
1496.784 935.852
1550.971 935.949
1605.684 936.049
1660.914 936.098
1714.647 936.349
1770.090 936.797
297.045 986.277
350.741 986.786
405.993 986.897
460.701 987.019
514.739 987.102
569.007 987.208
623.823 987.333
678.335 987.782
732.953 987.875
787.307 988.001
841.843 988.197
896.711 988.277
951.092 988.666
1005.757 988.927
1060.086 989.083
1114.915 989.104
1169.234 989.273
1223.851 989.650
1278.288 989.774
1332.950 989.916
1387.692 990.062
1442.238 990.071
1496.827 990.241
1550.961 990.314
1605.691 990.784
1660.929 990.985
1714.241 991.092
1769.896 991.099
296.899 1041.050
350.213 1041.122
405.948 1041.292
460.685 1041.687
514.707 1041.799
568.874 1041.940
623.774 1042.110
678.207 1042.225
732.894 1042.300
787.214 1042.758
841.849 1042.860
896.197 1042.982
950.929 1043.113
1005.309 1043.258
1059.997 1043.675
1114.731 1043.692
1168.965 1043.967
1223.825 1044.014
1278.237 1044.196
1332.969 1044.278
1387.722 1044.727
1441.796 1044.816
1496.929 1044.950
1550.992 1045.125
1605.670 1045.146
1660.766 1045.231
1714.087 1045.675
1769.811 1045.815
296.725 1095.707
350.298 1095.923
405.859 1095.959
460.079 1096.129
514.742 1096.241
568.842 1096.280
623.728 1096.830
677.999 1096.887
732.684 1097.031
786.967 1097.157
841.814 1097.246
896.155 1097.631
950.901 1097.801
1005.150 1097.965
1059.871 1098.048
1114.238 1098.182
1168.896 1098.642
1223.639 1098.675
1278.064 1098.872
1332.663 1098.997
1387.203 1099.020
1441.806 1099.211
1496.708 1099.322
1550.799 1099.712
1605.176 1099.904
1660.757 1099.977
1713.884 1099.985
1769.693 1100.178
296.201 1150.009
350.856 1150.209
405.272 1150.274
459.307 1150.798
513.974 1150.904
568.892 1150.996
623.214 1151.112
677.950 1151.304
732.181 1151.694
786.880 1151.911
841.668 1151.907
896.028 1152.087
950.812 1152.168
1005.047 1152.644
1059.746 1152.851
1114.172 1152.919
1168.918 1153.035
1223.204 1153.141
1277.927 1153.291
1332.283 1153.691
1387.153 1153.822
1441.657 1153.883
1496.004 1154.025
1550.674 1154.137
1604.886 1154.242
1660.096 1154.760
1713.941 1154.655
1769.715 1155.038
295.966 1204.735
351.040 1204.827
404.760 1205.079
459.123 1205.180
513.865 1205.237
568.187 1205.309
623.223 1205.844
677.815 1205.939
732.074 1206.098
786.849 1206.194
841.246 1206.645
895.895 1206.697
950.298 1206.944
1005.014 1207.019
1059.751 1207.120
1114.044 1207.288
1168.792 1207.623
1223.134 1207.759
1277.781 1207.891
1332.176 1208.053
1386.826 1208.196
1441.775 1208.297
1496.198 1208.683
1550.999 1208.803
1605.052 1208.883
1659.224 1208.898
1714.076 1209.110
1769.807 1209.792
350.904 1259.175
404.185 1259.871
459.806 1259.862
514.167 1260.049
568.809 1260.105
623.019 1260.268
677.735 1260.224
732.181 1260.772
786.750 1260.916
841.125 1261.017
895.831 1261.161
950.260 1261.246
1004.863 1261.648
1059.277 1261.765
1114.001 1262.027
1168.292 1262.101
1223.060 1262.223
1277.743 1262.320
1332.201 1262.672
1386.770 1262.837
1441.040 1262.915
1495.732 1263.082
1550.206 1263.252
1605.698 1263.789
1658.892 1263.635
1714.122 1263.879
350.172 1313.834
405.225 1314.179
459.239 1314.134
513.199 1314.717
568.036 1314.847
622.807 1314.984
677.300 1315.047
731.990 1315.103
786.334 1315.227
841.075 1315.718
895.788 1315.826
950.072 1316.005
1004.787 1316.145
1059.156 1316.278
1113.835 1316.666
1168.198 1316.755
1222.864 1316.862
1277.282 1317.040
1331.962 1317.179
1386.888 1317.176
1441.285 1317.666
1495.991 1317.821
1550.038 1317.746
1604.795 1318.001
1659.007 1317.978
1714.774 1318.765
404.990 1368.261
458.735 1369.060
513.963 1368.816
568.139 1369.075
622.696 1369.303
677.162 1369.728
731.810 1369.740
786.185 1369.815
840.877 1370.022
895.295 1370.308
949.971 1370.305
1004.653 1370.335
1059.037 1370.728
1113.767 1371.132
1168.097 1371.068
1222.853 1371.248
1277.083 1371.686
1331.811 1371.771
1386.291 1371.846
1440.705 1371.885
1495.140 1372.075
1550.728 1372.719
1604.055 1372.171
1659.158 1372.817
404.334 1423.036
459.246 1423.026
513.045 1423.929
568.080 1423.676
622.692 1423.904
677.019 1424.221
731.748 1424.112
786.070 1424.271
840.914 1424.944
895.221 1424.766
949.869 1424.743
1004.282 1424.969
1058.874 1425.089
1113.327 1425.017
1167.919 1425.854
1222.690 1425.908
1277.067 1425.950
1331.727 1426.256
1386.127 1426.131
1440.925 1426.708
1495.316 1426.799
1549.778 1426.784
1604.147 1426.940
1659.762 1427.696
459.023 1477.790
513.709 1477.877
567.282 1478.760
622.764 1478.123
676.844 1478.981
731.727 1478.764
786.021 1479.045
840.690 1478.950
895.149 1479.710
949.703 1479.922
1004.169 1479.957
1058.828 1480.112
1113.179 1480.315
1167.857 1480.176
1222.299 1480.652
1276.955 1480.731
1331.698 1481.006
1385.923 1480.870
1440.850 1481.183
1495.143 1481.164
1549.204 1481.023
1604.674 1481.839
513.254 1532.217
567.961 1532.258
621.958 1533.226
676.930 1532.936
731.175 1533.687
785.902 1533.734
840.237 1533.148
895.013 1533.793
949.725 1534.158
1003.990 1534.706
1058.683 1534.822
1113.155 1534.824
1167.728 1534.216
1222.202 1534.973
1276.895 1535.295
1331.018 1535.006
1386.053 1535.988
1440.240 1535.249
1494.799 1535.317
1549.802 1536.045
567.772 1587.151
622.266 1587.077
676.684 1587.888
731.095 1588.172
785.893 1587.725
840.183 1587.892
894.911 1588.645
949.223 1588.996
1003.867 1589.171
1058.319 1589.314
1112.967 1589.662
1167.708 1588.986
1221.986 1588.903
1276.887 1589.989
1330.835 1590.095
1385.285 1589.720
1440.092 1589.964
1495.087 1590.806
621.968 1642.044
676.814 1641.854
731.153 1641.892
785.781 1642.753
839.996 1643.196
894.793 1643.749
949.091 1643.774
1003.875 1643.835
1058.157 1643.984
1112.895 1644.173
1167.700 1644.757
1221.981 1644.230
1276.186 1643.825
1330.908 1643.993
1385.692 1644.731
1440.749 1645.168
730.906 1696.931
785.682 1696.854
840.054 1696.849
894.734 1696.886
949.009 1697.000
1003.686 1697.167
1058.102 1697.290
1112.822 1697.704
1167.085 1697.814
1221.751 1698.113
1276.261 1698.792
1331.007 1699.217
839.860 1752.267
894.229 1752.270
948.872 1752.300
1003.272 1752.780
1058.050 1752.925
1112.700 1753.096
1167.123 1753.159
1221.873 1753.832
