846.335 278.555
901.264 278.783
956.005 278.912
1010.361 279.005
1065.042 279.538
1119.347 279.593
1174.179 279.630
1228.438 279.697
737.209 332.694
792.059 333.060
846.894 333.709
901.239 333.975
955.901 333.986
1010.193 334.505
1064.953 334.649
1119.227 334.738
1174.028 334.817
1228.379 334.859
1283.046 334.845
1337.416 334.779
628.084 386.828
682.950 387.538
737.213 387.652
792.044 387.863
846.300 387.059
900.988 387.673
955.397 387.862
1010.077 387.943
1064.860 388.074
1119.221 388.046
1173.925 388.007
1228.348 388.592
1283.028 389.004
1337.214 389.817
1391.917 389.835
1446.929 389.660
573.336 441.030
628.300 441.892
682.920 441.880
736.995 441.583
791.800 441.961
846.194 442.772
900.914 441.964
955.275 442.077
1010.036 442.581
1064.380 442.708
1119.104 442.796
1173.442 443.114
1228.130 443.833
1282.402 443.986
1337.343 443.544
1391.939 443.926
1446.084 444.312
1501.122 444.131
518.930 495.756
573.476 496.570
628.120 496.496
682.233 496.018
737.079 496.844
791.645 496.554
846.165 496.976
900.835 496.974
955.157 496.866
1009.818 497.026
1064.270 497.513
1119.056 497.658
1173.334 497.912
1228.065 498.602
1282.400 497.999
1337.149 498.588
1391.863 498.672
1446.292 498.722
1500.678 499.206
1555.320 498.969
464.080 550.043
519.122 550.827
572.964 549.990
628.024 550.787
682.100 550.704
737.053 551.046
791.657 551.016
846.092 551.639
900.723 551.590
954.974 551.834
1009.753 551.895
1064.145 551.980
1118.900 551.993
1173.217 552.098
1227.985 552.939
1282.290 552.696
1336.952 552.967
1391.834 552.923
1446.093 553.118
1501.046 553.120
1554.930 553.956
1609.977 553.466
408.987 604.653
464.335 604.855
518.550 604.816
573.214 605.548
627.710 605.013
682.195 605.770
736.878 605.735
791.545 605.741
845.901 605.972
900.530 606.559
954.945 606.627
1009.729 606.586
1064.045 606.761
1118.846 607.085
1173.125 606.947
1227.809 607.101
1282.204 607.575
1336.830 607.689
1391.513 607.845
1446.151 607.736
1500.724 608.098
1555.228 608.019
1609.571 608.794
1664.308 608.265
409.670 659.088
464.135 659.695
518.085 659.583
572.891 659.646
627.798 659.908
682.148 660.035
736.725 660.087
791.106 660.096
845.797 660.634
900.535 660.764
954.830 661.000
1009.701 661.163
1063.953 661.572
1118.703 661.505
1173.010 661.577
1227.741 661.777
1282.086 661.865
1336.788 662.038
1391.105 662.157
1445.904 662.311
1500.682 662.335
1555.156 662.426
1609.616 663.003
1663.869 663.135
354.618 713.617
409.763 713.818
463.575 713.699
518.643 714.066
572.939 714.047
627.578 714.494
681.965 714.701
736.643 714.748
790.985 714.837
845.620 714.969
900.013 715.106
954.802 715.141
1009.103 715.704
1063.848 715.785
1118.523 715.801
1172.839 716.080
1227.586 716.024
1281.988 716.692
1336.604 716.712
1391.037 716.878
1445.718 716.967
1500.169 717.076
1554.786 717.222
1609.954 717.121
1663.533 717.921
1718.646 717.889
354.709 768.387
409.726 768.551
463.115 768.531
517.898 768.682
572.727 768.743
627.018 768.932
681.756 769.007
736.530 769.085
790.979 769.565
845.561 769.680
899.950 769.773
954.622 769.947
1008.993 770.515
1063.716 770.591
1118.024 770.657
1172.763 770.697
1227.113 770.893
1281.714 771.720
1336.723 771.054
1390.925 771.515
1445.663 771.620
1500.624 771.791
1555.032 771.832
1609.027 772.021
1663.659 772.094
1718.039 772.260
299.566 822.611
354.721 822.731
408.987 822.777
463.795 822.989
517.790 823.042
572.614 823.512
627.131 823.566
681.691 823.688
736.119 823.766
790.853 823.998
845.510 824.073
899.894 824.520
954.179 824.639
1008.899 824.804
1063.613 825.013
1117.984 824.978
1172.614 825.105
1227.123 825.546
1281.719 825.820
1336.187 825.761
1390.876 825.912
1445.162 826.061
1499.741 826.111
1554.176 826.271
1608.695 826.430
1663.891 826.425
1717.762 827.007
1773.145 826.959
299.564 877.350
354.783 877.087
408.547 877.511
463.764 877.652
517.939 877.773
572.692 877.820
626.837 878.016
681.664 878.069
735.947 878.521
790.596 878.603
845.046 878.735
899.756 878.879
954.139 879.016
1008.804 879.159
1063.148 879.553
1117.826 879.631
1172.511 879.763
1226.991 879.824
1281.564 880.034
1335.941 880.091
1390.635 880.590
1445.564 880.675
1499.843 880.784
1554.038 880.885
1608.775 881.020
1663.931 881.121
1717.579 881.391
1772.931 881.324
299.537 931.676
354.736 931.794
407.907 931.837
462.984 931.975
517.758 932.128
571.850 932.568
626.847 932.627
681.052 932.800
735.828 932.973
790.629 933.094
844.919 933.171
899.622 933.620
953.982 933.690
1008.611 933.802
1063.048 933.940
1117.763 934.053
1172.062 934.536
1226.790 934.685
1281.648 934.698
1335.933 934.908
1390.755 934.991
1444.885 935.136
1499.939 935.267
1554.184 935.370
1608.933 935.441
1663.854 935.870
1717.069 936.042
1772.725 936.151
299.060 986.353
354.679 986.419
407.961 986.536
462.687 986.671
517.016 986.759
571.810 986.865
626.840 986.994
681.054 987.127
735.755 987.561
790.113 987.696
844.852 987.791
899.159 987.920
953.976 987.981
1008.511 988.495
1062.960 988.667
1117.672 988.896
1172.011 988.869
1226.696 989.155
1281.089 989.161
1335.766 989.579
1390.153 989.621
1444.692 989.779
1499.786 989.900
1554.584 990.018
1608.975 990.138
1663.611 990.306
1716.929 990.422
1772.541 990.819
298.991 1040.715
354.628 1040.780
407.873 1040.930
462.574 1041.103
516.904 1041.124
571.788 1041.650
626.745 1041.789
681.107 1041.888
735.648 1041.975
790.114 1042.083
844.741 1042.530
899.013 1042.599
953.674 1042.763
1008.120 1042.929
1062.892 1043.127
1117.596 1043.151
1171.962 1043.580
1226.505 1043.667
1280.999 1043.809
1335.540 1043.919
1389.954 1044.095
1444.840 1044.228
1499.137 1044.253
1554.097 1044.483
1608.885 1044.860
1663.126 1044.986
1716.912 1045.125
1772.035 1045.222
298.882 1095.503
354.129 1095.151
407.686 1095.719
462.646 1095.793
516.947 1095.860
571.535 1095.999
626.631 1096.149
680.767 1096.588
735.535 1096.625
789.948 1096.803
844.677 1096.928
899.024 1096.980
953.606 1097.162
1008.054 1097.577
1062.758 1097.781
1117.119 1097.833
1171.878 1097.977
1226.133 1098.065
1280.850 1098.546
1335.534 1098.617
1389.869 1098.752
1444.510 1098.871
1499.151 1098.985
1554.214 1099.099
1608.861 1099.268
1663.056 1099.326
1716.708 1099.792
1771.956 1099.882
298.705 1149.844
353.949 1149.763
407.592 1150.042
462.849 1150.130
517.502 1150.591
571.806 1150.675
625.928 1150.815
680.831 1150.938
735.122 1151.059
789.826 1151.637
844.507 1151.555
898.824 1151.730
953.212 1151.871
1007.997 1152.107
1062.619 1152.167
1117.060 1152.596
1171.670 1152.747
1225.989 1152.848
1280.850 1152.909
1335.200 1153.090
1389.776 1153.238
1444.618 1153.286
1498.935 1153.373
1553.618 1153.796
1608.137 1153.956
1663.121 1154.153
1716.612 1154.078
1771.925 1154.320
298.554 1204.680
353.719 1204.184
407.869 1204.762
462.785 1204.728
516.827 1204.869
571.532 1205.018
626.018 1205.124
680.656 1205.574
735.016 1205.734
789.696 1205.921
844.115 1205.935
898.680 1206.144
953.199 1206.571
1007.911 1206.657
1062.175 1206.790
1116.839 1206.918
1171.552 1207.088
1225.979 1207.159
1280.630 1207.229
1335.072 1207.785
1389.758 1207.773
1444.062 1207.992
1498.864 1208.105
1553.519 1208.204
1607.574 1208.263
1662.732 1208.460
1716.619 1208.418
1772.532 1209.089
353.047 1258.916
408.063 1258.871
461.831 1259.611
516.672 1259.775
571.049 1259.794
625.778 1259.864
680.127 1260.021
735.014 1260.105
789.601 1260.574
843.832 1260.694
898.652 1260.776
953.072 1260.869
1007.717 1261.050
1062.136 1261.193
1116.750 1261.608
1171.095 1261.749
1225.819 1261.876
1280.537 1261.962
1334.884 1262.085
1389.690 1262.216
1444.095 1262.356
1498.705 1262.775
1553.601 1262.938
1607.977 1263.077
1661.869 1262.998
1716.801 1263.241
352.712 1313.741
408.614 1313.770
461.821 1314.016
516.927 1313.809
570.974 1314.070
625.706 1314.630
680.083 1314.752
734.771 1314.798
789.542 1314.856
843.890 1315.064
898.548 1315.494
953.000 1315.564
1007.622 1315.706
1062.025 1315.908
1116.603 1315.846
1170.996 1316.108
1225.759 1316.508
1280.117 1316.652
1334.754 1316.840
1389.659 1316.827
1443.959 1316.997
1498.638 1317.091
1552.716 1317.111
1607.820 1317.824
1661.741 1317.294
1716.938 1318.003
407.522 1368.035
462.568 1367.998
515.950 1368.849
570.997 1368.688
625.755 1368.814
679.971 1369.094
734.680 1369.504
789.057 1369.494
843.713 1369.651
898.090 1369.871
952.854 1369.752
1007.518 1370.029
1061.929 1370.521
1116.538 1370.542
1171.005 1370.727
1225.613 1370.831
1279.982 1371.074
1334.685 1371.538
1389.008 1371.188
1443.589 1371.541
1498.571 1371.851
1553.179 1372.042
1606.892 1371.824
1661.890 1372.085
406.804 1422.964
461.980 1422.736
516.556 1422.885
570.678 1423.638
625.618 1423.124
679.932 1423.741
734.537 1423.920
788.944 1423.922
843.648 1424.054
898.048 1424.122
952.786 1424.806
1007.113 1424.863
1061.783 1424.929
1116.151 1425.138
1170.791 1425.222
1225.517 1425.617
1279.849 1425.625
1334.570 1425.951
1388.974 1425.795
1443.772 1426.187
1498.028 1426.053
1552.809 1426.251
1606.866 1426.257
1662.080 1426.916
461.590 1477.800
516.549 1477.180
570.884 1477.683
624.937 1478.534
679.894 1477.894
734.091 1478.691
788.866 1478.521
843.638 1478.967
897.848 1478.757
952.567 1478.809
1007.046 1479.129
1061.627 1479.618
1116.028 1479.687
1170.705 1479.143
1225.127 1480.077
1279.849 1479.965
1334.153 1480.720
1388.814 1480.214
1443.565 1480.840
1498.021 1480.949
1552.011 1480.673
1607.122 1481.168
515.777 1532.596
570.798 1531.965
625.538 1532.067
679.532 1533.075
734.149 1532.645
788.713 1533.094
843.154 1533.734
897.808 1533.177
952.505 1533.052
1006.814 1533.594
1061.567 1533.653
1116.012 1533.842
1170.639 1533.844
1225.067 1534.774
1279.668 1534.846
1333.825 1534.784
1388.932 1535.287
1443.016 1534.970
1497.584 1534.970
1552.548 1535.372
570.022 1587.620
624.985 1586.943
679.843 1586.835
733.878 1587.760
788.535 1588.153
843.054 1587.829
897.741 1587.658
952.027 1587.812
1006.754 1588.018
1061.103 1588.519
1115.795 1588.591
1170.163 1588.151
1224.765 1588.735
1279.714 1589.706
1333.584 1589.666
1388.073 1589.068
1442.949 1589.605
1497.897 1590.134
624.680 1642.578
679.113 1641.902
734.036 1641.633
788.706 1641.545
842.986 1641.946
897.578 1642.678
951.998 1643.021
1006.697 1643.636
1060.989 1643.814
1115.759 1643.900
1170.105 1643.962
1224.796 1643.638
1278.943 1643.173
1333.713 1643.649
1388.596 1644.142
1443.499 1644.923
733.675 1696.993
788.148 1696.865
842.774 1696.768
897.571 1696.744
952.044 1696.790
1006.581 1696.879
1060.987 1697.025
1115.567 1697.138
1169.935 1697.618
1224.628 1697.847
1279.062 1698.193
1333.936 1698.928
842.681 1752.795
897.531 1752.701
951.804 1752.645
1006.551 1752.741
1060.842 1752.892
1115.565 1752.878
1169.923 1753.095
1224.806 1753.288
