844.047 278.956
898.425 279.623
953.194 279.662
1007.470 279.798
1062.183 279.878
1116.958 279.901
1171.285 279.928
1226.086 279.923
734.963 333.706
789.341 333.977
843.974 334.156
898.373 334.540
953.103 334.632
1007.351 334.723
1062.115 334.927
1116.436 335.004
1171.090 335.153
1225.875 335.203
1280.172 335.162
1334.991 335.031
625.348 387.681
680.282 387.997
734.425 387.929
788.979 387.707
843.424 387.857
898.245 388.511
952.985 388.640
1007.240 388.791
1061.953 388.831
1116.433 388.815
1171.012 388.718
1225.494 388.897
1280.083 389.777
1334.277 390.158
1389.163 390.052
1444.124 389.846
571.138 441.990
625.283 442.508
679.252 441.854
734.250 442.057
789.125 442.880
843.298 442.681
898.083 442.623
952.473 442.895
1007.175 442.975
1061.906 443.012
1116.238 443.038
1171.024 443.767
1225.277 444.147
1279.994 444.171
1334.913 443.802
1388.966 444.441
1443.310 444.904
1498.303 444.290
516.255 496.634
570.476 496.739
624.975 496.088
679.959 497.555
734.130 496.834
788.994 497.587
843.251 497.562
897.987 497.089
952.408 497.662
1007.072 497.764
1061.483 497.860
1116.182 497.927
1170.495 498.554
1225.212 498.972
1279.973 498.600
1334.210 499.125
1389.146 498.794
1443.300 499.203
1497.895 499.483
1552.945 499.197
461.445 551.030
515.916 550.748
570.263 550.931
625.113 551.518
679.333 551.045
734.092 551.651
788.841 551.885
843.251 551.739
897.793 552.588
952.213 552.589
1006.987 552.751
1061.315 552.745
1116.046 552.747
1170.387 552.714
1225.163 553.251
1279.879 553.025
1334.139 553.200
1388.858 553.415
1443.449 553.319
1497.938 553.921
1552.200 554.307
1607.235 554.074
407.066 605.504
461.176 605.576
515.879 605.601
570.212 605.700
625.008 605.946
679.294 605.894
734.021 606.036
788.655 606.636
843.004 606.530
897.899 606.818
952.172 606.599
1006.883 606.770
1061.243 606.995
1115.846 607.662
1170.352 607.738
1224.993 607.773
1279.434 607.803
1334.068 608.010
1388.699 608.209
1443.209 608.215
1497.991 608.266
1552.126 608.900
1606.822 609.069
1661.940 608.452
407.071 659.898
460.733 659.759
515.906 659.953
570.326 660.532
624.801 660.134
679.301 660.620
733.954 660.760
788.682 660.889
843.070 660.942
897.689 661.573
951.937 661.165
1006.644 661.560
1061.090 661.976
1115.864 661.894
1170.201 661.956
1224.863 662.067
1279.295 662.192
1333.976 662.295
1388.635 662.477
1442.975 663.041
1497.719 663.097
1552.404 662.953
1606.499 663.366
1661.148 663.397
352.076 713.991
406.705 714.067
461.128 714.617
515.592 714.585
569.843 714.731
624.637 714.864
679.198 714.970
733.779 715.069
788.105 715.481
842.785 715.711
897.613 715.662
951.923 715.917
1006.584 716.056
1061.053 716.077
1115.593 716.524
1170.132 716.657
1224.801 716.781
1279.135 717.012
1333.809 717.057
1388.591 717.138
1442.973 717.204
1497.610 717.369
1551.861 718.002
1606.984 717.463
1660.754 718.222
1716.006 718.062
352.215 768.790
405.799 768.731
461.001 768.912
515.764 769.088
569.981 769.501
624.663 769.617
678.929 769.693
733.663 769.772
788.076 769.864
842.834 770.027
897.119 770.151
951.852 770.690
1006.150 770.809
1060.846 770.902
1115.606 770.921
1169.913 771.028
1224.577 771.169
1278.821 771.970
1333.656 771.648
1388.177 771.856
1442.904 771.961
1497.561 772.105
1552.106 772.127
1606.879 772.305
1660.630 772.801
1715.723 772.841
297.044 822.850
352.050 823.050
405.962 823.549
460.534 823.633
514.963 823.697
569.687 823.825
624.576 823.906
678.856 823.951
733.561 824.486
787.954 824.586
842.602 824.710
897.104 824.901
951.728 824.916
1006.043 825.087
1060.772 825.539
1115.175 825.664
1169.805 825.805
1224.179 825.933
1278.954 826.156
1333.495 826.096
1388.008 826.278
1442.594 826.312
1497.614 826.469
1552.090 826.888
1606.097 827.044
1660.601 827.130
1715.110 827.277
1770.355 827.141
297.066 877.624
351.794 877.685
406.586 877.926
460.711 877.939
515.016 878.047
569.830 878.132
624.005 878.712
678.825 878.758
733.518 878.867
787.760 879.087
842.507 879.098
896.975 879.517
951.597 879.681
1005.899 879.779
1060.663 879.906
1115.050 880.030
1169.694 880.135
1224.148 880.222
1278.847 880.602
1333.555 880.798
1387.946 880.829
1442.540 881.024
1496.852 881.102
1551.675 881.222
1605.811 881.381
1660.832 881.459
1714.914 881.971
1770.239 881.942
297.086 931.996
350.975 932.057
406.151 932.492
460.842 932.642
515.105 932.794
569.073 932.918
624.158 932.997
678.681 933.092
732.956 933.637
787.688 933.749
842.174 933.730
896.750 934.025
951.120 934.085
1005.700 934.222
1060.511 934.529
1114.937 934.704
1169.554 934.892
1224.010 934.981
1278.664 935.118
1333.032 935.216
1387.708 935.318
1442.660 935.816
1496.795 935.879
1550.997 935.964
1605.690 936.048
1660.899 936.109
1714.645 936.357
1770.104 936.392
297.059 986.601
350.739 986.802
405.992 986.905
460.723 987.032
514.749 987.099
569.015 987.549
623.843 987.663
678.637 987.793
732.937 987.882
787.617 988.003
841.845 988.490
896.712 988.566
951.104 988.676
1005.756 988.921
1060.098 989.095
1114.911 989.098
1169.509 989.542
1223.844 989.660
1278.589 989.779
1332.953 989.920
1387.700 990.060
1442.544 990.068
1496.838 990.243
1550.953 990.318
1605.675 990.489
1660.928 990.990
1714.532 991.098
1769.885 991.099
296.911 1041.072
350.640 1041.547
405.960 1041.641
460.684 1041.711
514.719 1041.819
568.869 1041.951
623.780 1042.133
678.526 1042.543
732.882 1042.600
787.515 1042.758
841.856 1042.867
896.196 1042.992
950.922 1043.125
1005.584 1043.530
1060.005 1043.683
1114.725 1043.710
1168.974 1043.989
1223.835 1044.028
1278.533 1044.217
1332.972 1044.302
1387.729 1044.470
1441.804 1044.835
1496.930 1044.950
1551.006 1045.143
1605.680 1045.152
1660.757 1045.234
1714.097 1045.411
1769.821 1045.444
296.724 1095.722
350.708 1095.924
405.860 1095.983
460.086 1096.144
514.741 1096.589
568.859 1096.608
623.728 1096.842
678.000 1096.891
732.671 1097.039
786.973 1097.180
841.815 1097.524
896.150 1097.643
950.906 1097.803
1005.147 1097.961
1059.885 1098.055
1114.526 1098.200
1168.894 1098.628
1223.655 1098.671
1278.065 1098.865
1332.668 1099.004
1387.200 1099.021
1441.802 1099.212
1496.724 1099.314
1550.797 1099.414
1605.516 1099.907
1660.753 1099.986
1713.886 1099.989
1769.699 1100.185
296.546 1150.010
350.865 1150.580
405.621 1150.621
459.637 1150.797
513.983 1150.892
568.893 1151.011
623.530 1151.119
677.946 1151.603
732.181 1151.696
786.879 1151.919
841.672 1151.916
896.016 1152.101
950.810 1152.194
1005.044 1152.647
1059.745 1152.853
1114.171 1152.938
1168.918 1153.051
1223.213 1153.154
1277.922 1153.314
1332.574 1153.431
1387.154 1153.822
1441.645 1153.886
1495.996 1154.036
1550.662 1154.160
1604.896 1154.243
1660.121 1154.439
1713.934 1154.389
1769.723 1155.053
295.963 1204.767
351.033 1204.844
404.780 1205.080
459.125 1205.541
513.856 1205.594
568.512 1205.641
623.535 1205.846
677.807 1205.971
732.061 1206.115
786.845 1206.503
841.532 1206.665
895.900 1206.705
950.589 1206.957
1005.025 1207.033
1059.756 1207.115
1114.041 1207.575
1168.783 1207.647
1223.140 1207.779
1277.784 1207.913
1332.171 1208.069
1386.851 1208.217
1441.766 1208.323
1496.504 1208.393
1551.007 1208.815
1605.066 1208.901
1659.537 1208.925
1714.073 1209.131
1769.818 1209.347
350.895 1259.503
404.571 1259.902
459.815 1259.893
514.511 1260.076
568.808 1260.119
623.029 1260.608
677.723 1260.546
732.170 1260.804
786.745 1260.944
841.132 1261.033
895.829 1261.187
950.542 1261.552
1004.864 1261.666
1059.561 1261.793
1113.999 1262.050
1168.568 1262.114
1223.080 1262.249
1277.748 1262.351
1332.203 1262.415
1386.786 1262.843
1441.050 1262.938
1495.740 1263.107
1550.502 1263.280
1605.700 1263.806
1658.903 1263.385
1714.114 1263.917
350.518 1313.841
405.634 1314.569
459.587 1314.141
513.543 1314.702
568.033 1314.839
622.808 1314.987
677.628 1315.040
731.998 1315.106
786.648 1315.532
841.085 1315.705
895.787 1315.817
950.081 1315.993
1004.786 1316.150
1059.154 1316.546
1113.830 1316.665
1168.194 1316.767
1222.865 1316.861
1277.573 1317.041
1331.949 1317.166
1386.879 1317.175
1441.569 1317.382
1495.991 1317.820
1550.023 1317.460
1604.791 1317.994
1659.017 1317.975
1714.768 1318.337
404.987 1368.572
458.729 1369.070
513.961 1368.845
568.148 1369.083
622.699 1369.624
677.160 1369.740
731.823 1369.755
786.188 1369.815
840.877 1370.028
895.609 1370.602
949.954 1370.582
1004.643 1370.599
1059.036 1370.734
1113.778 1371.125
1168.118 1371.072
1222.852 1371.243
1277.090 1371.708
1331.801 1371.771
1386.583 1371.853
1440.714 1371.875
1495.156 1372.075
1550.739 1372.392
1604.054 1372.173
1659.162 1372.826
404.673 1423.057
459.579 1423.033
513.023 1423.936
568.084 1423.689
622.700 1423.919
677.002 1424.573
731.744 1424.136
786.075 1424.587
840.907 1424.955
895.513 1424.774
949.874 1424.754
1004.564 1424.987
1058.872 1425.102
1113.631 1425.041
1167.914 1425.876
1222.693 1425.921
1277.067 1425.978
1331.734 1426.265
1386.127 1426.167
1440.920 1426.415
1495.620 1426.801
1549.783 1426.478
1604.138 1426.956
1659.769 1427.289
459.048 1477.785
513.710 1477.876
567.650 1478.758
622.760 1478.128
676.835 1478.984
731.726 1478.773
786.022 1479.038
840.700 1478.950
895.161 1479.705
949.707 1479.924
1004.176 1479.961
1058.839 1480.108
1113.181 1480.608
1167.855 1480.181
1222.604 1480.661
1276.952 1480.753
1331.692 1481.009
1385.925 1480.878
1440.826 1481.201
1495.151 1481.177
1549.212 1481.036
1604.675 1481.835
513.563 1532.535
567.968 1532.618
621.959 1533.632
676.933 1532.969
731.495 1533.715
785.911 1533.763
840.569 1533.188
895.008 1533.825
949.722 1534.195
1003.990 1534.717
1058.690 1534.837
1113.158 1534.856
1167.737 1534.231
1222.214 1535.003
1276.891 1535.314
1331.012 1535.040
1386.052 1536.025
1440.560 1535.270
1494.795 1535.334
1549.808 1536.067
567.783 1587.493
622.572 1587.077
676.694 1587.906
731.098 1588.519
785.893 1587.739
840.501 1587.918
894.902 1588.670
949.536 1589.015
1003.870 1589.189
1058.625 1589.656
1112.966 1589.694
1167.708 1588.996
1222.000 1588.925
1276.893 1590.024
1330.822 1590.123
1385.575 1589.726
1440.095 1589.963
1495.098 1590.466
621.962 1642.060
676.810 1641.873
731.163 1641.884
785.787 1642.763
839.987 1643.564
894.786 1643.754
949.093 1643.769
1003.868 1643.833
1058.165 1643.996
1112.893 1644.172
1167.708 1644.418
1221.985 1644.236
1276.185 1643.824
1330.898 1643.995
1385.695 1644.441
1440.743 1645.178
730.909 1696.943
785.678 1696.857
840.048 1696.845
894.741 1696.898
949.017 1697.002
1003.679 1697.161
1058.105 1697.580
1112.826 1697.712
1167.106 1697.817
1221.753 1698.105
1276.570 1698.797
1331.017 1699.213
839.867 1752.683
894.622 1752.660
948.884 1752.644
1003.619 1752.765
1058.043 1752.914
1112.716 1753.079
1167.511 1753.161
1221.885 1753.344
