844.081 278.920
898.741 279.337
953.365 279.431
1007.770 279.667
1062.290 279.798
1116.919 279.806
1171.503 279.860
1226.158 279.840
734.950 333.519
789.517 333.930
843.968 334.234
898.611 334.240
953.141 334.388
1007.589 334.556
1062.204 334.889
1116.687 335.028
1171.113 335.233
1225.844 335.276
1280.251 335.235
1334.978 335.009
625.580 387.484
680.414 388.018
734.738 387.869
788.971 387.476
843.732 387.778
898.399 388.247
952.973 388.459
1007.378 388.681
1061.944 388.763
1116.722 388.755
1171.037 388.572
1225.858 388.844
1280.134 389.662
1334.427 390.243
1389.243 390.079
1444.242 389.744
571.212 442.012
625.467 442.193
679.412 441.740
734.402 442.092
789.216 442.785
843.493 442.508
898.132 442.390
952.741 442.834
1007.284 442.991
1061.865 443.036
1116.369 443.053
1171.058 443.641
1225.434 444.237
1279.994 444.261
1334.857 443.714
1388.940 444.721
1443.461 444.857
1498.549 444.483
516.373 496.419
570.824 496.556
624.952 496.130
679.954 497.279
734.207 496.728
788.997 497.354
843.374 497.284
898.006 497.161
952.659 497.464
1007.123 497.673
1061.766 497.807
1116.283 497.908
1170.792 498.300
1225.319 498.944
1279.952 498.389
1334.294 499.194
1389.221 498.695
1443.476 499.334
1497.845 499.697
1552.941 499.296
461.676 551.054
515.859 550.588
570.424 550.908
625.188 551.268
679.573 551.115
734.160 551.439
788.742 551.823
843.375 551.611
897.701 552.380
952.316 552.384
1006.993 552.630
1061.472 552.640
1116.079 552.671
1170.599 552.568
1225.259 553.403
1279.836 553.032
1334.185 553.324
1388.798 553.647
1443.694 553.470
1497.893 553.876
1552.287 554.446
1607.400 554.103
407.097 605.218
461.299 605.256
515.821 605.356
570.303 605.479
625.024 605.921
679.465 605.822
734.014 606.033
788.474 606.436
843.021 606.271
897.848 606.716
952.258 606.382
1006.841 606.644
1061.351 606.968
1115.809 607.480
1170.529 607.580
1224.986 607.644
1279.650 607.667
1334.103 608.005
1388.572 608.259
1443.299 608.305
1497.968 608.397
1552.192 608.844
1606.773 609.076
1661.917 608.758
407.118 659.797
460.577 659.532
515.848 659.854
570.549 660.208
624.700 660.178
679.447 660.357
733.919 660.578
788.538 660.772
843.127 660.864
897.542 661.340
951.903 661.201
1006.509 661.321
1061.162 661.922
1115.835 661.819
1170.296 661.909
1224.804 662.068
1279.431 662.243
1333.966 662.362
1388.453 662.648
1442.946 663.011
1497.605 663.096
1552.643 662.882
1606.257 663.488
1661.222 663.541
352.136 713.958
406.510 714.101
461.199 714.398
515.353 714.388
569.796 714.608
624.438 714.835
679.324 714.987
733.674 715.130
788.180 715.242
842.695 715.587
897.423 715.534
951.908 715.884
1006.379 716.102
1061.078 716.108
1115.421 716.329
1170.192 716.522
1224.739 716.721
1279.231 717.019
1333.739 717.070
1388.400 717.199
1442.933 717.310
1497.441 717.578
1551.795 718.004
1607.005 717.776
1660.631 718.324
1716.035 718.103
352.331 768.653
405.676 768.520
461.004 768.849
515.664 769.076
569.982 769.206
624.466 769.413
678.918 769.549
733.538 769.631
788.123 769.772
842.770 770.024
897.166 770.211
951.791 770.545
1006.239 770.698
1060.792 770.850
1115.442 770.850
1169.898 771.052
1224.382 771.235
1278.710 771.954
1333.507 771.472
1388.239 771.792
1442.848 771.946
1497.310 772.154
1552.147 772.169
1606.825 772.444
1660.452 772.709
1715.616 772.763
297.067 822.768
352.094 823.077
405.949 823.323
460.246 823.442
514.950 823.575
569.531 823.738
624.372 823.856
678.800 823.957
733.346 824.245
787.951 824.431
842.422 824.595
897.176 824.856
951.613 824.888
1006.051 825.124
1060.692 825.370
1115.244 825.535
1169.729 825.722
1224.262 825.912
1278.951 826.221
1333.285 826.162
1388.016 826.395
1442.409 826.458
1497.422 826.702
1552.104 826.830
1606.142 827.062
1660.373 827.195
1715.166 827.418
1770.820 827.268
297.104 877.413
351.645 877.489
406.336 877.870
460.584 877.881
515.019 878.034
569.756 878.200
624.015 878.592
678.737 878.626
733.291 878.822
787.640 879.096
842.263 879.125
896.970 879.322
951.372 879.555
1005.875 879.687
1060.550 879.887
1115.074 880.039
1169.591 880.192
1224.229 880.282
1278.804 880.442
1333.372 880.731
1387.908 880.782
1442.351 881.030
1496.770 881.149
1551.509 881.310
1605.713 881.555
1660.759 881.723
1714.884 881.972
1770.481 881.878
297.118 931.987
350.944 932.088
406.222 932.197
460.776 932.469
515.163 932.694
569.135 932.870
624.239 932.979
678.538 933.135
732.928 933.477
787.565 933.643
842.242 933.629
896.648 934.016
951.171 934.145
1005.602 934.314
1060.309 934.377
1114.909 934.608
1169.386 934.830
1224.020 934.969
1278.562 935.166
1333.061 935.292
1387.605 935.447
1442.526 935.727
1496.716 935.818
1550.974 935.944
1605.545 936.049
1660.862 936.164
1714.533 936.470
1770.176 936.647
297.096 986.430
350.572 986.654
405.997 986.871
460.559 987.036
514.630 987.161
569.052 987.316
623.784 987.488
678.462 987.722
732.939 987.825
787.444 988.026
841.801 988.278
896.610 988.388
951.151 988.529
1005.656 988.895
1060.123 989.114
1114.891 989.133
1169.318 989.365
1223.796 989.528
1278.414 989.707
1332.933 989.895
1387.593 990.079
1442.331 990.089
1496.773 990.338
1550.930 990.446
1605.547 990.705
1660.879 990.958
1714.341 991.124
1769.808 991.149
296.879 1041.111
350.317 1041.208
405.950 1041.464
460.530 1041.583
514.575 1041.723
568.810 1041.901
623.685 1042.206
678.310 1042.352
732.844 1042.422
787.303 1042.691
841.789 1042.812
896.289 1042.984
950.903 1043.168
1005.436 1043.363
1060.015 1043.568
1114.649 1043.590
1168.972 1043.977
1223.779 1044.010
1278.327 1044.283
1332.946 1044.419
1387.614 1044.664
1441.733 1044.770
1496.903 1044.943
1551.020 1045.177
1605.527 1045.233
1660.663 1045.339
1714.115 1045.573
1769.731 1045.706
296.605 1095.602
350.497 1095.868
405.821 1095.954
460.137 1096.195
514.629 1096.380
568.807 1096.397
623.611 1096.771
677.992 1096.834
732.563 1097.044
786.966 1097.224
841.749 1097.322
896.224 1097.515
950.877 1097.725
1005.201 1097.948
1059.845 1098.034
1114.317 1098.255
1168.863 1098.503
1223.549 1098.569
1278.087 1098.836
1332.553 1098.997
1387.275 1099.023
1441.719 1099.271
1496.596 1099.419
1550.715 1099.584
1605.263 1099.855
1660.648 1099.965
1713.844 1099.985
1769.548 1100.290
296.306 1150.000
350.792 1150.338
405.419 1150.432
459.452 1150.705
513.984 1150.851
568.860 1151.028
623.316 1151.157
677.938 1151.430
732.269 1151.569
786.844 1151.897
841.554 1151.862
896.048 1152.153
950.745 1152.237
1005.078 1152.542
1059.654 1152.807
1114.225 1152.902
1168.909 1153.082
1223.283 1153.205
1277.888 1153.436
1332.396 1153.595
1387.208 1153.749
1441.528 1153.862
1495.991 1154.056
1550.538 1154.225
1604.842 1154.351
1660.172 1154.677
1713.924 1154.548
1769.570 1155.056
295.938 1204.621
351.071 1204.762
404.661 1205.121
459.182 1205.282
513.797 1205.372
568.299 1205.453
623.334 1205.790
677.746 1205.942
732.102 1206.139
786.788 1206.296
841.339 1206.524
895.861 1206.596
950.432 1206.937
1005.017 1207.019
1059.660 1207.174
1114.057 1207.412
1168.711 1207.513
1223.163 1207.675
1277.711 1207.877
1332.253 1208.091
1386.764 1208.273
1441.672 1208.423
1496.282 1208.554
1551.018 1208.732
1605.084 1208.836
1659.302 1208.868
1714.119 1209.157
1769.633 1209.667
350.870 1259.258
404.287 1259.826
459.729 1259.843
514.259 1260.123
568.714 1260.155
623.019 1260.427
677.594 1260.347
732.269 1260.707
786.677 1260.886
841.154 1261.053
895.760 1261.249
950.368 1261.372
1004.825 1261.538
1059.396 1261.717
1113.996 1262.061
1168.408 1262.150
1223.098 1262.304
1277.663 1262.442
1332.265 1262.531
1386.708 1262.781
1441.055 1262.910
1495.615 1263.152
1550.275 1263.384
1605.578 1263.716
1658.847 1263.527
1714.185 1263.858
350.262 1313.773
405.358 1314.289
459.352 1314.228
513.300 1314.578
568.039 1314.782
622.709 1315.004
677.435 1315.082
731.990 1315.176
786.485 1315.346
841.116 1315.593
895.708 1315.757
950.108 1315.984
1004.713 1316.207
1059.225 1316.405
1113.779 1316.538
1168.256 1316.666
1222.793 1316.813
1277.385 1317.050
1331.915 1317.260
1386.833 1317.234
1441.385 1317.529
1495.989 1317.735
1550.016 1317.628
1604.695 1318.011
1659.026 1317.967
1714.609 1318.606
404.996 1368.387
458.571 1369.135
513.946 1368.739
568.234 1369.102
622.558 1369.451
677.241 1369.625
731.737 1369.650
786.262 1369.755
840.846 1370.051
895.422 1370.429
949.960 1370.423
1004.519 1370.460
1059.071 1370.644
1113.687 1371.172
1168.156 1371.107
1222.806 1371.338
1277.110 1371.580
1331.739 1371.694
1386.403 1371.801
1440.610 1371.821
1495.218 1372.105
1550.624 1372.589
1604.063 1372.216
1659.218 1372.764
404.489 1423.077
459.387 1423.038
513.059 1423.907
568.134 1423.535
622.557 1423.881
677.013 1424.349
731.644 1424.173
786.105 1424.388
840.898 1424.930
895.315 1424.709
949.827 1424.656
1004.387 1424.960
1058.832 1425.150
1113.488 1425.034
1167.869 1425.817
1222.558 1425.862
1277.094 1425.925
1331.641 1426.360
1386.193 1426.190
1440.878 1426.599
1495.442 1426.706
1549.654 1426.699
1604.194 1426.926
1659.593 1427.506
459.053 1477.698
513.561 1477.805
567.436 1478.631
622.664 1478.173
676.767 1478.980
731.619 1478.654
786.036 1479.069
840.565 1478.926
895.220 1479.600
949.601 1479.866
1004.241 1479.936
1058.768 1480.149
1113.242 1480.425
1167.806 1480.227
1222.398 1480.529
1276.935 1480.650
1331.570 1481.005
1385.906 1480.828
1440.751 1481.268
1495.218 1481.223
1549.279 1481.020
1604.506 1481.752
513.346 1532.329
567.951 1532.381
621.917 1533.399
676.896 1532.939
731.245 1533.549
785.889 1533.621
840.345 1533.229
895.002 1533.718
949.603 1534.239
1003.994 1534.600
1058.584 1534.761
1113.225 1534.769
1167.618 1534.297
1222.273 1534.972
1276.856 1535.434
1331.023 1535.045
1386.067 1536.002
1440.349 1535.355
1494.720 1535.429
1549.728 1536.085
567.667 1587.246
622.379 1587.126
676.513 1587.874
731.133 1588.249
785.841 1587.624
840.263 1587.885
894.842 1588.513
949.306 1589.010
1003.837 1589.259
1058.461 1589.483
1112.942 1589.551
1167.595 1588.969
1221.985 1588.905
1276.867 1590.023
1330.730 1590.187
1385.388 1589.632
1440.127 1589.969
1495.160 1590.722
621.931 1642.105
676.732 1641.805
731.219 1641.826
785.663 1642.656
839.987 1643.311
894.691 1643.621
949.123 1643.671
1003.816 1643.764
1058.239 1643.975
1112.850 1644.269
1167.561 1644.646
1221.959 1644.339
1276.259 1643.755
1330.861 1643.987
1385.559 1644.638
1440.568 1645.343
730.871 1696.922
785.554 1696.815
840.075 1696.762
894.629 1696.843
949.017 1696.978
1003.579 1697.220
1058.150 1697.373
1112.748 1697.582
1167.128 1697.755
1221.665 1698.157
1276.362 1698.720
1331.015 1699.343
839.764 1752.477
894.375 1752.458
948.836 1752.458
1003.407 1752.681
1058.061 1752.912
1112.560 1753.135
1167.185 1753.262
1221.814 1753.682
