844.069 278.905
898.727 279.361
953.330 279.433
1007.752 279.669
1062.298 279.781
1116.921 279.839
1171.497 279.865
1226.166 279.832
734.950 333.530
789.494 333.932
843.945 334.232
898.590 334.252
953.153 334.390
1007.586 334.533
1062.179 334.860
1116.678 335.007
1171.126 335.196
1225.835 335.279
1280.250 335.221
1334.979 335.032
625.575 387.460
680.439 388.012
734.693 387.875
788.961 387.476
843.701 387.757
898.381 388.241
952.970 388.455
1007.376 388.689
1061.937 388.742
1116.718 388.737
1171.034 388.540
1225.868 388.832
1280.149 389.660
1334.424 390.216
1389.242 390.066
1444.212 389.731
571.221 442.011
625.440 442.213
679.400 441.731
734.406 442.104
789.230 442.784
843.489 442.503
898.131 442.423
952.718 442.863
1007.281 442.993
1061.867 443.042
1116.358 443.057
1171.052 443.644
1225.468 444.228
1280.000 444.258
1334.861 443.736
1388.941 444.721
1443.459 444.878
1498.532 444.473
516.378 496.419
570.763 496.536
624.957 496.126
679.912 497.284
734.195 496.716
788.979 497.367
843.409 497.272
897.997 497.133
952.630 497.464
1007.109 497.645
1061.778 497.778
1116.275 497.888
1170.777 498.267
1225.334 498.944
1279.946 498.392
1334.295 499.188
1389.232 498.673
1443.461 499.313
1497.849 499.692
1552.960 499.289
461.657 551.012
515.836 550.539
570.420 550.869
625.172 551.237
679.526 551.074
734.140 551.420
788.749 551.829
843.388 551.572
897.712 552.382
952.336 552.351
1006.982 552.601
1061.473 552.601
1116.086 552.644
1170.576 552.534
1225.239 553.373
1279.825 553.004
1334.202 553.296
1388.812 553.599
1443.673 553.453
1497.915 553.849
1552.295 554.442
1607.405 554.083
407.086 605.210
461.291 605.266
515.817 605.372
570.312 605.465
625.019 605.897
679.459 605.802
734.040 606.026
788.482 606.416
843.026 606.275
897.852 606.700
952.253 606.388
1006.844 606.632
1061.358 606.955
1115.796 607.465
1170.513 607.596
1224.995 607.618
1279.643 607.693
1334.103 607.998
1388.568 608.272
1443.309 608.287
1497.960 608.372
1552.199 608.826
1606.784 609.065
1661.904 608.718
407.110 659.792
460.568 659.540
515.836 659.869
570.537 660.225
624.707 660.157
679.477 660.363
733.908 660.568
788.528 660.764
843.102 660.858
897.548 661.336
951.905 661.180
1006.506 661.296
1061.152 661.929
1115.835 661.808
1170.296 661.878
1224.817 662.069
1279.424 662.226
1333.955 662.373
1388.489 662.648
1442.951 663.006
1497.580 663.112
1552.616 662.879
1606.268 663.499
1661.225 663.546
352.108 713.956
406.527 714.104
461.214 714.396
515.377 714.385
569.782 714.628
624.460 714.843
679.316 714.964
733.672 715.137
788.156 715.244
842.683 715.592
897.444 715.533
951.893 715.895
1006.419 716.081
1061.075 716.103
1115.441 716.340
1170.180 716.518
1224.743 716.717
1279.199 717.024
1333.751 717.076
1388.424 717.194
1442.936 717.309
1497.431 717.562
1551.796 718.005
1606.991 717.740
1660.642 718.304
1716.053 718.099
352.329 768.655
405.661 768.517
460.991 768.844
515.656 769.108
569.976 769.210
624.490 769.393
678.899 769.540
733.523 769.629
788.114 769.766
842.766 770.009
897.164 770.205
951.796 770.550
1006.242 770.710
1060.785 770.844
1115.470 770.863
1169.882 771.038
1224.399 771.220
1278.729 771.947
1333.514 771.488
1388.253 771.780
1442.867 771.938
1497.370 772.129
1552.166 772.159
1606.838 772.419
1660.472 772.729
1715.628 772.739
297.066 822.765
352.072 823.071
405.944 823.295
460.286 823.439
514.961 823.555
569.539 823.731
624.378 823.844
678.784 823.930
733.362 824.239
787.965 824.435
842.436 824.571
897.156 824.858
951.622 824.878
1006.058 825.123
1060.698 825.350
1115.238 825.522
1169.712 825.710
1224.281 825.906
1278.947 826.219
1333.279 826.150
1388.017 826.381
1442.429 826.440
1497.445 826.690
1552.105 826.827
1606.139 827.060
1660.408 827.207
1715.176 827.407
1770.776 827.297
297.102 877.415
351.623 877.481
406.356 877.863
460.576 877.859
515.020 878.041
569.737 878.190
624.013 878.600
678.738 878.613
733.302 878.792
787.650 879.092
842.292 879.116
896.986 879.321
951.396 879.533
1005.860 879.695
1060.547 879.889
1115.063 880.034
1169.595 880.176
1224.212 880.276
1278.797 880.449
1333.387 880.721
1387.913 880.772
1442.378 881.050
1496.782 881.157
1551.520 881.320
1605.698 881.549
1660.742 881.706
1714.900 881.965
1770.496 881.918
297.146 931.973
350.938 932.099
406.219 932.212
460.768 932.467
515.157 932.701
569.127 932.868
624.248 932.991
678.551 933.112
732.926 933.496
787.562 933.642
842.237 933.617
896.660 934.022
951.184 934.132
1005.604 934.324
1060.354 934.365
1114.911 934.588
1169.408 934.820
1224.015 934.966
1278.554 935.161
1333.058 935.289
1387.601 935.445
1442.529 935.722
1496.714 935.825
1550.984 935.927
1605.559 936.048
1660.884 936.163
1714.537 936.480
1770.177 936.646
297.078 986.437
350.576 986.659
405.972 986.862
460.574 987.035
514.622 987.159
569.052 987.341
623.772 987.482
678.461 987.689
732.933 987.845
787.462 987.999
841.808 988.288
896.631 988.384
951.165 988.517
1005.657 988.877
1060.127 989.116
1114.897 989.113
1169.354 989.364
1223.799 989.520
1278.416 989.692
1332.925 989.885
1387.588 990.089
1442.356 990.076
1496.779 990.323
1550.942 990.446
1605.565 990.660
1660.891 990.961
1714.370 991.133
1769.840 991.155
296.905 1041.073
350.371 1041.187
405.937 1041.452
460.532 1041.546
514.554 1041.698
568.829 1041.888
623.676 1042.174
678.305 1042.324
732.853 1042.426
787.333 1042.659
841.787 1042.792
896.287 1042.975
950.912 1043.130
1005.457 1043.324
1060.021 1043.557
1114.641 1043.594
1168.961 1043.945
1223.770 1044.012
1278.366 1044.260
1332.955 1044.385
1387.620 1044.615
1441.728 1044.756
1496.895 1044.915
1551.012 1045.170
1605.555 1045.200
1660.678 1045.322
1714.126 1045.536
1769.730 1045.679
296.616 1095.593
350.528 1095.857
405.797 1095.938
460.131 1096.183
514.616 1096.390
568.799 1096.401
623.629 1096.755
677.986 1096.823
732.547 1097.045
786.969 1097.237
841.735 1097.333
896.210 1097.501
950.852 1097.728
1005.210 1097.945
1059.850 1098.038
1114.360 1098.244
1168.866 1098.492
1223.545 1098.559
1278.079 1098.819
1332.561 1098.985
1387.285 1099.023
1441.711 1099.271
1496.604 1099.399
1550.725 1099.565
1605.264 1099.854
1660.657 1099.986
1713.845 1099.986
1769.560 1100.267
296.349 1150.004
350.814 1150.319
405.434 1150.419
459.463 1150.690
513.979 1150.821
568.886 1150.990
623.321 1151.129
677.925 1151.426
732.254 1151.544
786.845 1151.863
841.555 1151.844
896.056 1152.124
950.732 1152.215
1005.070 1152.519
1059.671 1152.784
1114.245 1152.876
1168.913 1153.055
1223.288 1153.187
1277.894 1153.402
1332.416 1153.547
1387.212 1153.723
1441.533 1153.821
1495.983 1154.046
1550.545 1154.196
1604.837 1154.345
1660.172 1154.632
1713.924 1154.512
1769.549 1155.047
295.929 1204.601
351.050 1204.748
404.673 1205.118
459.189 1205.280
513.805 1205.368
568.306 1205.456
623.353 1205.764
677.738 1205.922
732.095 1206.137
786.786 1206.312
841.368 1206.520
895.861 1206.583
950.437 1206.933
1005.017 1207.015
1059.676 1207.152
1114.064 1207.407
1168.707 1207.512
1223.170 1207.673
1277.711 1207.876
1332.242 1208.101
1386.771 1208.286
1441.676 1208.427
1496.291 1208.541
1551.024 1208.710
1605.096 1208.835
1659.337 1208.871
1714.107 1209.142
1769.631 1209.643
350.868 1259.260
404.325 1259.796
459.729 1259.814
514.274 1260.088
568.729 1260.139
623.029 1260.418
677.580 1260.354
732.259 1260.680
786.682 1260.881
841.172 1261.052
895.754 1261.236
950.376 1261.380
1004.834 1261.527
1059.432 1261.731
1113.991 1262.059
1168.436 1262.134
1223.111 1262.309
1277.647 1262.442
1332.270 1262.548
1386.697 1262.780
1441.044 1262.912
1495.622 1263.151
1550.280 1263.373
1605.593 1263.719
1658.869 1263.514
1714.197 1263.856
350.270 1313.767
405.425 1314.254
459.386 1314.193
513.319 1314.555
568.044 1314.768
622.711 1314.963
677.455 1315.042
731.995 1315.143
786.497 1315.332
841.111 1315.572
895.703 1315.734
950.108 1315.981
1004.716 1316.201
1059.219 1316.395
1113.768 1316.539
1168.275 1316.650
1222.809 1316.798
1277.403 1317.032
1331.921 1317.238
1386.843 1317.222
1441.422 1317.503
1495.987 1317.722
1550.028 1317.625
1604.699 1317.995
1659.024 1317.962
1714.631 1318.562
404.980 1368.393
458.579 1369.139
513.963 1368.760
568.229 1369.102
622.568 1369.460
677.223 1369.613
731.745 1369.652
786.260 1369.751
840.826 1370.035
895.451 1370.425
949.962 1370.440
1004.521 1370.495
1059.072 1370.651
1113.663 1371.178
1168.159 1371.096
1222.806 1371.328
1277.123 1371.594
1331.728 1371.678
1386.425 1371.784
1440.611 1371.821
1495.224 1372.108
1550.633 1372.557
1604.058 1372.217
1659.237 1372.763
404.491 1423.052
459.399 1423.014
513.046 1423.865
568.114 1423.517
622.555 1423.863
677.015 1424.317
731.636 1424.152
786.097 1424.390
840.890 1424.923
895.355 1424.678
949.835 1424.644
1004.394 1424.937
1058.852 1425.132
1113.502 1425.028
1167.898 1425.802
1222.564 1425.873
1277.094 1425.914
1331.640 1426.352
1386.176 1426.189
1440.874 1426.573
1495.473 1426.689
1549.649 1426.662
1604.202 1426.922
1659.625 1427.489
459.038 1477.689
513.566 1477.789
567.465 1478.622
622.657 1478.162
676.750 1478.969
731.613 1478.632
786.042 1479.047
840.564 1478.906
895.234 1479.567
949.632 1479.849
1004.239 1479.928
1058.772 1480.131
1113.228 1480.417
1167.814 1480.219
1222.442 1480.504
1276.943 1480.628
1331.556 1480.988
1385.896 1480.810
1440.760 1481.249
1495.229 1481.221
1549.286 1481.028
1604.520 1481.759
513.382 1532.308
567.934 1532.379
621.944 1533.400
676.888 1532.902
731.255 1533.524
785.888 1533.619
840.370 1533.225
894.995 1533.691
949.594 1534.222
1004.009 1534.573
1058.592 1534.733
1113.217 1534.753
1167.614 1534.273
1222.291 1534.972
1276.862 1535.416
1331.022 1535.034
1386.087 1535.991
1440.359 1535.339
1494.742 1535.428
1549.724 1536.083
567.690 1587.247
622.403 1587.126
676.519 1587.874
731.116 1588.265
785.873 1587.626
840.287 1587.855
894.875 1588.504
949.337 1589.003
1003.828 1589.252
1058.477 1589.474
1112.936 1589.544
1167.577 1588.966
1221.984 1588.896
1276.852 1590.020
1330.732 1590.166
1385.418 1589.582
1440.139 1589.965
1495.164 1590.721
621.940 1642.082
676.751 1641.787
731.222 1641.812
785.687 1642.618
840.000 1643.304
894.699 1643.600
949.123 1643.655
1003.823 1643.753
1058.253 1643.984
1112.861 1644.246
1167.559 1644.608
1221.966 1644.321
1276.260 1643.725
1330.872 1643.985
1385.571 1644.596
1440.565 1645.326
730.867 1696.910
785.544 1696.794
840.079 1696.757
894.645 1696.818
949.019 1696.973
1003.581 1697.199
1058.163 1697.371
1112.767 1697.580
1167.121 1697.739
1221.644 1698.145
1276.406 1698.709
1331.025 1699.362
839.754 1752.484
894.379 1752.481
948.837 1752.466
1003.427 1752.663
1058.068 1752.876
1112.558 1753.130
1167.226 1753.273
1221.803 1753.627
