846.318 278.560
901.239 278.785
955.997 278.886
1010.363 279.009
1065.034 279.525
1119.337 279.600
1174.169 279.607
1228.423 279.695
737.193 332.699
792.056 333.054
846.875 333.704
901.235 333.971
955.882 333.990
1010.182 334.529
1064.951 334.686
1119.211 334.752
1174.022 334.838
1228.341 334.869
1283.028 334.847
1337.415 334.794
628.056 386.815
682.924 387.528
737.200 387.643
792.016 387.849
846.287 387.047
900.983 387.659
955.384 387.849
1010.055 387.934
1064.851 388.055
1119.202 388.035
1173.912 387.994
1228.335 388.591
1283.023 389.009
1337.218 389.824
1391.914 389.826
1446.928 389.643
573.325 441.014
628.298 441.875
682.890 441.866
736.977 441.569
791.774 441.952
846.183 442.769
900.904 441.961
955.262 442.070
1010.021 442.559
1064.361 442.697
1119.087 442.791
1173.431 443.113
1228.129 443.825
1282.388 443.971
1337.354 443.533
1391.929 443.909
1446.091 444.288
1501.126 444.109
518.906 495.765
573.453 496.581
628.100 496.092
682.225 496.013
737.076 496.850
791.617 496.579
846.171 496.996
900.817 496.987
955.142 496.885
1009.794 497.024
1064.272 497.522
1119.047 497.679
1173.331 497.935
1228.063 498.623
1282.397 498.016
1337.145 498.619
1391.859 498.669
1446.286 498.724
1500.687 499.207
1555.322 498.986
464.054 550.053
519.104 550.820
572.950 550.002
628.001 550.776
682.076 550.712
737.024 551.053
791.658 551.030
846.090 551.626
900.714 551.601
954.947 551.811
1009.752 551.881
1064.127 551.958
1118.903 551.993
1173.203 552.096
1227.984 552.941
1282.293 552.686
1336.962 552.969
1391.823 552.909
1446.083 553.111
1501.055 553.127
1554.932 553.942
1609.983 553.458
408.973 604.647
464.321 604.849
518.530 604.800
573.198 605.553
627.694 604.998
682.167 605.770
736.833 605.739
791.533 605.731
845.887 605.973
900.523 606.555
954.934 606.627
1009.717 606.572
1064.029 606.747
1118.840 607.076
1173.131 606.939
1227.790 607.090
1282.204 607.562
1336.835 607.676
1391.518 607.827
1446.140 607.728
1500.726 608.085
1555.231 608.021
1609.567 608.784
1664.297 608.251
409.656 659.066
464.118 659.678
518.061 659.562
572.885 659.643
627.775 659.890
682.128 660.048
736.719 660.104
791.111 660.096
845.789 660.629
900.517 660.766
954.814 661.002
1009.703 661.172
1063.954 661.563
1118.703 661.522
1173.003 661.585
1227.732 661.774
1282.073 661.872
1336.776 662.046
1391.101 662.168
1445.901 662.322
1500.684 662.350
1555.149 662.420
1609.620 663.005
1663.866 663.128
354.614 713.634
409.758 713.816
463.556 713.722
518.632 714.063
572.925 714.056
627.580 714.151
681.946 714.703
736.615 714.753
790.970 714.847
845.612 714.987
900.014 715.100
954.778 715.142
1009.096 715.721
1063.841 715.795
1118.522 715.800
1172.837 716.084
1227.584 716.045
1281.993 716.712
1336.607 716.719
1391.037 716.879
1445.728 716.968
1500.153 717.084
1554.791 717.234
1609.935 717.140
1663.518 717.924
1718.637 717.876
354.701 767.997
409.714 768.575
463.095 768.527
517.881 768.710
572.727 768.746
627.014 768.942
681.743 769.012
736.517 769.098
790.975 769.576
845.542 769.681
899.933 769.777
954.613 769.947
1008.985 770.516
1063.709 770.585
1118.007 770.670
1172.763 770.714
1227.093 770.916
1281.712 771.726
1336.700 771.054
1390.923 771.542
1445.655 771.615
1500.623 771.802
1555.028 771.850
1609.018 772.066
1663.659 772.113
1718.035 772.276
299.544 822.599
354.696 822.712
408.969 822.775
463.801 822.983
517.784 823.013
572.581 823.505
627.104 823.554
681.688 823.666
736.102 823.757
790.836 823.999
845.497 824.061
899.871 824.506
954.172 824.626
1008.901 824.796
1063.605 825.008
1117.976 824.969
1172.610 825.090
1227.110 825.547
1281.726 825.820
1336.180 825.742
1390.867 825.904
1445.150 826.062
1499.739 826.106
1554.181 826.269
1608.689 826.408
1663.886 826.416
1717.769 827.010
1773.153 826.972
299.561 876.859
354.769 877.083
408.537 877.506
463.757 877.651
517.917 877.768
572.667 877.815
626.831 878.022
681.655 878.070
735.937 878.524
790.572 878.602
845.038 878.732
899.743 878.882
954.120 879.012
1008.788 879.142
1063.147 879.551
1117.821 879.640
1172.498 879.763
1226.979 879.828
1281.543 880.031
1335.936 880.097
1390.621 880.580
1445.573 880.659
1499.837 880.785
1554.024 880.864
1608.766 881.018
1663.937 881.130
1717.584 881.392
1772.931 881.315
299.524 931.656
354.725 931.766
407.893 931.819
462.974 931.960
517.730 932.113
571.827 932.561
626.841 932.624
681.044 932.780
735.823 932.953
790.608 933.080
844.910 933.154
899.607 933.602
953.958 933.682
1008.605 933.784
1063.048 933.931
1117.753 934.040
1172.061 934.516
1226.779 934.668
1281.641 934.685
1335.930 934.903
1390.739 934.968
1444.874 935.133
1499.914 935.257
1554.194 935.363
1608.935 935.429
1663.850 935.859
1717.076 936.033
1772.733 936.164
299.044 985.938
354.639 986.081
407.950 986.552
462.690 986.677
517.010 986.782
571.807 986.870
626.806 986.993
681.043 987.136
735.748 987.564
790.088 987.691
844.849 987.809
899.141 987.931
953.964 987.985
1008.505 988.232
1062.936 988.661
1117.657 988.918
1172.006 988.879
1226.690 989.154
1281.081 989.193
1335.771 989.597
1390.148 989.631
1444.695 989.786
1499.785 989.909
1554.579 990.023
1608.973 990.154
1663.602 990.335
1716.923 990.433
1772.553 990.829
298.974 1040.706
354.606 1040.782
407.851 1040.924
462.572 1041.110
516.887 1041.129
571.787 1041.652
626.719 1041.806
681.092 1041.896
735.628 1041.969
790.098 1042.084
844.717 1042.531
899.001 1042.603
953.656 1042.763
1008.113 1042.934
1062.872 1043.116
1117.584 1043.145
1171.943 1043.574
1226.497 1043.667
1281.004 1043.797
1335.522 1043.916
1389.946 1044.087
1444.842 1044.231
1499.132 1044.249
1554.104 1044.487
1608.876 1044.855
1663.141 1044.987
1716.912 1045.129
1772.035 1045.217
298.851 1095.479
354.118 1095.143
407.658 1095.699
462.631 1095.772
516.940 1095.844
571.523 1095.986
626.608 1096.137
680.746 1096.562
735.521 1096.611
789.921 1096.787
844.668 1096.906
899.013 1096.982
953.603 1097.146
1008.057 1097.591
1062.754 1097.765
1117.109 1097.825
1171.862 1097.962
1226.130 1098.064
1280.848 1098.543
1335.524 1098.611
1389.860 1098.736
1444.503 1098.864
1499.134 1098.955
1554.203 1099.104
1608.867 1099.252
1663.047 1099.308
1716.704 1099.773
1771.949 1099.869
298.670 1149.853
353.926 1149.758
407.574 1150.040
462.829 1150.137
517.489 1150.589
571.785 1150.671
625.912 1150.809
680.816 1150.938
735.104 1151.062
789.818 1151.648
844.485 1151.536
898.804 1151.743
953.210 1151.891
1007.993 1152.101
1062.600 1152.147
1117.047 1152.597
1171.655 1152.751
1225.984 1152.840
1280.838 1152.904
1335.199 1153.108
1389.770 1153.234
1444.628 1153.301
1498.941 1153.374
1553.615 1153.791
1608.123 1153.961
1663.119 1154.161
1716.597 1154.086
1771.927 1154.345
298.547 1204.663
353.704 1204.166
407.847 1204.751
462.769 1204.716
516.806 1204.851
571.516 1204.992
626.002 1205.111
680.639 1205.566
735.003 1205.708
789.679 1205.913
844.107 1205.929
898.673 1206.143
953.195 1206.551
1007.910 1206.655
1062.165 1206.785
1116.832 1206.898
1171.530 1207.087
1225.973 1207.153
1280.615 1207.231
1335.071 1207.771
1389.757 1207.775
1444.049 1207.990
1498.839 1208.097
1553.526 1208.199
1607.572 1208.278
1662.714 1208.463
1716.616 1208.405
1772.530 1209.083
353.024 1258.933
408.060 1258.882
461.818 1259.607
516.644 1259.768
571.029 1259.797
625.763 1259.854
680.100 1260.016
735.010 1260.102
789.588 1260.586
843.812 1260.690
898.633 1260.783
953.070 1260.869
1007.710 1261.051
1062.108 1261.188
1116.735 1261.606
1171.096 1261.755
1225.805 1261.873
1280.519 1261.973
1334.884 1262.076
1389.685 1262.233
1444.097 1262.349
1498.712 1262.774
1553.608 1262.935
1607.965 1263.088
1661.874 1263.005
1716.792 1263.252
352.705 1313.748
408.606 1313.767
461.804 1314.020
516.904 1313.808
570.979 1314.067
625.695 1314.650
680.083 1314.754
734.775 1314.811
789.528 1314.855
843.850 1315.060
898.534 1315.203
952.978 1315.568
1007.605 1315.703
1062.025 1315.926
1116.586 1315.857
1170.987 1316.101
1225.750 1316.510
1280.114 1316.650
1334.749 1316.838
1389.664 1316.833
1443.934 1316.998
1498.640 1317.098
1552.709 1317.113
1607.829 1317.830
1661.747 1317.304
1716.941 1317.998
407.515 1368.049
462.547 1367.991
515.936 1368.851
570.969 1368.702
625.734 1368.803
679.964 1369.098
734.684 1369.515
789.047 1369.190
843.706 1369.667
898.092 1369.878
952.849 1369.763
1007.498 1370.054
1061.906 1370.533
1116.527 1370.577
1170.987 1370.738
1225.594 1370.844
1279.974 1371.079
1334.690 1371.549
1389.010 1371.192
1443.596 1371.571
1498.580 1371.871
1553.172 1372.057
1606.894 1371.838
1661.903 1372.101
406.785 1422.954
461.979 1422.733
516.550 1422.896
570.661 1423.633
625.600 1423.119
679.943 1423.739
734.529 1423.923
788.931 1423.950
843.630 1424.056
898.039 1424.143
952.790 1424.804
1007.101 1424.855
1061.787 1424.923
1116.151 1425.122
1170.790 1425.230
1225.517 1425.620
1279.850 1425.637
1334.560 1425.953
1388.970 1425.796
1443.774 1426.189
1498.020 1426.056
1552.818 1426.254
1606.854 1426.256
1662.075 1426.920
461.575 1477.802
516.535 1477.171
570.867 1477.685
624.922 1478.554
679.882 1477.902
734.101 1478.685
788.847 1478.514
843.626 1478.961
897.835 1478.765
952.553 1478.813
1007.032 1479.145
1061.612 1479.634
1116.007 1479.686
1170.701 1479.145
1225.120 1480.072
1279.841 1479.962
1334.144 1480.715
1388.820 1480.227
1443.543 1480.847
1498.039 1480.959
1552.011 1480.670
1607.114 1481.172
515.760 1532.578
570.788 1531.973
625.513 1532.066
679.506 1533.102
734.144 1532.658
788.698 1533.104
843.144 1533.736
897.806 1533.183
952.497 1533.060
1006.793 1533.593
1061.548 1533.651
1116.012 1533.841
1170.622 1533.833
1225.068 1534.772
1279.667 1534.843
1333.828 1534.783
1388.936 1535.277
1443.009 1534.972
1497.584 1534.976
1552.541 1535.376
570.013 1587.609
624.970 1586.941
679.834 1586.832
733.873 1587.757
788.518 1588.145
843.044 1587.821
897.745 1587.641
952.028 1587.812
1006.736 1588.012
1061.089 1588.534
1115.785 1588.595
1170.157 1588.149
1224.762 1588.722
1279.708 1589.698
1333.577 1589.670
1388.086 1589.070
1442.944 1589.611
1497.895 1590.116
624.665 1642.570
679.107 1641.906
734.007 1641.622
788.691 1641.547
842.972 1641.949
897.574 1642.690
951.996 1643.045
1006.695 1643.654
1060.979 1643.829
1115.746 1643.911
1170.099 1643.979
1224.784 1643.656
1278.941 1643.177
1333.713 1643.659
1388.606 1644.154
1443.082 1644.919
733.654 1696.974
788.141 1696.862
842.772 1696.774
897.572 1696.746
952.036 1696.792
1006.588 1696.876
1060.979 1697.021
1115.562 1697.142
1169.939 1697.620
1224.606 1697.848
1279.045 1698.191
1333.935 1698.954
842.677 1752.767
897.530 1752.693
951.807 1752.637
1006.558 1752.739
1060.839 1752.895
1115.569 1752.871
1169.917 1753.089
1224.805 1753.282
