846.351 279.557
901.258 279.653
955.619 279.734
1010.386 279.849
1064.656 279.964
1119.362 280.047
1173.717 280.081
1228.461 280.209
737.226 333.645
792.064 333.836
846.537 334.081
901.248 334.350
955.519 334.417
1010.213 334.539
1064.563 334.689
1119.224 334.767
1173.670 334.857
1228.364 334.896
1282.685 334.874
1337.424 334.808
628.079 388.365
682.549 388.334
737.211 388.412
792.044 388.678
846.321 388.375
900.999 388.479
955.418 388.619
1010.101 388.736
1064.501 388.824
1119.235 388.808
1173.516 388.813
1228.361 389.023
1282.619 389.434
1337.227 389.839
1391.911 389.845
1446.537 389.665
573.353 442.385
628.314 442.636
682.506 442.699
737.002 442.475
791.804 442.701
846.211 443.177
900.921 442.760
955.292 442.840
1010.025 442.962
1064.379 443.086
1119.103 443.174
1173.443 443.512
1228.142 443.833
1282.403 443.989
1337.343 443.543
1391.942 443.929
1446.098 444.315
1501.131 444.138
518.935 496.969
573.491 497.320
628.136 497.407
682.245 497.246
737.116 497.621
791.617 497.363
846.172 497.746
900.835 497.730
955.159 497.604
1009.806 497.749
1064.278 497.869
1119.064 498.033
1173.343 498.304
1228.080 498.633
1282.405 498.365
1337.154 498.628
1391.872 498.691
1446.290 498.726
1500.689 499.230
1555.320 498.986
464.073 551.283
519.122 551.537
572.964 551.294
628.022 551.527
682.104 551.536
737.042 551.809
791.670 551.745
846.105 552.005
900.724 551.956
954.975 552.182
1009.780 552.240
1064.155 552.321
1118.913 552.357
1173.223 552.456
1227.999 552.953
1282.292 552.684
1336.956 552.974
1391.826 552.935
1446.085 553.132
1501.052 553.134
1554.926 553.633
1609.979 553.477
409.455 606.096
464.364 605.941
518.529 606.135
573.221 606.321
627.689 606.197
682.197 606.546
736.848 606.459
791.530 606.440
845.898 606.673
900.540 606.910
954.961 606.978
1009.714 606.926
1064.040 607.087
1118.849 607.412
1173.132 607.299
1227.810 607.447
1282.216 607.587
1336.848 607.702
1391.510 607.859
1446.155 607.751
1500.724 608.109
1555.235 608.021
1609.576 608.509
1664.304 608.266
409.666 660.240
464.133 660.494
518.455 660.361
572.889 660.435
627.801 660.668
682.157 660.773
736.725 660.817
791.437 660.776
845.806 661.009
900.515 661.111
954.825 661.368
1009.712 661.509
1063.962 661.575
1118.709 661.549
1173.020 661.589
1227.737 661.794
1282.081 661.891
1336.787 662.050
1391.438 662.171
1445.904 662.338
1500.671 662.341
1555.157 662.427
1609.622 662.669
1663.871 662.847
354.613 715.098
409.774 714.862
463.555 715.035
518.638 715.168
572.929 715.137
627.581 715.230
681.961 715.407
736.626 715.446
791.321 715.508
845.635 715.619
900.338 715.748
954.782 715.774
1009.426 716.021
1063.859 716.095
1118.519 716.124
1172.849 716.407
1227.596 716.356
1281.979 716.698
1336.592 716.725
1391.372 716.879
1445.729 716.975
1500.489 717.078
1554.786 717.238
1609.929 717.121
1663.520 717.616
1718.644 717.522
354.700 769.642
409.713 769.661
463.496 769.731
518.261 769.845
572.715 769.860
627.350 769.979
681.752 770.060
736.521 770.100
791.301 770.227
845.563 770.326
900.228 770.383
954.625 770.564
1009.307 770.809
1063.715 770.897
1118.304 770.947
1172.762 771.016
1227.419 771.213
1281.732 771.731
1336.718 771.374
1391.233 771.527
1445.658 771.629
1500.632 771.793
1555.040 771.838
1609.328 772.042
1663.646 772.122
1718.357 772.280
300.115 824.327
354.713 823.795
409.354 823.928
463.810 824.076
518.124 824.102
572.607 824.223
627.452 824.255
681.691 824.342
736.445 824.444
791.166 824.624
845.511 824.693
900.185 824.831
954.495 824.942
1009.204 825.105
1063.601 825.320
1118.280 825.263
1172.614 825.408
1227.422 825.557
1281.727 825.841
1336.504 825.759
1391.180 825.921
1445.491 826.070
1500.049 826.123
1554.497 826.273
1609.003 826.443
1663.896 826.430
1718.040 826.745
1773.152 826.538
300.027 878.825
354.782 878.449
408.915 878.685
463.784 878.734
518.267 878.820
572.672 878.865
627.144 878.996
681.650 879.046
736.248 879.135
790.875 879.187
845.320 879.316
900.026 879.433
954.423 879.589
1009.087 879.705
1063.447 879.820
1118.096 879.908
1172.505 880.050
1227.287 880.108
1281.561 880.308
1336.242 880.372
1390.910 880.563
1445.564 880.669
1500.149 880.791
1554.340 880.874
1609.090 881.017
1663.932 881.137
1717.844 881.404
1772.936 881.326
299.942 932.948
354.743 932.818
408.646 932.950
463.336 933.031
518.056 933.110
572.163 933.260
627.184 933.280
681.358 933.441
736.123 933.572
790.904 933.688
845.217 933.756
899.901 933.879
954.270 933.952
1008.898 934.082
1063.334 934.214
1118.034 934.314
1172.353 934.513
1227.072 934.674
1281.648 934.694
1336.238 934.917
1391.039 934.989
1445.167 935.152
1500.240 935.269
1554.485 935.369
1609.249 935.432
1663.842 935.552
1717.623 935.771
1772.720 935.808
299.847 987.579
354.645 987.516
408.668 987.645
463.021 987.724
517.648 987.756
572.130 987.889
627.127 987.941
681.361 988.085
736.062 988.162
790.674 988.246
845.142 988.382
899.705 988.459
954.256 988.548
1008.786 988.762
1063.236 988.936
1117.936 989.163
1172.300 989.141
1226.985 989.435
1281.379 989.455
1336.059 989.594
1390.737 989.598
1444.972 989.784
1500.092 989.914
1554.573 990.019
1609.290 990.154
1663.600 990.338
1717.487 990.453
1772.540 990.496
299.735 1041.873
354.599 1041.802
408.560 1042.005
462.920 1042.149
517.530 1042.084
572.132 1042.332
627.028 1042.435
681.439 1042.518
735.922 1042.553
790.693 1042.634
845.024 1042.784
899.540 1042.854
953.928 1043.023
1008.662 1043.178
1063.169 1043.382
1117.854 1043.423
1172.234 1043.574
1226.786 1043.654
1281.276 1043.801
1335.823 1043.918
1390.506 1044.088
1445.137 1044.236
1499.748 1044.268
1554.410 1044.484
1609.182 1044.568
1663.450 1044.682
1717.464 1044.856
1772.344 1044.918
299.640 1096.692
354.433 1096.490
408.370 1096.786
462.966 1096.859
517.545 1096.792
571.817 1096.930
626.904 1097.092
681.045 1097.203
735.790 1097.198
790.503 1097.368
844.939 1097.463
899.535 1097.493
953.842 1097.689
1008.577 1097.821
1063.024 1098.034
1117.657 1098.084
1172.151 1098.251
1226.682 1098.328
1281.128 1098.546
1335.792 1098.618
1390.406 1098.737
1444.776 1098.863
1499.753 1098.975
1554.501 1099.128
1609.176 1099.272
1663.369 1099.347
1717.254 1099.506
1772.263 1099.587
299.524 1151.147
354.235 1150.708
408.299 1151.111
463.170 1151.156
517.802 1151.185
572.096 1151.270
626.503 1151.370
681.124 1151.503
735.707 1151.612
790.382 1151.891
844.765 1151.796
899.351 1151.967
953.747 1152.113
1008.549 1152.355
1062.869 1152.410
1117.613 1152.579
1171.942 1152.731
1226.537 1152.818
1281.136 1152.901
1335.763 1153.085
1390.305 1153.234
1444.922 1153.292
1499.518 1153.380
1553.895 1153.511
1608.737 1153.654
1663.441 1153.830
1717.088 1153.835
1772.271 1153.991
299.607 1206.252
354.000 1205.476
408.586 1205.815
463.081 1205.722
517.398 1205.779
571.794 1205.920
626.601 1205.984
680.929 1206.131
735.569 1206.269
790.226 1206.432
844.652 1206.445
899.184 1206.632
953.780 1206.808
1008.440 1206.892
1062.706 1207.027
1117.358 1207.144
1171.808 1207.341
1226.520 1207.407
1280.885 1207.468
1335.620 1207.760
1390.308 1207.761
1444.627 1207.977
1499.453 1208.100
1553.812 1208.204
1608.113 1208.273
1663.047 1208.453
1717.112 1208.437
1772.524 1208.686
353.716 1260.009
408.701 1259.811
462.487 1260.275
517.311 1260.419
571.696 1260.408
626.386 1260.446
680.739 1260.626
735.607 1260.680
790.163 1260.816
844.379 1260.943
899.174 1261.013
953.615 1261.125
1008.274 1261.298
1062.679 1261.448
1117.274 1261.579
1171.656 1261.738
1226.330 1261.872
1280.808 1261.975
1335.421 1262.081
1390.244 1262.224
1444.644 1262.365
1499.290 1262.512
1553.902 1262.638
1608.589 1262.802
1662.421 1262.718
1717.354 1262.986
353.548 1315.100
408.894 1314.803
462.604 1315.176
517.554 1314.757
571.616 1315.048
626.289 1315.235
680.705 1315.360
735.335 1315.358
790.075 1315.380
844.416 1315.611
899.055 1315.728
953.517 1315.816
1008.111 1315.937
1062.570 1316.179
1117.118 1316.093
1171.533 1316.372
1226.312 1316.501
1280.692 1316.645
1335.324 1316.837
1390.245 1316.819
1444.514 1317.005
1499.222 1317.114
1553.287 1317.116
1608.480 1317.510
1662.249 1317.322
1717.714 1317.650
408.099 1369.308
462.849 1369.271
516.965 1369.876
571.612 1369.636
626.339 1369.707
680.579 1369.993
735.252 1370.070
789.899 1369.985
844.238 1370.156
898.958 1370.413
953.366 1370.244
1008.013 1370.527
1062.455 1370.757
1117.055 1370.770
1171.531 1370.970
1226.156 1371.064
1280.531 1371.340
1335.258 1371.523
1389.862 1371.460
1444.165 1371.515
1499.155 1371.853
1553.813 1372.028
1607.725 1371.817
1662.462 1372.088
408.110 1424.287
462.513 1423.593
517.191 1423.827
571.320 1424.286
626.201 1424.015
680.530 1424.311
735.103 1424.481
789.787 1424.458
844.192 1424.579
898.883 1424.659
953.385 1425.078
1007.986 1425.123
1062.373 1425.202
1117.008 1425.393
1171.332 1425.480
1226.091 1425.610
1280.422 1425.611
1335.140 1425.947
1389.831 1425.795
1444.388 1426.203
1498.938 1426.067
1553.475 1426.262
1607.583 1426.284
1662.868 1426.569
462.319 1479.014
517.037 1478.273
571.524 1478.633
625.892 1479.144
680.486 1478.797
734.991 1479.225
789.672 1478.986
844.199 1479.524
898.652 1479.234
953.110 1479.325
1007.855 1479.622
1062.170 1479.853
1116.814 1479.878
1171.202 1479.645
1226.024 1480.344
1280.428 1480.218
1335.016 1480.700
1389.645 1480.486
1444.131 1480.847
1499.077 1480.955
1552.778 1480.649
1608.086 1481.200
516.912 1533.320
571.319 1532.785
626.137 1532.952
680.216 1533.764
735.014 1533.159
789.642 1533.682
844.102 1534.003
898.677 1533.718
953.039 1533.582
1007.662 1533.795
1062.115 1533.903
1116.833 1534.057
1171.186 1534.096
1225.974 1534.771
1280.261 1534.824
1334.689 1534.755
1389.923 1535.295
1443.947 1534.977
1498.316 1534.967
1553.163 1535.394
571.326 1588.464
625.806 1587.764
680.378 1587.657
734.928 1588.386
789.472 1588.754
843.930 1588.364
898.584 1588.114
952.885 1588.300
1007.622 1588.524
1062.013 1588.769
1116.667 1588.805
1171.027 1588.694
1225.633 1588.959
1280.342 1589.692
1334.643 1589.637
1389.120 1589.274
1443.709 1589.583
1498.977 1590.117
626.155 1643.033
680.103 1642.540
734.806 1642.078
789.528 1641.998
843.920 1642.519
898.547 1642.940
953.043 1643.368
1007.718 1643.620
1062.010 1643.813
1116.776 1643.894
1171.130 1643.964
1225.790 1643.609
1279.776 1643.435
1334.447 1643.631
1389.448 1644.161
1444.402 1644.517
734.983 1697.826
789.455 1697.463
843.598 1697.272
898.275 1697.156
952.784 1697.234
1007.292 1697.255
1061.739 1697.434
1116.258 1697.538
1170.647 1697.777
1225.384 1698.049
1280.004 1698.467
1335.204 1698.928
844.440 1752.768
899.039 1752.671
953.157 1752.602
1007.820 1752.700
1062.078 1752.868
1116.812 1752.850
1171.204 1753.084
1226.362 1753.301
