843.624 279.783
898.428 280.043
952.816 280.048
1007.464 280.170
1061.792 280.280
1116.551 280.309
1170.834 280.376
1225.593 280.434
734.569 334.060
789.336 334.292
843.617 334.485
898.358 334.522
952.702 334.629
1007.367 334.717
1061.725 334.914
1116.423 334.994
1170.730 335.141
1225.550 335.202
1279.822 335.168
1334.607 335.010
625.365 388.470
679.917 388.718
734.438 388.726
788.980 388.539
843.440 388.637
898.256 388.865
952.611 389.023
1007.237 389.158
1061.594 389.195
1116.431 389.202
1170.626 389.120
1225.495 389.302
1279.694 389.770
1334.285 390.145
1389.144 390.056
1443.667 389.853
570.753 442.766
625.296 442.885
679.258 442.706
734.255 442.818
789.150 443.252
843.308 443.055
898.063 442.980
952.463 443.261
1007.170 443.319
1061.535 443.351
1116.223 443.402
1170.646 443.763
1225.290 444.143
1279.639 444.174
1334.511 443.814
1388.957 444.424
1443.324 444.589
1498.298 444.303
516.240 497.339
570.472 497.541
624.977 497.254
679.599 497.912
734.146 497.573
788.999 497.967
843.253 497.933
897.987 497.788
952.423 498.007
1007.076 498.129
1061.495 498.196
1116.186 498.277
1170.491 498.537
1225.210 498.956
1279.608 498.593
1334.206 499.128
1389.145 498.802
1443.306 499.200
1497.892 499.483
1552.542 499.190
461.454 551.688
515.894 551.550
570.261 551.646
625.114 551.879
679.330 551.790
734.097 551.989
788.823 552.204
843.262 552.090
897.802 552.573
952.205 552.585
1006.977 552.740
1061.315 552.728
1116.048 552.752
1170.393 552.700
1225.170 553.237
1279.546 553.004
1334.144 553.195
1388.865 553.416
1443.450 553.306
1497.939 553.545
1552.194 553.997
1607.238 553.684
407.065 606.206
461.183 606.431
515.879 606.384
570.210 606.457
625.013 606.683
679.302 606.609
734.029 606.732
788.651 606.976
843.001 606.856
897.890 607.155
952.182 606.944
1006.880 607.086
1061.248 607.314
1115.863 607.657
1170.345 607.732
1224.986 607.776
1279.436 607.811
1334.064 608.016
1388.698 608.211
1443.206 608.212
1497.983 608.275
1552.133 608.552
1606.836 608.777
1661.498 608.453
407.073 660.598
460.720 660.544
515.903 660.667
570.334 660.870
624.788 660.837
679.303 660.952
733.932 661.074
788.677 661.186
843.094 661.265
897.680 661.559
951.939 661.461
1006.645 661.543
1061.109 661.969
1115.871 661.885
1170.207 661.939
1224.870 662.065
1279.312 662.171
1333.982 662.289
1388.642 662.442
1442.967 662.696
1497.728 662.756
1552.411 662.583
1606.514 663.032
1661.159 663.087
352.082 715.041
406.697 715.271
461.133 715.377
515.576 715.287
569.852 715.442
624.616 715.561
679.216 715.658
733.773 715.755
788.429 715.798
842.777 716.009
897.605 715.953
951.929 716.231
1006.563 716.353
1061.039 716.372
1115.591 716.537
1170.129 716.660
1224.804 716.786
1279.139 717.029
1333.818 717.070
1388.589 717.142
1442.977 717.208
1497.612 717.387
1551.856 717.681
1606.986 717.482
1660.746 717.938
1716.006 717.657
352.220 769.829
406.182 769.923
460.993 770.057
515.763 770.181
569.984 770.201
624.647 770.289
678.917 770.345
733.671 770.407
788.401 770.453
842.833 770.633
897.427 770.759
951.859 770.996
1006.474 771.094
1060.849 771.220
1115.615 771.204
1169.921 771.330
1224.582 771.477
1278.816 771.969
1333.678 771.647
1388.479 771.860
1442.901 771.970
1497.560 772.104
1552.110 772.126
1606.891 772.303
1660.656 772.506
1715.739 772.519
297.385 823.970
352.047 824.134
406.325 824.262
460.536 824.375
515.288 824.378
569.674 824.472
624.562 824.544
678.848 824.603
733.563 824.814
788.262 824.879
842.604 825.008
897.414 825.198
951.744 825.207
1006.343 825.370
1060.772 825.545
1115.475 825.655
1169.795 825.817
1224.485 825.954
1278.961 826.169
1333.512 826.104
1388.299 826.285
1442.600 826.330
1497.638 826.485
1552.084 826.585
1606.429 826.753
1660.614 826.793
1715.411 826.999
1770.353 826.610
297.384 878.600
351.777 878.862
406.552 878.923
460.698 878.940
515.359 879.054
569.829 879.111
624.317 879.307
678.814 879.353
733.502 879.443
788.056 879.630
842.501 879.648
897.253 879.753
951.553 879.943
1006.181 880.026
1060.665 880.179
1115.338 880.281
1169.685 880.406
1224.439 880.468
1278.846 880.594
1333.567 880.797
1388.235 880.823
1442.557 881.023
1497.152 881.089
1551.672 881.214
1606.114 881.383
1660.839 881.457
1715.203 881.692
1770.256 881.468
297.393 932.934
351.366 933.254
406.485 933.168
460.838 933.309
515.429 933.449
569.412 933.568
624.481 933.615
678.682 933.709
733.246 933.913
787.974 934.026
842.462 933.997
897.035 934.283
951.407 934.349
1005.964 934.494
1060.512 934.540
1115.198 934.703
1169.565 934.877
1224.296 934.974
1278.675 935.106
1333.315 935.214
1387.983 935.329
1442.668 935.520
1497.076 935.585
1551.291 935.658
1606.001 935.729
1660.921 935.765
1714.904 936.100
1770.105 935.981
297.355 987.556
351.117 987.966
406.332 987.932
460.703 988.052
515.036 988.048
569.346 988.183
624.128 988.234
678.641 988.374
733.228 988.421
787.902 988.525
842.119 988.736
896.980 988.801
951.397 988.922
1006.028 989.186
1060.369 989.351
1115.183 989.340
1169.510 989.535
1224.134 989.641
1278.569 989.770
1333.237 989.908
1387.975 990.063
1442.553 990.066
1497.130 990.244
1551.257 990.332
1605.997 990.491
1660.927 990.663
1714.773 990.867
1769.895 990.709
297.205 1041.969
351.015 1042.336
406.294 1042.317
460.687 1042.360
515.001 1042.433
569.196 1042.592
624.079 1042.728
678.526 1042.829
733.169 1042.870
787.778 1043.018
842.137 1043.125
896.734 1043.230
951.200 1043.391
1005.838 1043.513
1060.263 1043.672
1115.009 1043.697
1169.245 1043.988
1224.091 1044.018
1278.538 1044.214
1333.272 1044.312
1388.020 1044.474
1442.103 1044.553
1497.227 1044.669
1551.312 1044.859
1605.974 1044.880
1660.777 1044.921
1714.604 1045.189
1769.822 1045.101
296.980 1096.614
351.052 1097.011
406.186 1096.970
460.416 1097.139
515.037 1097.203
569.152 1097.216
624.017 1097.448
678.292 1097.494
732.953 1097.605
787.505 1097.699
842.091 1097.770
896.679 1097.872
951.185 1098.065
1005.688 1098.216
1060.149 1098.299
1114.771 1098.442
1169.162 1098.647
1223.922 1098.672
1278.352 1098.865
1332.921 1099.006
1387.769 1099.033
1442.110 1099.210
1496.990 1099.329
1551.093 1099.429
1605.807 1099.623
1660.761 1099.662
1714.386 1099.773
1769.724 1099.835
296.819 1150.955
351.212 1151.295
405.919 1151.260
459.950 1151.456
514.590 1151.511
569.204 1151.615
623.822 1151.703
678.240 1151.893
732.748 1151.961
787.422 1152.181
841.946 1152.173
896.555 1152.346
951.082 1152.440
1005.597 1152.639
1060.011 1152.849
1114.714 1152.941
1169.188 1153.051
1223.739 1153.165
1278.215 1153.334
1332.848 1153.444
1387.722 1153.568
1441.936 1153.632
1496.557 1153.793
1550.955 1153.897
1605.437 1154.001
1660.457 1154.119
1714.423 1154.191
1769.729 1154.252
296.657 1205.840
351.342 1205.813
405.430 1206.085
459.778 1206.168
514.475 1206.176
568.795 1206.216
623.837 1206.432
678.096 1206.513
732.639 1206.658
787.376 1206.701
841.810 1206.901
896.425 1206.929
950.878 1207.224
1005.546 1207.270
1060.017 1207.368
1114.553 1207.547
1169.052 1207.641
1223.653 1207.762
1278.060 1207.910
1332.738 1208.079
1387.368 1208.225
1442.076 1208.328
1496.796 1208.408
1551.328 1208.522
1605.643 1208.635
1659.864 1208.621
1714.609 1208.885
1769.804 1208.859
351.195 1260.112
405.327 1260.591
460.137 1260.537
514.811 1260.705
569.121 1260.743
623.634 1260.877
678.010 1260.819
732.778 1261.072
787.325 1261.178
841.690 1261.293
896.357 1261.433
950.819 1261.547
1005.394 1261.644
1059.809 1261.787
1114.529 1262.050
1168.836 1262.107
1223.598 1262.243
1278.026 1262.340
1332.762 1262.431
1387.314 1262.608
1441.611 1262.682
1496.283 1262.866
1550.795 1263.003
1606.019 1263.204
1659.399 1263.163
1714.769 1263.314
350.755 1314.742
405.985 1315.279
459.872 1315.100
514.185 1315.297
568.651 1315.445
623.418 1315.546
677.913 1315.625
732.552 1315.644
787.185 1315.745
841.622 1315.937
896.319 1316.038
950.618 1316.230
1005.290 1316.383
1059.680 1316.530
1114.363 1316.647
1168.752 1316.746
1223.402 1316.854
1277.839 1317.037
1332.511 1317.192
1387.463 1317.183
1441.869 1317.383
1496.583 1317.545
1550.574 1317.479
1605.427 1317.710
1659.521 1317.744
1715.212 1317.909
405.537 1369.410
459.459 1370.138
514.585 1369.747
568.748 1369.978
623.306 1370.202
677.756 1370.303
732.369 1370.273
787.009 1370.296
841.459 1370.542
896.153 1370.798
950.503 1370.802
1005.156 1370.817
1059.570 1370.974
1114.314 1371.377
1168.659 1371.317
1223.372 1371.494
1277.632 1371.663
1332.386 1371.762
1387.136 1371.832
1441.270 1371.877
1496.030 1372.078
1551.072 1372.399
1604.810 1372.175
1659.792 1372.524
405.228 1423.911
459.883 1423.948
514.045 1424.562
568.706 1424.261
623.281 1424.479
677.608 1424.831
732.319 1424.678
786.914 1424.781
841.496 1425.208
896.062 1425.017
950.402 1424.983
1005.106 1425.217
1059.414 1425.340
1114.141 1425.255
1168.469 1425.865
1223.244 1425.918
1277.633 1425.962
1332.318 1426.262
1386.971 1426.154
1441.511 1426.419
1496.201 1426.523
1550.385 1426.498
1604.892 1426.730
1660.204 1426.874
459.580 1478.620
514.318 1478.758
568.301 1479.382
623.341 1478.962
677.427 1479.564
732.291 1479.271
786.865 1479.548
841.223 1479.437
895.970 1479.934
950.281 1480.167
1005.032 1480.188
1059.388 1480.360
1113.992 1480.567
1168.394 1480.421
1223.167 1480.634
1277.519 1480.737
1332.259 1481.008
1386.791 1480.870
1441.426 1481.196
1496.126 1481.166
1549.954 1481.032
1605.366 1481.531
514.082 1533.028
568.574 1533.147
623.039 1533.925
677.523 1533.514
732.124 1533.945
786.785 1533.994
841.141 1533.707
895.820 1534.023
950.310 1534.445
1004.871 1534.689
1059.249 1534.818
1114.007 1534.819
1168.310 1534.495
1223.053 1534.974
1277.497 1535.325
1331.889 1535.036
1387.030 1535.707
1441.161 1535.262
1495.524 1535.359
1550.449 1535.770
568.342 1588.054
623.101 1587.882
677.386 1588.578
732.007 1588.785
786.717 1588.217
841.094 1588.455
895.763 1588.885
950.147 1589.299
1004.757 1589.460
1059.223 1589.642
1113.838 1589.656
1168.324 1589.277
1222.783 1589.167
1277.510 1590.027
1331.897 1590.146
1386.334 1589.712
1440.857 1589.975
1496.196 1590.493
622.941 1642.697
677.347 1642.386
732.017 1642.412
786.826 1643.085
841.037 1643.545
895.752 1643.738
950.044 1643.776
1004.822 1643.846
1059.085 1644.001
1113.831 1644.199
1168.379 1644.463
1222.965 1644.254
1277.022 1643.822
1331.634 1644.006
1386.528 1644.479
1441.594 1644.830
731.786 1697.487
786.385 1697.284
840.829 1697.309
895.472 1697.299
949.788 1697.444
1004.464 1697.612
1058.908 1697.792
1113.570 1697.914
1167.845 1698.048
1222.491 1698.348
1277.142 1698.782
1332.204 1699.237
841.126 1752.677
895.695 1752.648
949.938 1752.622
1004.604 1752.766
1059.056 1752.916
1113.677 1753.112
1168.269 1753.195
1223.244 1753.372
