844.044 278.970
898.444 279.638
953.214 279.681
1007.470 279.814
1062.193 279.876
1116.966 279.903
1171.288 279.939
1226.085 279.939
734.963 333.715
789.348 333.971
843.983 334.175
898.372 334.548
953.101 334.663
1007.380 334.737
1062.125 334.937
1116.433 335.008
1171.105 335.157
1225.891 335.225
1280.177 335.182
1334.987 335.049
625.360 387.709
680.286 388.027
734.436 387.944
788.996 387.721
843.429 387.873
898.257 388.524
952.996 388.660
1007.254 388.813
1061.961 388.844
1116.436 388.836
1171.017 388.744
1225.500 388.917
1280.076 389.799
1334.282 390.168
1389.150 390.057
1444.127 389.850
571.140 442.021
625.296 442.536
679.273 441.877
734.238 442.084
789.161 442.896
843.303 442.713
898.079 442.639
952.466 442.924
1007.182 443.000
1061.909 443.031
1116.233 443.043
1171.038 443.793
1225.298 444.162
1280.002 444.193
1334.907 443.832
1388.964 444.462
1443.310 444.927
1498.306 444.306
516.259 496.660
570.470 496.760
624.977 496.100
679.977 497.562
734.136 496.872
789.008 497.612
843.275 497.587
898.001 497.119
952.418 497.673
1007.083 497.797
1061.506 497.874
1116.197 497.943
1170.504 498.584
1225.203 498.978
1279.977 498.621
1334.190 499.147
1389.148 498.820
1443.305 499.228
1497.891 499.507
1552.949 499.212
461.465 551.057
515.908 550.772
570.264 550.948
625.133 551.531
679.337 551.076
734.108 551.673
788.841 551.900
843.262 551.760
897.815 552.611
952.217 552.612
1006.990 552.772
1061.329 552.765
1116.048 552.789
1170.390 552.736
1225.161 553.287
1279.892 553.029
1334.133 553.229
1388.857 553.449
1443.447 553.343
1497.942 553.952
1552.192 554.332
1607.230 554.097
407.059 605.500
461.190 605.574
515.887 605.597
570.198 605.690
625.020 605.954
679.303 605.888
734.028 606.047
788.666 606.634
843.014 606.532
897.879 606.824
952.201 606.613
1006.888 606.766
1061.245 606.982
1115.871 607.662
1170.359 607.726
1224.989 607.771
1279.444 607.799
1334.076 608.000
1388.704 608.189
1443.188 608.207
1497.980 608.261
1552.119 608.900
1606.829 609.073
1661.919 608.451
407.068 659.902
460.736 659.756
515.913 659.950
570.324 660.541
624.798 660.140
679.309 660.637
733.944 660.753
788.691 660.894
843.086 660.962
897.689 661.580
951.949 661.176
1006.662 661.563
1061.111 661.980
1115.873 661.902
1170.198 661.963
1224.861 662.074
1279.293 662.183
1333.982 662.291
1388.643 662.458
1442.962 663.026
1497.725 663.098
1552.395 662.952
1606.173 663.376
1661.138 663.414
352.086 714.001
406.717 714.086
461.138 714.651
515.592 714.613
569.878 714.752
624.638 714.892
679.225 714.995
733.773 715.109
788.129 715.181
842.801 715.726
897.619 715.681
951.937 715.950
1006.585 716.093
1061.058 716.109
1115.603 716.537
1170.132 716.677
1224.810 716.796
1279.142 717.049
1333.824 717.076
1388.584 717.145
1442.970 717.214
1497.623 717.394
1551.844 718.011
1606.981 717.495
1660.749 718.233
1715.986 718.066
352.225 768.821
405.809 768.748
461.009 768.925
515.779 769.114
569.997 769.539
624.669 769.656
678.937 769.729
733.688 769.800
788.093 769.895
842.832 770.058
897.115 770.184
951.858 770.725
1006.167 770.836
1060.854 770.940
1115.612 770.948
1169.916 771.059
1224.570 771.191
1278.813 771.986
1333.666 771.682
1388.178 771.875
1442.888 771.995
1497.546 772.131
1552.109 772.140
1606.879 772.332
1660.634 772.833
1715.719 772.868
297.043 822.887
352.065 823.073
405.975 823.573
460.543 823.650
514.989 823.735
569.712 823.832
624.596 823.924
678.855 823.996
733.575 824.186
787.950 824.605
842.597 824.719
897.121 824.908
951.742 824.929
1006.051 825.112
1060.769 825.560
1115.181 825.669
1169.796 825.818
1224.189 825.959
1278.961 826.175
1333.209 826.118
1388.003 826.285
1442.603 826.328
1497.616 826.490
1552.079 826.901
1606.094 827.068
1660.585 827.147
1715.102 827.294
1770.346 827.146
297.085 877.641
351.777 877.719
406.593 877.956
460.726 877.947
515.021 878.066
569.822 878.159
624.014 878.738
678.829 878.773
733.519 878.892
787.767 879.095
842.508 879.117
896.980 879.534
951.586 879.701
1005.896 879.804
1060.657 879.946
1115.064 880.058
1169.697 880.158
1224.159 880.228
1278.837 880.633
1333.557 880.813
1387.950 880.858
1442.528 881.040
1496.844 881.123
1551.670 881.234
1605.803 881.400
1660.816 881.477
1714.905 881.985
1770.255 881.934
297.107 932.010
350.970 932.081
406.154 932.158
460.864 932.664
515.118 932.803
569.078 932.911
624.170 933.008
678.684 933.106
732.945 933.657
787.700 933.769
842.179 933.758
896.764 934.053
951.110 934.100
1005.705 934.227
1060.514 934.546
1114.924 934.710
1169.575 934.885
1224.015 934.982
1278.670 935.112
1333.049 935.204
1387.703 935.327
1442.661 935.814
1496.787 935.882
1550.981 935.978
1605.675 936.042
1660.907 936.122
1714.639 936.361
1770.069 936.388
297.069 986.645
350.749 986.819
405.994 986.929
460.732 987.057
514.741 987.131
569.028 987.581
623.835 987.674
678.645 987.805
732.961 987.899
787.623 988.030
841.853 988.227
896.722 988.577
951.119 988.693
1005.757 988.950
1060.100 989.109
1114.929 989.111
1169.518 989.559
1223.848 989.654
1278.580 989.787
1332.953 989.928
1387.705 990.084
1442.539 990.082
1496.826 990.254
1550.950 990.335
1605.678 990.480
1660.912 991.002
1714.506 991.114
1769.875 991.096
296.927 1041.085
350.633 1041.550
405.972 1041.643
460.686 1041.717
514.722 1041.830
568.873 1041.962
623.775 1042.147
678.533 1042.550
732.916 1042.617
787.524 1042.785
841.862 1042.885
896.197 1043.005
950.933 1043.140
1005.587 1043.539
1060.007 1043.692
1114.739 1043.719
1168.970 1043.993
1223.828 1044.029
1278.530 1044.215
1332.968 1044.299
1387.725 1044.473
1441.785 1044.837
1496.924 1044.959
1550.997 1045.144
1605.668 1045.169
1660.749 1045.250
1714.085 1045.425
1769.807 1045.452
296.732 1095.770
350.698 1095.952
405.879 1096.018
460.097 1096.176
514.752 1096.625
568.864 1096.635
623.732 1096.878
678.010 1096.923
732.691 1097.079
786.972 1097.206
841.824 1097.562
896.159 1097.668
950.911 1097.844
1005.158 1097.999
1059.889 1098.087
1114.519 1098.231
1168.897 1098.672
1223.644 1098.705
1278.061 1098.903
1332.665 1099.037
1387.195 1099.043
1441.800 1099.227
1496.705 1099.345
1550.797 1099.449
1605.495 1099.937
1660.748 1100.014
1713.863 1100.021
1769.694 1100.215
296.565 1150.048
350.873 1150.610
405.634 1150.645
459.650 1150.832
513.983 1150.923
568.918 1151.040
623.532 1151.145
677.950 1151.618
732.184 1151.727
786.882 1151.949
841.679 1151.939
896.031 1152.114
950.814 1152.189
1005.056 1152.660
1059.751 1152.859
1114.170 1152.958
1168.910 1153.058
1223.212 1153.150
1277.920 1153.324
1332.568 1153.424
1387.150 1153.804
1441.660 1153.889
1495.998 1154.044
1550.657 1154.169
1604.881 1154.253
1660.104 1154.433
1713.929 1154.396
1769.720 1155.048
295.985 1204.767
351.040 1204.845
404.779 1205.094
459.140 1205.534
513.875 1205.590
568.530 1205.646
623.551 1205.868
677.831 1205.976
732.079 1206.118
786.860 1206.505
841.534 1206.669
895.900 1206.723
950.604 1206.970
1005.023 1207.032
1059.753 1207.126
1114.036 1207.573
1168.784 1207.657
1223.135 1207.784
1277.782 1207.907
1332.171 1208.082
1386.824 1208.215
1441.752 1208.322
1496.502 1208.396
1551.009 1208.816
1605.060 1208.899
1659.527 1208.914
1714.052 1209.124
1769.809 1209.326
350.918 1259.536
404.580 1259.902
459.819 1259.912
514.515 1260.097
568.812 1260.146
623.018 1260.616
677.726 1260.550
732.178 1260.824
786.742 1260.957
841.137 1261.059
895.832 1261.205
950.547 1261.555
1004.866 1261.688
1059.565 1261.808
1113.992 1262.055
1168.569 1262.114
1223.069 1262.244
1277.743 1262.350
1332.188 1262.410
1386.769 1262.854
1441.041 1262.955
1495.734 1263.112
1550.499 1263.272
1605.692 1263.811
1658.897 1263.380
1714.115 1263.902
350.515 1313.856
405.631 1314.579
459.599 1314.172
513.564 1314.723
568.037 1314.873
622.809 1315.018
677.633 1315.063
732.005 1315.132
786.647 1315.558
841.076 1315.730
895.803 1315.829
950.077 1316.014
1004.789 1316.172
1059.153 1316.570
1113.823 1316.697
1168.190 1316.781
1222.853 1316.875
1277.564 1317.040
1331.948 1317.195
1386.880 1317.190
1441.569 1317.393
1495.973 1317.830
1550.004 1317.482
1604.790 1318.029
1659.003 1317.997
1714.766 1318.358
405.007 1368.599
458.741 1369.091
513.979 1368.838
568.159 1369.100
622.700 1369.646
677.171 1369.752
731.830 1369.767
786.195 1369.844
840.881 1370.043
895.616 1370.604
949.971 1370.602
1004.642 1370.621
1059.043 1370.750
1113.767 1371.132
1168.104 1371.080
1222.848 1371.248
1277.081 1371.691
1331.805 1371.784
1386.568 1371.860
1440.709 1371.882
1495.147 1372.084
1550.747 1372.401
1604.038 1372.168
1659.141 1372.819
404.671 1423.045
459.591 1423.044
513.031 1423.942
568.099 1423.676
622.698 1423.921
677.031 1424.561
731.754 1424.140
786.081 1424.581
840.915 1424.963
895.510 1424.780
949.872 1424.755
1004.565 1424.973
1058.867 1425.099
1113.617 1425.035
1167.928 1425.872
1222.695 1425.910
1277.068 1425.959
1331.729 1426.260
1386.126 1426.138
1440.904 1426.400
1495.614 1426.776
1549.771 1426.462
1604.128 1426.928
1659.760 1427.263
459.042 1477.805
513.705 1477.918
567.650 1478.777
622.771 1478.153
676.839 1479.000
731.731 1478.781
786.018 1479.059
840.699 1478.969
895.162 1479.726
949.710 1479.925
1004.177 1479.970
1058.829 1480.122
1113.174 1480.612
1167.855 1480.183
1222.610 1480.666
1276.946 1480.764
1331.684 1481.013
1385.927 1480.888
1440.833 1481.194
1495.138 1481.171
1549.221 1481.036
1604.674 1481.835
513.571 1532.549
567.963 1532.617
621.964 1533.645
676.941 1532.970
731.181 1533.733
785.918 1533.770
840.565 1533.188
895.009 1533.835
949.713 1534.196
1003.985 1534.729
1058.708 1534.843
1113.150 1534.854
1167.730 1534.246
1222.196 1534.980
1276.895 1535.326
1331.010 1535.034
1386.052 1536.001
1440.556 1535.256
1494.793 1535.341
1549.795 1536.072
567.775 1587.187
622.580 1587.090
676.696 1587.924
731.080 1588.537
785.899 1587.756
840.515 1587.927
894.906 1588.685
949.531 1589.029
1003.869 1589.198
1058.635 1589.661
1112.959 1589.712
1167.700 1589.007
1221.984 1588.949
1276.893 1590.029
1330.839 1590.124
1385.570 1589.741
1440.091 1589.978
1495.093 1590.468
621.968 1642.083
676.825 1641.872
731.150 1641.916
785.782 1642.792
839.997 1643.568
894.797 1643.766
949.080 1643.781
1003.873 1643.854
1058.166 1643.996
1112.891 1644.188
1167.705 1644.429
1221.982 1644.241
1276.186 1643.856
1330.907 1643.996
1385.676 1644.453
1440.730 1645.204
730.919 1696.960
785.668 1696.884
840.064 1696.879
894.733 1696.909
949.023 1697.029
1003.697 1697.181
1058.100 1697.605
1112.822 1697.745
1167.085 1697.847
1221.737 1698.126
1276.561 1698.802
1331.014 1699.242
839.866 1752.686
894.611 1752.663
948.886 1752.643
1003.613 1752.775
1058.043 1752.931
1112.701 1753.092
1167.501 1753.163
1221.885 1753.362
