844.035 279.385
898.434 279.628
953.204 279.668
1007.470 279.809
1062.191 279.888
1116.971 279.916
1171.280 279.919
1226.077 279.948
734.959 333.711
789.338 333.975
843.979 334.169
898.362 334.546
953.109 334.644
1007.364 334.746
1062.117 334.928
1116.432 335.018
1171.091 335.150
1225.889 335.215
1280.185 335.164
1334.975 335.031
625.352 387.707
680.278 388.374
734.436 388.360
788.980 388.144
843.434 388.278
898.259 388.522
952.978 388.656
1007.241 388.807
1061.956 388.847
1116.453 388.836
1171.020 388.739
1225.492 388.905
1280.083 389.785
1334.288 390.161
1389.156 390.069
1444.128 389.863
571.134 442.380
625.287 442.539
679.246 442.292
734.256 442.449
789.143 442.906
843.301 442.697
898.069 442.637
952.464 442.911
1007.181 442.993
1061.904 443.034
1116.233 443.047
1171.027 443.780
1225.288 444.150
1280.010 444.186
1334.914 443.841
1388.973 444.469
1443.323 444.930
1498.319 444.303
516.256 496.666
570.472 497.145
624.981 496.482
679.963 497.556
734.132 497.226
789.008 497.603
843.258 497.577
898.005 497.448
952.407 497.673
1007.069 497.780
1061.489 497.863
1116.185 497.946
1170.496 498.568
1225.203 498.985
1279.961 498.612
1334.207 499.144
1389.147 498.801
1443.307 499.231
1497.890 499.499
1552.955 499.205
461.444 551.390
515.908 551.162
570.260 551.304
625.133 551.552
679.339 551.426
734.091 551.650
788.834 551.894
843.260 551.760
897.805 552.597
952.230 552.603
1006.981 552.758
1061.315 552.748
1116.048 552.768
1170.392 552.717
1225.166 553.264
1279.877 553.020
1334.144 553.203
1388.862 553.435
1443.458 553.310
1497.951 553.934
1552.210 554.313
1607.240 554.082
407.060 605.509
461.193 605.567
515.883 605.612
570.207 605.675
625.012 606.311
679.303 606.238
734.024 606.382
788.678 606.624
843.005 606.533
897.894 606.823
952.180 606.609
1006.886 606.768
1061.251 606.992
1115.859 607.667
1170.355 607.746
1224.995 607.775
1279.434 607.807
1334.076 608.019
1388.702 608.203
1443.208 608.196
1497.990 608.253
1552.132 608.922
1606.839 609.075
1661.503 608.440
407.067 660.247
460.738 660.148
515.899 660.299
570.337 660.521
624.797 660.476
679.293 660.616
733.942 660.756
788.682 660.877
843.085 660.935
897.682 661.574
951.952 661.166
1006.659 661.553
1061.111 661.973
1115.881 661.907
1170.199 661.953
1224.876 662.073
1279.292 662.199
1333.983 662.278
1388.647 662.469
1442.983 663.025
1497.723 663.103
1552.398 662.945
1606.506 663.373
1661.150 663.400
352.082 714.337
406.706 714.469
461.121 714.619
515.593 714.617
569.865 714.739
624.635 715.237
679.206 715.335
733.775 715.434
788.118 715.500
842.786 715.733
897.608 715.667
951.937 715.942
1006.576 716.079
1061.054 716.094
1115.606 716.533
1170.125 716.672
1224.803 716.797
1279.161 717.042
1333.824 717.064
1388.591 717.148
1442.971 717.217
1497.627 717.399
1551.860 718.017
1606.979 717.493
1660.750 718.231
1716.002 718.078
352.222 769.146
405.801 769.141
461.008 769.296
515.772 769.462
569.979 769.503
624.661 769.620
678.932 769.679
733.682 769.770
788.092 769.875
842.833 770.332
897.110 770.484
951.855 770.699
1006.159 770.812
1060.859 770.919
1115.613 770.916
1169.917 771.040
1224.568 771.175
1278.832 771.970
1333.663 771.660
1388.185 771.866
1442.898 771.985
1497.554 772.123
1552.113 772.137
1606.893 772.315
1660.649 772.824
1715.740 772.852
297.038 823.263
352.055 823.439
405.965 823.566
460.532 823.665
514.966 823.737
569.690 823.831
624.583 824.243
678.851 824.306
733.576 824.517
787.953 824.612
842.588 824.736
897.106 824.909
951.742 824.944
1006.048 825.104
1060.773 825.569
1115.187 825.675
1169.808 825.825
1224.192 825.957
1278.965 826.172
1333.515 826.124
1388.008 826.299
1442.600 826.343
1497.632 826.496
1552.071 826.888
1606.106 827.063
1660.608 827.157
1715.114 827.306
1770.353 827.160
297.073 877.981
351.776 878.083
406.578 878.253
460.712 878.275
515.008 878.407
569.836 878.480
624.013 878.729
678.820 878.762
733.514 878.893
787.759 879.379
842.504 879.404
896.983 879.521
951.584 879.684
1005.883 879.789
1060.655 879.933
1115.052 880.058
1169.702 880.147
1224.163 880.225
1278.841 880.626
1333.551 880.818
1387.945 880.858
1442.543 881.054
1496.846 881.130
1551.673 881.245
1605.799 881.409
1660.842 881.475
1714.913 881.990
1770.239 881.504
297.091 932.336
350.977 932.455
406.137 932.508
460.849 932.663
515.119 932.805
569.086 933.265
624.158 933.318
678.682 933.416
732.955 933.654
787.675 933.764
842.181 933.748
896.756 934.042
951.123 934.094
1005.705 934.227
1060.518 934.537
1114.935 934.720
1169.564 934.889
1224.019 934.987
1278.676 935.120
1333.039 935.227
1387.708 935.328
1442.682 935.817
1496.801 935.872
1550.994 935.977
1605.681 936.039
1660.913 936.109
1714.647 936.360
1770.092 936.386
297.064 986.964
350.744 987.215
406.003 987.290
460.719 987.399
514.741 987.449
569.021 987.573
623.830 987.672
678.635 987.820
732.956 987.907
787.613 988.306
841.850 988.502
896.726 988.573
951.106 988.700
1005.757 988.946
1060.090 989.103
1114.928 989.110
1169.515 989.561
1223.858 989.672
1278.600 989.796
1332.954 989.943
1387.695 990.080
1442.555 990.090
1496.843 990.249
1550.962 990.329
1605.702 990.492
1660.928 990.985
1714.527 991.117
1769.890 991.101
296.931 1041.394
350.621 1041.549
405.956 1041.653
460.690 1041.724
514.704 1041.811
568.862 1042.295
623.768 1042.450
678.518 1042.545
732.897 1042.611
787.527 1042.770
841.862 1042.882
896.488 1043.001
950.927 1043.133
1005.587 1043.539
1060.002 1043.701
1114.733 1043.720
1168.970 1043.992
1223.830 1044.034
1278.548 1044.221
1332.977 1044.303
1387.735 1044.472
1441.808 1044.847
1496.931 1044.965
1551.012 1045.148
1605.686 1045.174
1660.768 1045.248
1714.358 1045.425
1769.821 1045.472
296.730 1096.044
350.699 1096.311
405.882 1096.334
460.093 1096.499
514.758 1096.599
568.858 1096.616
623.732 1096.854
678.001 1096.901
732.685 1097.351
787.267 1097.474
841.829 1097.543
896.451 1097.657
950.917 1097.827
1005.439 1097.977
1059.889 1098.068
1114.531 1098.202
1168.906 1098.652
1223.645 1098.700
1278.064 1098.886
1332.659 1099.007
1387.485 1099.030
1441.815 1099.216
1496.721 1099.321
1550.796 1099.430
1605.513 1099.911
1660.755 1100.000
1713.890 1099.991
1769.704 1100.198
296.534 1150.367
350.869 1150.611
405.631 1150.642
459.647 1150.829
514.300 1151.230
568.902 1151.342
623.532 1151.442
677.956 1151.627
732.476 1151.713
786.882 1151.957
841.669 1151.935
896.310 1152.106
950.827 1152.194
1005.321 1152.659
1059.751 1152.870
1114.447 1152.932
1168.921 1153.055
1223.485 1153.168
1277.920 1153.330
1332.581 1153.451
1387.443 1153.838
1441.670 1153.903
1496.291 1154.051
1550.673 1154.172
1604.891 1154.275
1660.109 1154.446
1713.932 1154.417
1769.728 1154.668
296.340 1205.138
351.038 1205.203
404.773 1205.454
459.475 1205.543
513.867 1205.593
568.514 1205.642
623.539 1205.870
677.832 1206.264
732.385 1206.399
786.850 1206.508
841.534 1206.667
895.909 1206.715
950.602 1206.965
1005.288 1207.050
1059.747 1207.117
1114.305 1207.572
1168.791 1207.668
1223.409 1207.793
1277.785 1207.922
1332.469 1208.070
1386.841 1208.217
1441.765 1208.342
1496.505 1208.416
1551.010 1208.828
1605.364 1208.907
1659.546 1208.934
1714.357 1209.144
1769.809 1209.353
350.908 1259.524
404.569 1260.275
459.805 1260.236
514.506 1260.408
568.807 1260.451
623.324 1260.611
677.731 1260.556
732.492 1260.803
786.750 1260.945
841.430 1261.039
895.841 1261.197
950.555 1261.564
1004.860 1261.671
1059.559 1261.816
1114.265 1262.054
1168.571 1262.127
1223.341 1262.253
1277.751 1262.351
1332.493 1262.424
1386.778 1262.852
1441.325 1262.960
1495.740 1263.114
1550.519 1263.278
1605.710 1263.502
1658.901 1263.398
1714.454 1263.609
350.507 1314.172
405.635 1314.573
459.586 1314.482
513.565 1314.715
568.366 1314.859
622.812 1315.323
677.630 1315.370
732.310 1315.412
786.643 1315.552
841.369 1315.712
895.791 1315.822
950.371 1316.004
1004.790 1316.161
1059.422 1316.548
1113.838 1316.691
1168.495 1316.769
1222.860 1316.871
1277.579 1317.035
1332.239 1317.199
1386.881 1317.168
1441.579 1317.386
1496.299 1317.819
1550.295 1317.464
1604.806 1318.011
1659.297 1317.994
1714.761 1318.340
405.308 1368.601
458.741 1369.469
514.288 1369.156
568.483 1369.411
622.696 1369.662
677.487 1369.759
731.826 1369.780
786.493 1369.832
840.888 1370.316
895.605 1370.609
950.252 1370.599
1004.644 1370.630
1059.322 1370.748
1113.756 1371.151
1168.404 1371.094
1222.852 1371.264
1277.367 1371.710
1331.805 1371.791
1386.591 1371.869
1440.719 1371.890
1495.465 1372.094
1550.740 1372.427
1604.332 1372.200
1659.487 1372.850
404.667 1423.366
459.591 1423.351
513.395 1424.282
568.418 1423.668
622.702 1423.910
677.328 1424.539
731.747 1424.432
786.353 1424.581
840.918 1424.954
895.538 1424.775
949.880 1424.758
1004.581 1424.981
1058.883 1425.102
1113.632 1425.029
1167.926 1425.870
1222.693 1425.925
1277.364 1425.945
1331.736 1426.262
1386.418 1426.145
1441.237 1426.413
1495.616 1426.784
1549.786 1426.467
1604.414 1426.941
1659.772 1427.268
459.342 1478.101
513.712 1478.242
567.641 1478.777
622.756 1478.460
676.841 1479.328
731.734 1478.777
786.324 1479.356
840.702 1478.977
895.462 1479.730
949.711 1479.932
1004.486 1479.978
1058.836 1480.128
1113.481 1480.613
1167.858 1480.195
1222.614 1480.680
1277.243 1480.777
1331.693 1481.021
1386.225 1480.897
1440.838 1481.204
1495.487 1481.171
1549.485 1481.054
1604.665 1481.853
513.570 1532.547
568.311 1532.612
622.335 1533.640
677.250 1533.263
731.516 1533.714
786.226 1533.743
840.560 1533.498
895.311 1533.825
949.728 1534.194
1004.298 1534.731
1058.699 1534.857
1113.456 1534.864
1167.738 1534.244
1222.500 1534.990
1276.905 1535.332
1331.326 1535.052
1386.378 1536.021
1440.561 1535.264
1495.055 1535.355
1549.804 1536.072
567.788 1587.513
622.588 1587.394
676.688 1588.295
731.430 1588.502
786.207 1587.751
840.505 1587.936
895.222 1588.671
949.526 1589.032
1004.192 1589.211
1058.643 1589.655
1113.279 1589.686
1167.728 1589.014
1222.278 1588.936
1277.211 1590.034
1331.205 1590.153
1385.582 1589.733
1440.363 1589.987
1495.471 1590.465
622.316 1642.414
676.825 1641.889
731.468 1641.915
786.122 1642.794
840.346 1643.577
895.142 1643.756
949.413 1643.794
1004.197 1643.851
1058.481 1644.002
1113.224 1644.194
1167.701 1644.446
1222.328 1644.259
1276.498 1643.848
1331.169 1644.005
1385.978 1644.464
1441.155 1645.233
731.230 1696.966
785.677 1696.876
840.357 1696.863
894.748 1696.909
949.307 1697.011
1003.703 1697.482
1058.393 1697.586
1113.116 1697.722
1167.363 1697.830
1221.752 1698.126
1276.563 1698.804
1331.410 1699.235
840.278 1752.699
894.993 1752.681
949.246 1752.655
1003.955 1752.779
1058.392 1752.940
1113.058 1753.100
1167.513 1753.179
1222.336 1753.382
