846.344 278.544
901.258 278.774
956.012 278.892
1010.359 279.006
1065.045 279.530
1119.350 279.588
1174.161 279.619
1228.436 279.685
737.198 332.715
792.051 333.067
846.895 333.722
901.234 333.973
955.894 334.007
1010.203 334.527
1064.955 334.672
1119.219 334.763
1174.025 334.843
1228.362 334.875
1283.042 334.857
1337.414 334.806
628.055 386.830
682.943 387.508
737.199 387.661
792.031 387.857
846.293 387.049
900.985 387.665
955.397 387.852
1010.083 387.943
1064.856 388.071
1119.202 388.022
1173.916 387.989
1228.347 388.594
1283.016 389.024
1337.210 389.815
1391.904 389.828
1446.924 389.638
573.312 441.045
628.296 441.894
682.899 441.886
736.992 441.579
791.790 441.970
846.203 442.781
900.930 441.974
955.269 442.103
1010.021 442.571
1064.359 442.722
1119.098 442.789
1173.432 443.125
1228.119 443.844
1282.390 443.988
1337.343 443.522
1391.918 443.915
1446.081 444.320
1501.116 444.127
518.929 495.772
573.472 496.592
628.116 496.111
682.231 496.041
737.096 496.868
791.625 496.587
846.158 497.011
900.830 497.013
955.138 496.895
1009.812 497.042
1064.277 497.526
1119.052 497.689
1173.318 497.944
1228.067 498.636
1282.396 498.031
1337.147 498.636
1391.850 498.691
1446.281 498.755
1500.685 499.233
1555.311 498.998
464.056 550.064
519.112 550.825
572.948 550.015
628.006 550.787
682.096 550.724
737.033 551.054
791.662 551.047
846.090 551.637
900.715 551.614
954.963 551.810
1009.756 551.895
1064.150 551.968
1118.899 552.004
1173.213 552.117
1227.987 552.949
1282.289 552.690
1336.948 552.974
1391.815 552.931
1446.082 553.107
1501.041 553.139
1554.920 553.941
1609.975 553.478
409.003 604.646
464.332 604.873
518.555 604.814
573.214 605.572
627.706 605.026
682.180 605.783
736.864 605.745
791.539 605.745
845.897 605.984
900.504 606.576
954.940 606.654
1009.721 606.604
1064.034 606.771
1118.838 607.094
1173.135 606.956
1227.804 607.114
1282.200 607.581
1336.839 607.706
1391.526 607.868
1446.162 607.764
1500.699 608.115
1555.219 608.051
1609.573 608.811
1664.291 608.271
409.664 659.105
464.133 659.704
518.067 659.585
572.872 659.666
627.807 659.915
682.137 660.062
736.720 660.112
791.110 660.110
845.788 660.654
900.521 660.793
954.815 661.016
1009.700 661.191
1063.953 661.584
1118.700 661.534
1172.997 661.596
1227.720 661.798
1282.077 661.891
1336.795 662.062
1391.093 662.188
1445.892 662.327
1500.682 662.349
1555.147 662.429
1609.613 663.030
1663.870 663.153
354.611 713.637
409.771 713.825
463.565 713.720
518.635 714.057
572.926 714.075
627.563 714.157
681.955 714.717
736.636 714.760
790.976 714.850
845.635 714.980
900.012 715.121
954.775 715.148
1009.107 715.726
1063.845 715.809
1118.515 715.809
1172.836 716.105
1227.596 716.044
1281.981 716.712
1336.608 716.720
1391.039 716.874
1445.724 716.985
1500.158 717.088
1554.791 717.231
1609.922 717.130
1663.529 717.943
1718.635 717.894
354.699 767.987
409.734 768.552
463.096 768.536
517.888 768.697
572.726 768.753
627.020 768.925
681.758 769.004
736.513 769.100
790.971 769.569
845.550 769.678
899.935 769.771
954.618 769.944
1008.991 770.530
1063.709 770.580
1118.008 770.648
1172.745 770.705
1227.095 770.900
1281.697 771.720
1336.700 771.043
1390.917 771.532
1445.664 771.606
1500.626 771.794
1555.039 771.844
1609.029 772.040
1663.647 772.099
1718.052 772.276
299.573 822.608
354.712 822.726
408.960 822.764
463.809 822.997
517.782 823.025
572.601 823.516
627.123 823.567
681.710 823.665
736.109 823.744
790.850 823.987
845.189 824.062
899.878 824.517
954.173 824.632
1008.907 824.810
1063.603 825.007
1117.990 824.973
1172.606 825.092
1227.118 825.539
1281.724 825.822
1336.183 825.737
1390.878 825.896
1445.143 826.062
1499.743 826.111
1554.187 826.264
1608.694 826.428
1663.879 826.418
1717.759 827.021
1773.148 826.967
299.574 876.894
354.787 877.095
408.548 877.535
463.761 877.669
517.925 877.788
572.684 877.827
626.830 878.024
681.662 878.077
735.939 878.524
790.577 878.615
845.042 878.765
899.752 878.892
954.136 879.029
1008.796 879.169
1063.150 879.553
1117.821 879.645
1172.208 879.779
1226.991 879.835
1281.546 880.029
1335.940 880.102
1390.625 880.589
1445.561 880.674
1499.840 880.801
1554.022 880.871
1608.762 881.005
1663.928 881.120
1717.564 881.396
1772.916 881.320
299.536 931.666
354.741 931.792
407.903 931.812
462.994 931.963
517.731 932.122
571.829 932.567
626.842 932.634
681.041 932.800
735.822 932.958
790.618 933.092
844.918 933.160
899.622 933.615
953.973 933.693
1008.604 933.798
1063.043 933.946
1117.762 934.056
1172.051 934.530
1226.780 934.692
1281.636 934.692
1335.930 934.920
1390.726 934.985
1444.878 935.135
1499.927 935.263
1554.186 935.368
1608.927 935.440
1663.851 935.872
1717.076 936.042
1772.730 936.152
299.049 985.946
354.646 986.079
407.962 986.541
462.695 986.677
517.008 986.777
571.812 986.887
626.819 986.996
681.042 987.146
735.757 987.576
790.099 987.689
844.855 987.810
899.150 987.930
953.969 988.001
1008.515 988.225
1062.950 988.663
1117.663 988.915
1172.013 988.877
1226.677 989.158
1281.081 989.190
1335.759 989.586
1390.148 989.635
1444.698 989.792
1499.785 989.910
1554.570 990.017
1608.976 990.156
1663.596 990.343
1716.926 990.426
1772.552 990.835
298.989 1040.735
354.614 1040.791
407.862 1040.945
462.579 1041.113
516.886 1041.141
571.793 1041.663
626.726 1041.806
681.110 1041.908
735.637 1041.980
790.111 1042.089
844.731 1042.533
899.003 1042.619
953.673 1042.773
1008.127 1042.941
1062.890 1043.128
1117.582 1043.172
1171.950 1043.601
1226.231 1043.677
1280.983 1043.819
1335.535 1043.926
1389.951 1044.106
1444.837 1044.240
1499.135 1044.271
1554.084 1044.496
1608.871 1044.860
1663.123 1045.006
1716.899 1045.142
1772.028 1045.239
298.878 1095.080
354.136 1095.140
407.672 1095.706
462.620 1095.796
516.932 1095.873
571.535 1095.983
626.629 1096.149
680.760 1096.581
735.526 1096.633
789.925 1096.814
844.672 1096.916
899.013 1096.989
953.599 1097.149
1008.048 1097.599
1062.750 1097.775
1117.101 1097.842
1171.873 1097.986
1226.127 1098.077
1280.851 1098.556
1335.522 1098.607
1389.868 1098.744
1444.503 1098.867
1499.139 1098.983
1554.201 1099.113
1608.862 1099.257
1663.043 1099.328
1716.699 1099.781
1771.936 1099.884
298.687 1149.818
353.949 1149.749
407.598 1150.035
462.844 1150.102
517.163 1150.565
571.788 1150.640
625.924 1150.793
680.830 1150.933
735.120 1151.039
789.822 1151.628
844.193 1151.545
898.821 1151.724
953.200 1151.866
1007.994 1152.091
1062.588 1152.148
1117.047 1152.589
1171.673 1152.735
1225.982 1152.828
1280.848 1152.879
1335.204 1153.093
1389.772 1153.226
1444.632 1153.304
1498.939 1153.375
1553.611 1153.770
1608.134 1153.955
1663.118 1154.139
1716.595 1154.082
1771.925 1154.319
298.547 1204.673
353.709 1204.178
407.855 1204.748
462.783 1204.712
516.808 1204.857
571.516 1205.000
626.019 1205.111
680.637 1205.564
735.009 1205.706
789.691 1205.912
844.107 1205.921
898.677 1206.135
953.202 1206.554
1007.911 1206.662
1062.166 1206.795
1116.830 1206.900
1171.545 1207.066
1225.966 1207.146
1280.604 1207.225
1335.058 1207.770
1389.763 1207.765
1444.060 1207.978
1498.854 1208.101
1553.509 1208.189
1607.570 1208.252
1662.718 1208.463
1716.613 1208.418
1772.532 1209.071
353.045 1258.941
408.063 1258.891
461.823 1259.641
516.656 1259.800
571.041 1259.804
625.777 1259.868
680.113 1260.040
735.016 1260.120
789.587 1260.592
843.823 1260.706
898.642 1260.784
953.083 1260.872
1007.706 1261.044
1062.118 1261.198
1116.751 1261.614
1171.100 1261.770
1225.797 1261.880
1280.530 1261.976
1334.874 1262.090
1389.692 1262.234
1444.083 1262.362
1498.699 1262.792
1553.592 1262.943
1607.967 1263.100
1661.871 1263.014
1716.779 1263.270
352.721 1313.776
408.618 1313.777
461.815 1314.040
516.917 1313.822
570.986 1314.081
625.688 1314.659
680.088 1314.759
734.777 1314.819
789.540 1314.864
843.878 1315.077
898.544 1315.228
952.984 1315.565
1007.596 1315.718
1062.021 1315.932
1116.594 1315.861
1170.990 1316.105
1225.767 1316.524
1280.102 1316.669
1334.751 1316.840
1389.654 1316.827
1443.934 1317.018
1498.636 1317.108
1552.718 1317.131
1607.819 1317.836
1661.735 1317.313
1716.935 1318.020
407.520 1368.066
462.551 1368.002
515.940 1368.850
570.981 1368.720
625.752 1368.816
679.966 1369.106
734.672 1369.514
789.053 1369.204
843.704 1369.666
898.105 1369.881
952.859 1369.767
1007.208 1370.047
1061.908 1370.542
1116.534 1370.581
1170.982 1370.741
1225.598 1370.849
1279.972 1371.084
1334.681 1371.537
1389.000 1371.201
1443.591 1371.565
1498.557 1371.866
1553.187 1372.043
1606.877 1371.836
1661.886 1372.098
406.802 1422.970
461.998 1422.740
516.553 1422.897
570.669 1423.642
625.604 1423.139
679.939 1423.743
734.526 1423.933
788.930 1423.944
843.629 1424.061
898.036 1424.149
952.789 1424.820
1007.103 1424.863
1061.790 1424.927
1116.141 1425.129
1170.781 1425.234
1225.519 1425.627
1279.845 1425.627
1334.560 1425.961
1388.980 1425.808
1443.775 1426.195
1498.032 1426.058
1552.823 1426.263
1606.850 1426.269
1662.072 1426.927
461.589 1477.814
516.544 1477.172
570.862 1477.684
624.915 1478.536
679.898 1477.887
734.096 1478.671
788.846 1478.523
843.624 1478.963
897.841 1478.756
952.556 1478.814
1007.037 1479.147
1061.617 1479.620
1116.019 1479.694
1170.688 1479.144
1225.121 1480.086
1279.838 1479.955
1334.145 1480.715
1388.802 1480.222
1443.543 1480.830
1498.042 1480.951
1552.009 1480.665
1607.122 1481.162
515.782 1532.583
570.790 1531.971
625.521 1532.081
679.535 1533.098
734.160 1532.649
788.705 1533.106
843.141 1533.743
897.792 1533.187
952.183 1533.063
1006.793 1533.593
1061.547 1533.657
1115.998 1533.851
1170.620 1533.839
1225.062 1534.783
1279.667 1534.850
1333.828 1534.786
1388.937 1535.282
1443.012 1534.982
1497.587 1534.977
1552.536 1535.381
570.028 1587.604
624.975 1586.940
679.833 1586.836
733.890 1587.767
788.523 1588.156
843.054 1587.821
897.751 1587.640
952.026 1587.827
1006.743 1588.016
1061.093 1588.541
1115.781 1588.588
1170.154 1588.157
1224.766 1588.736
1279.718 1589.691
1333.579 1589.680
1388.086 1589.065
1442.942 1589.614
1497.876 1590.107
624.691 1642.574
679.113 1641.901
734.021 1641.620
788.699 1641.545
842.975 1641.953
897.586 1642.696
951.994 1643.052
1006.693 1643.665
1060.979 1643.827
1115.739 1643.914
1170.094 1643.982
1224.784 1643.650
1278.948 1643.174
1333.714 1643.679
1388.580 1644.153
1443.073 1644.932
733.662 1696.986
788.132 1696.861
842.768 1696.773
897.578 1696.749
952.047 1696.793
1006.575 1696.893
1060.976 1697.022
1115.569 1697.144
1169.934 1697.611
1224.617 1697.843
1279.044 1698.183
1333.941 1698.944
842.661 1752.753
897.538 1752.690
951.797 1752.634
1006.546 1752.729
1060.847 1752.884
1115.567 1752.873
1169.921 1753.086
1224.808 1753.283
