913.02 224.57
967.90 224.72
1022.13 224.73
1076.84 224.73
1131.68 224.76
1185.96 224.68
1240.73 224.58
749.72 278.71
804.09 278.95
858.93 279.55
913.03 279.61
967.86 279.56
1022.08 279.50
1076.89 279.54
1131.66 279.56
1185.89 279.69
1240.62 279.78
1294.89 279.71
1349.67 279.59
1404.07 278.95
640.73 332.76
694.96 333.84
749.80 333.77
803.92 333.55
858.86 332.80
912.95 333.52
967.89 333.68
1022.12 333.76
1076.95 333.82
1131.68 333.71
1185.94 333.66
1240.72 332.94
1295.01 333.55
1349.73 333.86
1403.88 334.06
1458.73 333.98
1513.19 333.73
585.95 387.77
640.87 388.54
694.95 387.76
749.75 386.90
804.06 387.87
858.75 387.82
912.90 387.62
967.81 387.75
1022.05 387.81
1076.82 387.87
1131.67 387.78
1185.91 387.69
1240.69 387.86
1294.97 388.65
1349.67 388.60
1404.20 387.79
1458.68 388.66
1512.92 388.69
1567.96 388.53
531.58 442.55
586.16 442.60
640.58 441.75
694.98 442.50
749.81 442.55
803.87 441.95
858.73 442.67
912.97 441.95
967.76 442.57
1021.99 442.65
1076.74 442.72
1131.63 442.60
1185.92 442.57
1240.61 442.67
1294.90 442.90
1349.71 442.61
1403.94 442.89
1458.86 442.73
1513.03 442.89
1567.67 443.06
1622.16 442.86
476.88 496.90
531.72 496.87
585.73 496.70
640.62 497.55
694.87 496.68
749.58 496.99
803.83 496.85
858.70 497.01
912.86 496.84
967.81 497.57
1022.03 497.04
1076.82 497.61
1131.53 497.62
1185.86 496.97
1240.60 496.92
1294.90 497.71
1349.76 497.02
1403.98 497.61
1458.75 497.65
1513.04 497.62
1567.85 497.72
1621.88 497.88
1676.98 497.67
421.97 551.53
477.04 551.57
530.81 550.84
585.93 551.65
640.56 551.55
694.75 550.91
749.58 551.62
803.92 551.55
858.71 551.59
912.89 551.67
967.70 551.58
1021.97 551.68
1076.77 551.65
1131.54 551.61
1185.80 551.83
1240.71 551.82
1294.80 551.84
1349.69 551.76
1403.97 551.82
1458.68 551.90
1513.06 551.89
1567.90 551.91
1622.01 552.54
1676.68 552.58
1731.93 551.92
422.14 605.86
476.84 605.82
531.65 605.88
585.64 605.87
639.98 605.88
694.78 605.85
749.53 605.93
803.89 605.96
858.65 606.02
912.88 605.90
967.62 605.98
1021.91 606.02
1076.70 606.52
1131.55 606.56
1185.72 606.63
1240.58 606.48
1294.80 606.66
1349.71 606.66
1403.91 606.68
1458.72 606.67
1512.95 606.78
1567.75 606.78
1622.29 606.67
1676.59 606.98
1731.51 606.81
367.70 660.57
422.17 660.64
476.58 660.52
530.98 660.56
585.85 660.66
640.56 660.57
694.77 660.65
749.54 660.69
803.85 660.64
858.68 660.67
912.95 660.75
967.65 660.73
1021.95 660.66
1076.71 660.69
1131.00 660.84
1185.71 660.83
1240.57 660.84
1294.85 660.84
1349.60 660.94
1403.92 660.91
1458.73 660.95
1513.10 660.96
1567.81 660.98
1621.93 661.59
1677.08 660.98
1730.79 661.67
1785.98 661.57
367.80 714.83
421.95 714.81
476.94 714.83
530.94 714.83
585.69 714.85
640.53 714.88
694.79 714.92
749.54 714.97
803.84 714.95
858.62 714.96
912.89 714.98
967.62 714.99
1021.93 715.57
1076.70 715.63
1131.04 715.62
1185.76 715.62
1240.51 715.66
1294.75 715.70
1349.64 715.66
1403.93 715.73
1458.67 715.76
1513.03 715.73
1567.88 715.75
1622.27 715.73
1676.86 715.84
1730.84 715.91
1785.75 715.87
367.88 769.58
421.69 769.55
476.80 769.62
531.58 769.65
585.82 769.62
639.93 769.68
694.78 769.67
749.06 769.74
803.79 769.74
858.55 769.75
912.88 769.78
967.59 769.89
1021.95 769.85
1076.71 769.86
1130.98 769.94
1185.76 769.90
1240.06 769.90
1294.90 770.76
1349.52 769.97
1403.92 769.98
1458.69 770.03
1512.82 770.05
1567.65 770.10
1621.98 770.59
1676.52 770.63
1731.63 770.63
1785.61 770.67
312.83 823.82
367.84 823.87
421.87 823.86
476.52 823.80
530.76 823.90
585.65 823.89
640.55 823.92
694.70 823.90
749.05 823.96
803.80 824.06
858.52 824.11
912.87 824.07
967.58 824.53
1021.88 824.54
1076.64 824.09
1131.01 824.63
1185.68 824.62
1240.04 824.67
1294.79 824.84
1349.08 824.70
1403.87 824.69
1458.03 824.78
1513.09 824.80
1567.65 824.82
1621.79 824.82
1676.60 824.94
1731.86 824.92
1785.08 824.97
1840.77 824.94
312.91 878.61
367.67 878.64
422.09 878.65
476.63 878.67
530.87 878.62
585.81 878.69
639.90 878.72
694.71 878.73
749.07 878.76
803.92 878.90
858.54 878.83
912.78 878.86
967.62 878.81
1021.92 878.82
1076.60 878.90
1131.00 878.90
1185.66 878.93
1240.03 878.98
1294.75 879.00
1349.49 879.05
1403.91 879.07
1458.67 879.53
1512.83 878.96
1567.84 879.59
1622.02 879.60
1676.80 879.64
1731.87 879.64
1784.97 879.63
1840.66 879.67
313.01 932.85
366.96 932.90
422.08 932.90
476.85 933.02
531.60 933.00
585.58 933.03
640.04 933.02
694.67 932.98
749.03 933.02
803.72 933.54
858.08 933.53
912.79 933.61
967.53 933.60
1021.79 933.64
1076.60 933.62
1130.88 933.68
1185.65 933.71
1239.96 933.79
1294.76 933.80
1349.08 933.81
1403.85 933.79
1458.64 933.87
1512.68 933.89
1567.81 933.88
1622.10 933.97
1676.90 933.95
1731.71 933.95
1784.97 934.00
1840.56 933.98
312.97 987.58
366.86 987.71
422.07 987.67
476.87 987.70
530.96 987.73
585.51 987.75
639.99 987.77
694.76 987.76
749.05 987.81
803.77 987.84
858.01 987.88
912.80 987.92
967.65 987.83
1021.79 987.96
1076.59 988.00
1130.99 988.05
1185.63 988.12
1240.02 988.03
1294.69 988.12
1349.04 988.54
1403.77 988.57
1458.08 988.65
1512.80 988.66
1567.64 988.63
1622.16 988.69
1676.93 988.72
1731.62 988.75
1785.01 988.78
1840.04 988.87
313.00 1041.87
366.86 1042.49
422.11 1041.95
476.85 1041.97
531.52 1042.01
585.00 1042.01
640.03 1042.52
694.81 1042.57
748.97 1042.59
803.72 1042.54
858.03 1042.55
912.77 1042.61
967.53 1042.62
1021.84 1042.70
1076.56 1042.76
1130.87 1042.81
1185.66 1042.74
1239.95 1042.83
1294.67 1042.86
1349.05 1042.84
1403.71 1042.88
1457.90 1042.92
1512.94 1042.97
1567.52 1042.97
1622.21 1043.05
1676.95 1043.50
1731.52 1043.07
1784.95 1043.52
1839.94 1043.53
312.94 1096.68
367.57 1096.76
422.14 1096.69
476.71 1096.79
531.03 1096.80
585.60 1096.76
639.94 1096.93
694.64 1096.81
748.95 1096.87
803.72 1096.94
858.01 1096.91
912.71 1096.96
967.55 1096.98
1021.80 1097.09
1076.51 1097.13
1130.91 1097.60
1185.56 1097.49
1239.89 1097.60
1294.68 1097.64
1349.02 1097.58
1403.76 1097.59
1458.51 1097.66
1512.81 1097.73
1567.69 1097.74
1622.18 1097.76
1676.93 1097.83
1731.58 1097.82
1784.84 1097.76
1839.92 1097.87
312.80 1150.91
367.71 1150.88
421.88 1151.01
475.97 1151.52
530.69 1151.55
585.69 1151.55
639.92 1151.55
694.58 1151.60
748.99 1151.66
803.80 1151.61
858.03 1151.66
912.68 1151.65
967.08 1151.69
1021.81 1151.86
1076.08 1151.84
1130.80 1151.91
1185.56 1151.86
1239.94 1151.88
1294.68 1151.93
1349.02 1151.90
1403.79 1151.98
1458.07 1152.03
1512.90 1152.04
1566.99 1152.06
1621.71 1152.08
1676.06 1152.52
1731.68 1152.72
1784.93 1152.08
1840.55 1152.71
367.72 1205.60
421.57 1205.77
476.50 1205.79
530.87 1205.79
585.04 1205.78
639.82 1205.86
694.61 1205.91
748.99 1205.86
803.63 1206.01
858.07 1206.01
912.71 1206.01
967.06 1206.52
1021.75 1206.10
1076.10 1206.12
1130.85 1206.51
1185.52 1206.61
1239.87 1206.60
1294.64 1206.64
1348.99 1206.65
1403.70 1206.70
1458.00 1206.72
1512.82 1206.76
1567.63 1206.78
1621.96 1206.83
1676.00 1206.76
1730.84 1206.79
1785.01 1206.76
367.77 1259.96
420.96 1260.63
476.66 1260.56
531.55 1260.62
585.63 1260.65
639.81 1260.57
694.61 1260.68
748.90 1260.72
803.67 1260.68
857.99 1260.74
912.72 1260.76
966.98 1260.83
1021.68 1260.81
1076.09 1260.91
1130.82 1260.87
1185.10 1260.96
1239.82 1260.98
1294.52 1261.03
1348.92 1261.06
1403.68 1261.01
1458.01 1261.05
1512.72 1261.12
1566.99 1261.53
1621.86 1261.65
1676.85 1261.71
1730.51 1261.09
1785.64 1261.64
367.62 1314.61
422.03 1314.83
475.92 1314.84
530.73 1314.94
585.57 1314.87
639.85 1314.92
694.61 1314.96
748.84 1315.00
803.65 1315.05
857.96 1315.03
912.67 1315.55
967.02 1315.61
1021.74 1315.54
1076.07 1315.55
1130.73 1315.54
1185.07 1315.62
1239.88 1315.75
1294.60 1315.77
1348.90 1315.73
1403.79 1315.74
1458.07 1315.77
1512.83 1315.82
1567.64 1315.92
1621.60 1315.80
1676.71 1315.95
1730.59 1315.73
1785.86 1316.01
421.95 1368.64
475.98 1369.65
530.95 1369.02
584.99 1369.72
639.88 1369.62
694.61 1369.63
748.90 1369.68
803.67 1369.69
857.95 1369.82
912.71 1369.68
967.03 1369.89
1021.76 1369.81
1076.06 1369.82
1130.79 1369.78
1185.56 1369.99
1239.91 1369.95
1294.54 1369.93
1348.88 1370.08
1403.64 1370.09
1457.88 1370.08
1512.62 1370.05
1566.95 1370.56
1622.08 1370.74
1675.78 1369.98
1730.81 1370.63
421.76 1423.95
476.55 1423.67
530.56 1424.52
585.69 1423.81
639.67 1424.53
694.62 1423.89
748.87 1423.93
803.64 1424.51
857.96 1423.96
912.69 1424.60
967.05 1424.02
1021.72 1424.06
1075.98 1424.58
1130.75 1424.60
1185.51 1424.04
1239.83 1424.74
1294.59 1424.61
1348.88 1424.67
1403.66 1424.90
1457.84 1424.64
1512.84 1424.88
1567.61 1424.80
1621.65 1424.80
1675.87 1424.82
1731.65 1425.07
475.90 1478.54
530.84 1477.98
584.95 1478.86
639.86 1478.59
693.99 1478.85
748.91 1478.61
803.58 1478.97
857.94 1478.68
912.59 1478.85
966.98 1479.56
1021.70 1479.05
1075.94 1478.95
1130.80 1478.90
1185.04 1479.60
1239.82 1479.02
1294.57 1479.08
1348.88 1479.53
1403.62 1479.70
1457.91 1479.02
1512.63 1479.62
1567.52 1479.71
1621.03 1479.02
1676.64 1479.73
530.77 1532.92
585.74 1532.68
639.75 1533.58
694.03 1533.53
748.88 1532.92
803.56 1533.74
857.93 1533.00
912.61 1532.95
966.96 1533.67
1021.63 1533.87
1075.94 1533.87
1130.81 1533.93
1185.07 1533.93
1239.81 1533.66
1294.07 1533.86
1348.90 1534.00
1403.04 1533.65
1458.03 1534.10
1512.61 1533.81
1566.73 1533.69
1621.74 1534.01
585.04 1587.80
639.85 1587.56
694.61 1587.75
748.61 1588.70
803.60 1587.84
857.93 1587.64
912.58 1587.82
966.93 1588.60
1021.69 1588.70
1076.02 1588.76
1130.74 1588.75
1185.01 1588.77
1239.75 1588.07
1294.01 1588.00
1348.86 1589.08
1403.69 1588.80
1457.70 1587.96
1512.10 1588.11
1567.51 1588.84
639.72 1642.62
694.62 1641.92
748.86 1641.79
803.62 1641.91
857.97 1642.76
912.61 1642.96
966.86 1642.97
1021.62 1642.94
1075.91 1642.97
1130.71 1642.96
1184.96 1643.03
1239.89 1643.76
1294.56 1642.99
1348.67 1642.59
1403.04 1642.67
1457.78 1642.95
1512.77 1643.73
748.80 1696.95
803.54 1696.79
857.93 1696.66
912.58 1696.56
966.98 1696.58
1021.65 1696.57
1075.96 1696.67
1130.66 1696.75
1184.88 1696.67
1239.69 1696.75
1293.92 1696.95
1348.76 1697.54
1403.68 1697.83
912.59 1751.94
966.85 1751.91
1021.63 1751.91
1075.90 1751.87
1130.70 1751.91
1184.96 1751.91
1239.79 1752.52
