840.800 121.690
931.960 122.380
1023.610 122.920
1113.850 123.520
1205.080 124.040
1296.170 124.110
658.630 211.880
749.160 212.130
840.500 212.640
931.420 213.320
1021.780 213.940
1113.600 214.370
1204.110 215.000
1294.900 215.230
1385.960 215.980
1477.370 216.520
476.330 301.650
567.020 302.440
658.170 302.830
749.290 303.130
840.220 303.690
931.210 304.110
1022.110 304.780
1113.030 305.350
1203.930 305.630
1295.340 306.310
1386.370 306.820
1477.520 307.340
1568.290 308.310
1659.750 308.380
384.430 392.040
475.770 392.610
566.960 393.050
657.360 393.300
748.750 394.040
839.870 394.490
930.520 394.970
1021.470 395.620
1112.490 396.090
1203.640 396.520
1294.720 397.070
1385.810 397.480
1476.400 398.160
1567.810 398.760
1658.580 399.300
1750.000 399.280
384.270 482.770
475.220 483.600
565.890 483.980
656.440 484.460
747.740 484.670
839.020 485.400
929.110 486.130
1020.370 486.470
1112.040 486.720
1203.480 487.430
1294.170 487.940
1385.040 488.550
1476.260 489.330
1567.360 489.510
1658.170 490.350
1748.400 490.970
292.920 573.430
383.730 573.840
474.840 574.470
565.810 574.930
656.450 575.220
747.310 575.890
838.460 576.450
929.300 577.010
1020.400 577.620
1111.620 578.060
1202.520 578.570
1293.730 579.170
1384.710 579.650
1475.830 580.070
1566.760 580.600
1657.400 581.270
1748.680 581.840
1840.160 581.930
292.020 664.430
383.170 664.880
473.980 665.420
565.170 665.910
656.080 666.270
746.800 666.910
837.990 667.470
928.620 667.780
1020.120 668.610
1110.830 669.050
1201.980 669.260
1293.000 669.980
1384.170 670.440
1474.890 671.040
1565.850 671.120
1657.380 671.820
1748.300 672.760
1839.270 673.500
200.380 755.020
291.990 755.420
382.400 755.690
473.060 756.180
564.500 756.720
655.410 757.280
746.710 757.630
837.340 758.130
928.430 758.950
1019.170 759.300
1109.940 759.730
1201.370 760.400
1292.320 760.780
1383.300 761.510
1474.580 761.770
1565.680 762.490
1656.640 763.080
1747.590 763.500
1838.760 764.310
1930.050 764.510
200.460 845.740
290.660 846.370
381.950 846.540
472.920 847.090
563.970 847.750
654.900 848.380
745.840 848.960
837.040 849.240
928.100 849.820
1018.910 850.270
1110.050 850.590
1200.840 851.420
1292.300 851.780
1382.950 852.410
1474.240 852.670
1565.190 853.410
1656.030 854.120
1746.730 854.560
1838.200 855.030
1929.020 855.360
200.340 936.760
289.990 937.360
381.480 937.830
472.410 938.240
563.350 938.610
653.960 939.150
745.680 939.660
836.340 940.050
927.660 940.620
1018.850 941.110
1109.200 941.630
1200.210 942.270
1291.580 942.660
1381.490 943.230
1473.390 943.890
1564.350 944.070
1655.390 944.900
1745.940 945.460
1836.490 946.060
1928.230 946.330
199.380 1027.640
289.860 1028.190
380.500 1028.680
471.460 1029.120
562.770 1029.710
653.870 1030.110
744.950 1030.750
836.260 1031.130
926.980 1031.440
1017.940 1032.260
1108.680 1032.350
1199.810 1033.320
1291.070 1033.630
1381.860 1033.750
1472.380 1034.460
1563.970 1035.370
1654.840 1035.880
1745.620 1036.290
1836.180 1036.720
1928.020 1037.070
198.510 1118.770
289.410 1119.080
380.350 1119.390
471.580 1119.780
561.880 1120.510
652.970 1121.060
744.230 1121.510
835.420 1121.920
926.520 1122.340
1016.600 1123.060
1107.940 1123.550
1199.600 1124.100
1289.840 1124.710
1381.370 1125.210
1472.840 1125.640
1563.090 1126.180
1654.240 1126.890
1745.620 1127.300
1836.160 1127.630
1927.480 1128.140
198.020 1209.540
289.200 1210.030
380.180 1210.690
470.560 1211.000
561.700 1211.510
652.740 1211.860
744.110 1212.420
834.970 1212.960
925.980 1213.510
1016.940 1214.050
1107.620 1214.610
1199.260 1214.980
1290.370 1215.440
1380.840 1216.050
1471.920 1216.530
1563.110 1216.830
1653.970 1217.880
1744.540 1218.120
1836.350 1218.780
1927.340 1219.160
287.810 1300.880
379.790 1301.350
470.040 1302.020
560.880 1302.290
652.160 1302.930
743.260 1303.430
834.270 1303.850
925.490 1304.500
1016.240 1305.050
1107.050 1305.490
1198.310 1306.030
1288.410 1306.450
1380.500 1307.250
1471.500 1307.510
1562.090 1308.100
1653.520 1308.970
1744.210 1309.210
1835.460 1309.780
287.300 1391.480
378.650 1392.290
469.390 1392.760
561.050 1393.230
651.080 1393.710
742.990 1394.480
833.220 1394.790
924.590 1395.470
1015.040 1395.860
1106.930 1396.170
1197.650 1396.880
1288.720 1397.590
1380.040 1398.030
1470.720 1398.370
1561.300 1398.950
1653.120 1399.420
1743.960 1399.930
1834.670 1400.530
378.350 1482.980
469.480 1483.920
560.260 1484.220
651.450 1484.760
742.560 1485.130
833.250 1485.710
924.320 1486.510
1015.410 1486.830
1106.080 1487.280
1196.670 1487.840
1288.430 1488.650
1379.500 1488.960
1470.610 1489.480
1560.720 1490.110
1652.850 1490.410
1742.340 1490.970
377.830 1574.180
468.700 1574.540
559.480 1575.210
650.530 1575.920
741.750 1576.210
832.610 1576.720
923.610 1577.160
1014.450 1577.810
1105.560 1578.420
1196.520 1578.840
1287.440 1579.400
1378.790 1579.870
1469.860 1580.490
1560.620 1580.960
1652.040 1581.450
1742.900 1582.210
468.730 1665.480
559.510 1665.930
650.430 1666.660
741.110 1667.130
832.130 1667.470
923.320 1668.220
1014.350 1668.660
1105.340 1669.030
1196.430 1669.700
1287.020 1670.570
1377.850 1670.880
1469.560 1671.220
1559.790 1671.540
1651.460 1672.940
649.560 1757.400
740.550 1758.160
831.780 1758.480
922.910 1759.260
1013.700 1760.010
1104.950 1760.520
1195.820 1760.400
1286.540 1761.460
1377.480 1762.160
1468.730 1762.380
831.310 1849.570
921.820 1850.120
1013.340 1850.580
1104.360 1851.070
1194.870 1851.580
1284.940 1852.170
