243.872 19.205
268.975 19.076
168.967 44.087
193.947 44.085
218.965 44.112
243.740 44.105
268.956 44.020
293.841 44.036
318.874 44.254
343.807 44.111
118.861 69.152
143.797 69.173
168.963 69.090
193.940 69.004
218.905 69.019
244.000 69.117
269.031 68.965
293.832 69.131
318.959 69.073
343.887 68.972
368.939 69.042
393.870 68.944
93.891 94.098
118.945 94.049
143.928 94.081
168.840 93.980
193.952 93.974
218.926 94.026
243.849 93.936
268.818 93.898
293.897 93.921
318.864 94.058
343.854 94.110
368.918 94.012
393.913 94.054
418.953 94.108
68.938 119.210
93.949 119.009
118.902 118.991
143.788 118.983
169.083 119.117
193.818 119.054
218.806 119.112
243.890 119.036
268.887 119.005
293.782 118.901
318.888 118.993
343.973 118.977
368.917 119.029
393.947 118.990
418.944 119.094
443.580 119.100
68.993 144.026
93.734 144.089
118.828 144.041
143.836 143.850
168.892 144.179
193.903 144.018
218.877 144.120
244.019 144.062
268.933 143.989
293.983 143.935
318.868 144.081
343.820 143.972
368.867 144.122
393.954 144.006
419.154 144.016
444.015 143.931
44.115 168.997
69.052 169.052
93.817 169.165
118.843 168.877
143.833 169.034
168.815 168.910
193.967 168.992
218.891 168.893
243.973 169.069
268.961 169.047
293.982 169.048
318.881 169.018
343.803 169.023
368.829 169.034
393.817 169.054
418.903 168.984
443.966 169.289
468.843 169.051
43.919 194.036
68.933 194.006
93.895 193.861
118.942 194.029
143.979 194.040
168.923 193.812
193.976 194.019
219.007 193.987
243.878 194.047
268.894 193.951
293.985 194.038
318.840 194.066
343.929 194.030
368.802 193.953
394.000 194.085
418.916 193.811
444.007 193.994
468.836 194.041
44.029 219.001
68.832 219.078
93.951 219.077
118.872 218.992
144.098 219.146
168.990 219.008
193.992 218.952
218.949 218.969
243.855 218.862
268.912 219.070
293.843 218.984
318.936 219.018
343.893 218.994
368.880 218.945
393.901 219.039
419.063 218.981
443.895 218.981
468.866 219.002
19.163 244.031
43.962 244.000
68.887 244.014
93.806 243.953
118.874 244.027
143.879 243.941
168.922 244.133
193.882 243.772
218.981 244.058
243.940 243.941
268.701 243.846
294.026 243.884
318.939 243.935
344.110 244.034
368.868 244.082
393.920 244.054
418.906 243.943
444.045 244.060
468.859 244.069
493.960 243.813
19.015 269.062
44.119 269.116
68.901 269.060
93.918 269.007
118.987 269.091
144.056 268.968
168.922 268.821
194.092 269.068
218.836 268.935
244.032 269.119
268.937 269.051
293.945 268.923
318.976 269.138
343.810 268.891
368.989 268.995
393.846 268.960
418.981 268.994
443.892 269.160
468.899 269.058
493.842 268.857
43.954 294.021
68.960 293.793
94.021 293.946
119.086 293.970
143.879 293.981
168.883 293.952
193.959 293.994
219.026 293.986
243.931 293.873
268.928 293.918
293.962 293.931
318.945 294.156
343.906 293.999
368.887 294.035
394.033 293.959
418.905 294.059
443.897 294.152
468.862 293.852
43.955 319.104
68.895 318.909
93.892 318.957
118.873 318.914
143.898 318.910
168.997 319.183
194.000 319.026
219.014 319.031
244.140 318.995
268.903 319.010
293.944 318.899
318.851 318.926
343.841 318.962
368.835 319.046
393.837 319.013
418.828 319.025
443.903 319.093
468.877 319.003
44.055 343.920
68.993 343.906
93.921 343.930
118.963 344.135
143.866 344.023
169.033 343.942
193.915 343.979
218.995 344.049
243.774 343.978
268.932 344.062
294.046 343.808
318.928 344.034
343.974 343.969
368.860 344.001
394.028 343.958
418.935 343.964
443.944 343.877
468.869 343.981
69.087 368.906
93.841 368.953
118.984 368.972
144.098 368.981
168.938 368.875
193.783 369.009
218.948 369.089
243.909 368.962
268.956 368.869
293.845 368.992
318.816 368.944
343.861 368.998
368.965 368.955
393.899 368.960
418.816 369.050
443.978 368.971
69.004 393.894
94.011 394.010
119.067 394.103
144.015 393.904
168.884 393.984
193.939 393.917
218.930 393.979
243.874 394.069
269.026 394.004
294.032 394.002
319.012 394.009
343.877 393.987
368.829 393.911
393.875 393.995
418.773 393.942
443.861 393.882
94.084 418.809
118.945 418.951
144.044 418.990
168.875 419.065
193.872 418.897
218.878 419.154
243.969 418.969
268.903 418.922
293.993 419.056
318.918 418.958
343.899 419.049
368.934 419.204
393.959 418.900
418.962 418.830
118.889 443.806
143.958 443.890
168.933 443.837
193.939 444.030
218.758 443.945
244.037 443.912
268.916 444.139
294.060 444.098
318.946 443.925
343.872 444.040
368.978 443.873
393.901 443.828
168.957 468.921
194.033 469.010
218.994 469.064
243.960 468.821
269.025 468.894
293.945 469.001
318.982 468.917
343.926 468.943
244.019 493.919
268.835 493.922
