243.127 18.068
268.056 18.043
168.149 43.142
193.049 43.136
218.029 43.130
243.040 43.073
268.087 43.220
293.015 42.960
317.937 43.027
342.896 43.376
117.960 68.346
143.117 68.130
168.130 68.161
193.114 67.938
217.986 68.034
242.980 67.880
268.295 67.840
292.900 68.018
318.084 68.026
342.932 67.994
368.111 67.972
393.047 68.116
93.217 93.202
118.194 92.921
143.089 92.965
168.047 93.032
193.122 92.978
218.222 92.899
243.083 92.988
268.155 93.087
293.184 93.035
318.143 92.983
343.097 92.956
368.077 93.067
392.970 92.845
417.942 93.128
68.101 118.081
93.227 118.061
118.016 118.024
143.075 117.933
167.951 118.459
192.984 118.114
217.950 118.019
243.176 118.063
268.073 118.006
293.110 118.033
318.015 117.978
343.072 118.001
367.957 117.991
393.139 117.912
418.051 117.990
442.992 117.997
68.112 143.063
92.929 142.980
118.098 142.908
143.082 142.948
168.017 143.041
192.986 143.100
218.063 142.987
242.969 143.013
268.109 143.096
293.170 142.997
318.133 142.984
343.008 142.971
368.139 142.902
393.067 143.065
418.056 142.899
443.043 143.018
43.460 168.132
68.051 167.964
93.061 167.997
118.054 168.033
143.178 168.003
168.283 168.118
193.146 168.162
218.183 168.032
243.241 168.003
268.097 167.965
293.043 167.999
318.059 168.061
343.135 168.022
367.983 168.075
393.147 167.898
418.085 167.943
442.948 168.061
468.100 168.076
43.155 193.024
68.140 192.988
93.154 193.044
118.191 192.916
143.138 193.012
168.137 193.081
193.104 193.016
217.905 193.117
243.116 193.321
268.055 193.185
292.967 193.115
317.987 192.980
343.038 193.009
368.011 192.988
393.146 193.131
418.137 193.055
443.017 192.972
467.950 192.955
43.216 218.068
67.970 217.946
93.089 218.072
117.859 217.957
143.005 217.984
167.999 217.977
193.209 218.156
218.110 217.940
242.980 217.914
268.116 218.046
293.119 217.942
318.030 218.000
343.118 217.933
367.986 218.090
393.125 218.033
418.135 217.963
443.054 218.074
467.999 218.089
18.270 243.090
43.175 242.884
68.138 242.904
93.138 242.993
118.092 242.970
143.008 243.026
168.016 243.063
192.954 243.014
217.847 242.930
243.007 242.971
268.169 243.011
293.116 243.013
318.111 243.047
342.875 243.080
368.123 243.022
393.014 242.894
418.013 242.979
443.076 243.083
468.022 242.803
492.934 243.039
18.155 268.083
43.182 268.059
68.110 267.996
92.964 267.957
118.119 268.129
143.210 267.969
168.011 267.745
193.077 267.945
218.094 267.989
243.196 268.121
268.095 268.071
293.046 267.912
318.050 267.995
342.959 267.972
368.024 267.885
393.040 268.076
418.113 267.909
443.049 268.117
467.794 267.947
492.767 268.069
43.160 293.001
68.040 292.996
93.015 292.908
118.117 292.941
142.929 292.988
168.193 292.955
193.042 293.023
218.208 292.873
243.070 293.005
268.094 293.029
293.091 293.093
318.032 293.027
342.993 293.089
368.242 293.104
393.003 293.150
418.008 292.851
443.018 293.036
467.924 293.016
43.151 317.994
68.014 318.024
93.194 317.965
118.076 317.936
143.103 318.215
168.032 318.006
193.230 317.885
218.158 317.983
243.090 317.869
268.047 317.972
293.029 317.837
317.876 317.956
342.974 317.983
367.982 318.016
392.981 318.006
418.161 318.080
442.969 317.918
467.926 317.906
43.208 342.846
68.142 343.038
93.190 343.088
117.972 342.905
143.089 342.986
168.181 343.091
193.057 343.027
218.139 343.015
243.197 342.977
267.997 342.986
293.061 343.041
318.032 342.913
342.991 343.098
368.129 343.043
392.980 342.984
418.119 342.888
443.010 342.932
468.058 342.865
68.270 368.012
93.102 368.068
118.191 368.156
143.114 367.974
168.284 367.928
193.155 368.012
218.064 367.948
243.038 367.908
268.078 368.084
293.227 367.956
317.934 368.040
343.193 367.965
368.080 367.982
393.081 367.910
418.033 368.047
443.026 367.881
68.204 393.059
93.101 393.111
118.067 393.062
143.100 392.974
168.065 393.082
193.089 393.032
218.151 393.044
243.077 393.031
268.091 392.957
292.994 392.946
318.023 393.044
343.034 393.019
368.019 393.005
393.051 393.070
418.102 392.955
443.002 393.050
93.258 417.994
118.040 418.023
142.986 417.979
168.032 418.063
193.165 418.096
218.136 418.065
243.127 417.836
267.993 417.952
293.142 417.992
318.019 417.949
343.130 418.088
367.989 418.039
393.056 417.964
417.914 418.016
118.114 443.000
143.275 442.955
167.974 442.885
193.052 442.970
218.067 442.956
243.030 443.066
268.158 442.949
292.981 443.429
318.180 443.055
342.953 442.884
368.053 442.916
393.057 442.887
168.154 467.956
193.058 467.854
217.976 467.917
243.053 467.819
267.946 467.860
293.130 467.845
317.992 467.750
343.055 467.815
243.068 492.832
267.950 492.855
