243.435 18.130
268.254 18.467
168.291 43.005
193.493 43.116
218.585 43.195
243.484 43.205
268.627 43.102
293.716 43.142
318.434 43.127
343.353 43.213
118.466 68.015
143.371 68.131
168.400 68.018
193.344 68.013
218.395 68.108
243.441 68.066
268.431 68.085
293.537 68.124
318.737 68.056
343.440 67.928
368.569 68.284
393.519 68.146
93.549 93.116
118.470 93.083
143.455 93.111
168.427 93.080
193.425 93.135
218.427 93.017
243.362 93.138
268.464 93.136
293.468 93.072
318.419 92.883
343.455 92.861
368.491 93.044
393.514 93.099
418.651 93.037
68.458 118.006
93.341 118.243
118.319 118.088
143.359 118.055
168.435 118.059
193.366 118.094
218.411 118.024
243.412 118.076
268.380 118.204
293.503 117.870
318.668 118.081
343.429 118.072
368.474 118.022
393.647 117.950
418.688 118.077
443.412 118.087
68.371 142.966
93.378 143.000
118.308 142.999
143.703 142.982
168.509 143.077
193.380 143.143
218.422 143.182
243.478 143.051
268.620 143.143
293.366 143.235
318.788 143.138
343.490 143.043
368.418 142.940
393.887 142.989
418.680 143.080
443.402 143.007
43.409 168.240
68.287 168.099
93.322 168.009
118.290 167.997
143.446 168.143
168.520 168.017
193.502 168.068
218.473 168.076
243.522 168.078
268.403 168.077
293.302 168.007
318.646 168.103
343.708 168.189
368.750 167.973
393.636 167.916
418.598 168.031
443.789 168.124
468.407 168.098
43.429 192.955
68.419 192.985
93.346 192.914
118.475 192.955
143.443 193.070
168.369 192.969
193.492 193.145
218.443 193.103
243.315 193.129
268.477 192.953
293.568 193.026
318.372 193.066
343.425 193.066
368.491 192.834
393.546 192.919
418.654 193.053
443.549 193.144
468.492 193.001
43.405 217.969
68.243 217.979
93.217 218.114
118.423 218.014
143.328 218.094
168.453 218.099
193.703 218.091
218.457 218.133
243.625 218.132
268.514 218.056
293.594 218.052
318.709 218.035
343.449 217.958
368.364 218.065
393.671 218.146
418.715 217.932
443.759 218.021
468.510 218.031
18.564 243.081
43.300 242.898
68.354 243.010
93.415 242.962
118.372 242.965
143.588 242.981
168.707 243.185
193.464 243.052
218.377 243.137
243.313 242.908
268.577 243.079
293.494 242.956
318.580 243.060
343.768 243.060
368.700 243.067
393.384 243.076
418.567 243.056
443.615 243.276
468.498 243.011
493.485 243.074
18.406 268.022
43.469 267.960
68.334 268.033
93.387 268.034
118.575 267.940
143.430 268.097
168.555 268.133
193.503 268.041
218.632 268.055
243.408 267.949
268.450 268.206
293.418 267.942
318.453 267.917
343.406 267.988
368.539 268.035
393.357 268.070
418.451 268.032
443.431 268.045
468.469 268.121
493.785 268.063
43.642 293.001
68.330 293.161
93.356 293.148
118.279 293.150
143.623 293.065
168.300 293.118
193.405 293.062
218.465 293.105
243.350 293.105
268.333 293.138
293.511 292.954
318.437 292.965
343.482 292.998
368.720 292.941
393.468 293.066
418.738 293.082
443.456 293.147
468.741 293.010
43.381 317.976
68.291 318.030
93.454 318.001
118.486 317.973
143.441 318.003
168.508 318.006
193.420 318.036
218.437 318.162
243.502 317.920
268.604 318.224
293.366 318.014
318.409 318.128
343.493 318.029
368.713 318.037
393.710 318.062
418.723 318.187
443.471 318.104
468.408 318.018
43.428 343.064
68.566 343.088
93.243 342.993
118.426 343.047
143.482 343.029
168.538 342.952
193.385 342.981
218.498 343.116
243.787 343.077
268.639 342.902
293.408 343.050
318.508 342.994
343.727 343.044
368.447 343.097
393.763 343.132
418.615 343.033
443.671 343.155
468.428 342.915
68.504 368.082
93.548 368.008
118.384 368.078
143.400 367.975
168.405 368.055
193.438 368.036
218.450 367.847
243.641 368.055
268.515 367.936
293.671 368.109
318.648 367.978
343.687 367.939
368.544 368.041
393.655 367.914
418.679 368.069
443.388 368.087
68.631 393.029
93.472 393.024
118.346 392.968
143.425 393.018
168.643 392.999
193.707 393.024
218.486 393.080
243.424 392.830
268.589 393.021
293.499 392.990
318.567 393.036
343.505 393.014
368.777 393.154
393.581 393.095
418.537 393.095
443.454 393.044
93.426 417.773
118.550 417.965
143.397 418.074
168.336 418.110
193.656 418.090
218.432 418.094
243.440 418.262
268.514 418.070
293.741 418.192
318.428 417.909
343.756 418.105
368.420 418.085
393.465 418.150
418.464 418.019
118.337 442.864
143.661 442.882
168.464 442.992
193.722 443.094
218.461 443.091
243.475 443.080
268.675 443.040
293.598 442.947
318.507 443.054
343.445 443.022
368.729 443.048
393.543 443.152
168.538 467.944
193.562 467.972
218.498 467.979
243.686 468.048
268.558 468.057
293.330 467.935
318.364 468.011
343.731 468.002
243.702 492.872
268.468 492.820
