244.036 18.936
268.960 18.984
169.117 43.881
193.980 44.027
218.580 43.958
243.864 43.921
268.784 43.972
293.913 43.808
318.594 43.955
343.906 43.874
118.982 69.107
143.889 68.999
169.077 68.846
193.900 68.812
219.033 68.778
244.066 68.927
269.034 68.803
293.994 68.889
318.978 68.878
343.973 68.985
368.904 68.903
393.699 68.875
94.142 93.788
118.931 93.981
144.016 93.855
168.917 93.886
193.973 93.865
218.999 93.957
243.926 93.864
268.904 93.940
293.831 93.780
318.926 93.919
343.902 93.788
369.025 93.875
394.008 93.964
418.572 94.183
69.128 118.968
94.007 118.896
118.935 118.851
143.930 118.882
168.795 118.985
193.910 119.043
219.067 119.002
243.825 118.933
268.874 119.011
294.008 118.888
318.823 118.958
343.882 118.973
368.895 118.690
393.972 118.869
418.831 119.002
443.441 118.724
68.977 143.960
93.931 143.776
118.947 143.927
143.959 143.798
168.929 144.024
193.855 143.901
218.973 143.917
243.818 143.746
269.061 143.807
293.892 143.805
319.025 144.076
343.764 144.024
368.937 143.842
394.031 143.838
418.934 143.780
443.636 143.748
44.067 168.894
68.995 168.913
93.973 168.948
118.957 168.819
143.995 168.938
169.071 168.862
193.993 168.834
218.974 168.952
243.855 168.931
268.992 168.819
294.082 168.909
318.805 168.826
343.906 168.832
368.829 168.988
394.005 168.846
418.564 168.833
443.816 168.852
468.598 168.819
44.027 193.993
68.979 193.898
94.032 193.973
118.990 193.922
144.024 193.850
168.981 193.795
193.848 193.877
219.040 193.768
243.935 193.790
268.857 193.884
293.780 194.002
318.957 193.999
343.932 193.900
368.852 193.899
393.847 193.919
418.983 193.921
443.894 193.935
468.530 193.873
44.136 218.887
68.852 218.863
94.018 218.822
118.916 218.989
143.677 218.993
168.993 218.937
194.092 218.834
218.925 218.864
244.086 218.882
268.990 219.010
293.871 218.849
318.943 218.835
343.950 218.813
368.943 218.838
393.845 218.938
419.048 218.818
443.856 218.740
468.857 218.766
19.010 243.909
43.950 243.903
68.859 243.946
93.935 243.935
119.023 243.945
143.997 243.852
168.911 243.849
193.895 243.841
219.026 243.902
244.000 243.870
268.988 243.934
293.860 243.762
318.933 243.808
343.946 243.911
368.891 243.949
393.870 243.914
418.816 243.923
443.854 243.944
468.862 243.835
493.656 243.898
19.107 268.817
44.077 268.855
68.865 268.995
93.969 268.827
119.015 268.978
143.976 268.803
169.015 268.857
193.998 268.874
218.925 268.887
243.985 268.855
268.831 268.901
293.803 268.934
318.729 268.720
343.893 268.914
369.052 268.876
393.908 268.765
418.832 268.757
443.863 268.975
468.584 269.088
493.520 268.783
44.019 293.962
68.799 293.804
93.828 293.794
119.024 294.036
144.048 293.787
168.846 293.798
193.916 293.909
218.899 293.883
244.124 293.860
269.031 293.886
293.930 293.810
318.770 293.905
343.791 293.964
368.939 293.959
393.938 294.001
418.955 293.883
443.633 293.896
468.785 293.774
44.039 318.820
69.089 318.934
93.979 318.859
119.043 318.769
144.137 318.869
168.969 318.866
194.023 318.905
218.915 319.031
243.939 318.939
268.965 318.883
293.831 318.914
319.037 318.707
343.944 318.888
368.790 318.694
393.889 318.775
418.774 318.769
443.979 318.938
468.588 318.779
44.111 343.862
68.976 343.694
93.872 343.802
118.902 343.839
143.979 343.807
169.076 343.867
193.850 343.805
218.957 343.834
244.027 343.918
268.871 343.712
293.993 343.900
318.917 343.886
343.973 343.745
368.904 343.881
393.727 343.926
418.903 343.801
443.845 343.887
468.756 343.908
68.864 368.887
93.869 368.793
118.910 368.858
143.954 368.839
168.846 368.901
194.049 368.709
218.931 368.835
243.970 368.841
268.809 368.828
293.570 368.846
318.932 368.733
343.808 368.853
368.923 368.953
393.765 368.878
418.968 368.883
443.770 368.740
69.044 393.842
93.907 393.917
118.968 393.987
143.899 394.046
168.974 393.975
193.922 393.861
218.857 393.842
243.959 393.792
268.745 393.830
293.937 393.879
318.940 393.736
343.911 393.889
368.800 393.857
393.746 393.729
418.555 393.889
443.525 393.819
93.977 418.745
118.926 418.845
144.050 418.903
169.147 418.903
194.019 418.940
219.076 418.900
243.913 418.954
268.866 418.827
293.958 418.871
318.847 418.846
343.894 418.702
368.943 418.807
393.634 418.776
418.713 418.674
119.049 443.768
144.005 443.890
169.080 443.896
194.056 443.823
218.995 443.837
243.891 443.828
268.967 443.705
293.953 443.750
318.841 443.807
344.024 443.841
369.001 443.786
393.853 443.811
169.107 468.737
193.926 468.774
218.902 468.600
243.833 468.865
268.960 468.740
293.792 468.821
318.506 468.907
343.774 468.674
243.924 493.748
268.919 493.711
