244.024 18.472
269.048 18.054
169.063 43.102
194.034 43.416
219.034 43.117
244.091 43.171
269.115 43.200
294.178 43.110
318.998 43.054
343.987 43.223
118.961 68.070
144.164 67.997
168.935 67.999
194.014 68.094
219.101 68.018
243.999 68.080
269.027 68.002
294.112 67.989
319.056 67.973
343.944 68.198
369.000 68.203
394.124 68.136
94.142 93.156
119.081 93.042
144.085 93.053
169.047 93.031
193.961 93.074
219.153 93.094
243.975 93.264
268.984 93.041
294.111 93.109
318.966 92.915
344.150 92.900
369.035 92.977
393.990 93.102
419.186 93.140
69.031 118.292
94.183 118.139
118.955 117.942
144.143 118.044
169.051 118.138
193.939 118.047
219.057 117.943
243.924 118.139
269.088 118.080
294.002 118.222
319.080 117.987
344.036 118.145
369.045 118.080
394.033 118.025
419.087 118.180
443.895 118.017
69.171 143.123
93.955 143.135
118.983 143.105
143.947 143.080
168.943 143.229
194.214 142.965
219.045 142.999
244.072 143.190
269.106 143.107
293.993 143.011
318.979 143.126
344.005 143.102
369.002 143.113
394.082 142.974
418.929 143.041
443.937 142.974
44.241 168.046
69.031 168.123
94.019 168.025
119.034 168.039
144.131 168.126
168.984 168.090
193.969 168.119
219.046 167.984
244.046 168.100
269.062 167.875
294.018 168.050
318.902 167.997
343.901 167.953
368.978 167.977
393.936 168.050
418.913 168.042
443.970 168.006
468.893 168.108
44.166 193.125
69.125 193.143
93.973 193.158
119.220 193.215
143.989 193.016
169.149 192.986
193.915 193.046
219.294 193.067
243.964 192.952
268.930 192.977
294.051 192.982
318.979 193.013
344.100 193.095
369.045 192.967
393.928 193.022
419.152 193.005
444.001 192.934
468.826 193.190
44.180 218.083
69.098 218.184
94.011 218.093
118.958 218.119
143.968 218.126
169.170 218.044
194.085 218.029
219.093 218.158
244.059 217.993
269.059 218.154
294.030 218.066
318.918 217.953
344.010 217.984
368.994 218.048
393.862 217.945
418.871 218.014
444.046 218.003
469.002 217.987
19.302 243.003
44.145 243.036
69.169 243.015
94.152 242.981
119.077 243.161
144.160 242.969
168.911 243.105
194.165 242.913
218.963 243.023
243.996 243.130
269.042 243.130
293.980 242.966
318.961 242.947
344.000 242.987
368.991 243.047
393.966 242.914
419.088 242.998
444.046 243.098
468.874 242.968
493.924 243.194
19.187 268.103
44.036 268.085
68.910 268.079
94.075 267.999
119.105 268.051
144.050 268.003
169.075 268.114
194.081 268.384
219.021 268.100
244.136 268.087
268.973 267.944
293.974 267.956
319.064 268.129
344.110 267.932
368.871 268.050
394.042 268.125
419.056 268.132
444.011 268.078
468.851 268.152
493.898 268.000
44.035 293.130
68.791 293.469
93.989 293.096
118.948 293.200
143.993 293.167
169.031 293.015
194.000 293.182
218.997 293.075
243.991 293.116
269.061 293.061
294.002 292.915
318.891 292.985
343.896 293.092
369.074 292.958
393.906 292.973
419.091 292.996
444.005 293.043
468.975 293.080
44.158 318.264
68.965 317.993
93.892 318.345
118.949 318.077
144.087 318.177
169.081 318.054
194.051 318.190
218.940 318.195
244.081 318.081
268.929 318.347
293.985 318.202
318.964 318.123
344.058 318.178
368.910 317.981
393.945 318.129
419.022 318.144
444.071 318.046
468.791 318.061
44.062 343.178
69.075 343.111
93.879 343.093
118.947 343.032
144.041 343.104
169.136 343.048
194.059 343.014
218.792 343.121
243.925 343.271
268.809 343.126
293.982 343.005
318.864 343.075
343.968 343.161
368.908 343.153
393.946 343.031
419.008 343.185
443.989 343.079
468.878 342.900
69.091 368.105
93.973 368.139
119.098 368.006
144.098 368.108
169.066 368.003
194.003 368.181
219.031 368.064
244.046 368.058
269.063 368.039
293.960 368.079
319.000 368.156
344.083 368.011
368.914 368.198
394.049 368.166
418.972 368.118
443.815 367.932
69.080 393.093
94.128 393.061
118.953 393.075
144.090 393.116
168.963 393.082
194.006 393.019
219.067 393.175
244.063 393.103
268.825 393.188
293.995 393.125
318.902 393.061
344.127 393.045
368.986 393.223
393.986 393.062
419.042 393.005
443.728 392.997
94.137 418.082
118.990 418.074
144.098 418.300
169.112 417.991
194.061 418.112
219.098 418.086
243.939 418.037
268.935 418.183
294.137 418.240
318.928 418.099
343.987 418.040
368.938 418.121
393.970 418.461
419.021 418.076
119.119 443.166
144.066 442.881
169.048 443.016
194.090 443.048
219.077 443.115
244.042 443.193
269.071 442.973
293.949 443.053
318.904 442.997
343.775 443.056
369.021 442.961
394.044 442.985
169.155 467.945
194.051 468.060
219.040 468.007
244.000 468.108
269.090 468.041
294.185 467.955
318.933 467.947
343.856 468.105
244.045 493.037
269.057 492.936
