243.881 18.041
269.118 18.047
168.935 43.385
194.068 42.983
219.026 43.172
243.962 43.042
268.869 42.991
293.882 43.146
318.986 43.047
343.884 43.401
119.071 68.130
144.028 67.976
169.026 67.997
193.837 68.052
218.927 67.782
243.915 67.910
268.960 67.920
294.020 67.989
319.077 67.928
343.975 68.060
368.885 68.080
393.956 67.992
94.059 93.103
119.093 92.896
144.034 92.885
168.884 93.004
193.954 93.001
218.934 92.937
244.061 92.995
268.998 93.116
293.949 93.016
318.843 93.056
343.939 93.022
368.987 92.964
393.967 93.074
418.836 92.943
69.156 118.023
94.053 117.994
119.083 118.053
144.166 117.884
168.852 117.851
193.795 118.112
218.979 118.016
243.893 118.039
269.011 117.916
293.958 117.930
318.933 118.110
344.053 117.987
368.965 118.007
393.922 117.916
419.038 118.042
443.765 118.203
69.119 143.109
93.876 142.928
118.961 143.007
144.053 142.990
168.917 142.961
193.921 143.063
219.006 143.094
243.852 143.148
269.013 142.973
293.879 143.026
318.930 142.926
343.942 142.927
369.041 142.983
393.873 142.933
418.952 143.070
443.875 143.040
44.092 168.054
69.004 168.041
93.984 167.931
118.987 167.947
144.117 168.115
169.083 167.937
194.073 167.965
219.100 167.923
243.906 168.009
268.964 168.003
293.940 167.945
319.114 167.996
343.981 168.080
368.788 168.042
393.893 168.075
418.973 167.958
443.960 168.049
468.798 167.955
44.119 193.082
68.858 192.878
93.990 193.016
119.082 192.920
144.055 192.910
168.979 192.982
194.052 192.925
218.991 193.034
243.903 192.946
268.992 192.960
293.900 192.968
318.990 192.965
343.946 192.962
368.784 193.119
394.009 192.952
419.096 192.963
443.883 193.066
468.757 193.007
44.054 218.127
68.896 217.990
93.886 218.007
118.989 217.962
144.076 218.027
168.928 218.030
194.011 217.986
219.002 218.013
243.862 217.965
268.938 217.874
294.033 217.986
318.943 217.980
343.981 217.986
369.059 218.192
393.926 217.943
418.968 218.094
443.878 218.076
468.777 217.933
19.029 243.007
44.047 243.050
69.011 242.993
94.086 242.888
119.019 242.917
143.897 242.915
168.910 242.941
194.142 243.035
218.976 242.983
244.023 242.886
268.983 243.066
293.885 243.023
319.099 243.021
343.897 243.033
368.856 243.097
393.931 243.026
418.927 242.895
444.015 243.049
468.828 242.760
493.798 242.967
19.193 267.968
44.078 267.931
68.988 268.009
93.974 268.022
118.996 267.988
143.975 268.081
168.946 268.021
193.919 267.888
218.924 268.000
243.891 268.127
268.913 267.981
294.013 267.895
318.978 267.847
343.958 268.035
369.019 268.013
393.937 267.919
418.921 268.148
443.984 268.082
468.942 267.986
493.755 268.004
44.075 292.903
68.976 292.944
93.853 292.969
119.030 292.955
143.974 293.074
168.987 292.972
193.927 292.985
218.849 292.878
244.100 292.926
269.004 292.916
294.043 292.958
318.927 292.952
343.895 292.930
368.962 293.031
393.871 292.976
419.011 293.088
443.932 292.977
468.742 292.977
44.155 317.872
68.948 317.852
93.906 317.902
118.963 317.974
143.891 318.029
169.120 318.007
193.924 318.085
218.870 317.934
244.043 318.059
268.987 318.094
293.973 317.910
318.801 317.938
343.960 317.987
369.057 317.984
393.992 318.271
418.976 318.073
443.940 317.920
468.824 317.988
44.290 342.833
68.952 342.985
93.969 342.819
118.983 343.000
143.943 342.918
169.040 343.105
194.058 342.929
218.967 343.096
243.934 343.027
268.997 342.942
294.055 342.859
318.839 343.049
343.893 342.914
368.934 343.041
393.972 342.808
418.949 342.915
443.743 343.100
468.903 342.875
69.133 367.991
93.978 367.884
118.968 368.053
144.044 367.996
168.910 368.068
194.036 368.037
218.906 367.929
243.911 368.024
268.794 367.991
293.994 367.919
318.999 367.988
344.029 367.927
368.865 367.829
394.108 367.989
419.023 368.098
444.016 368.056
68.991 392.963
94.040 392.822
118.771 393.098
143.933 393.001
169.047 393.059
194.016 393.150
218.990 393.099
244.054 392.917
268.892 392.990
294.000 392.857
318.982 392.907
343.911 392.945
368.904 393.006
394.059 393.010
418.855 392.833
444.005 392.972
94.099 417.840
118.927 417.992
143.974 418.082
169.080 418.102
194.159 417.901
219.062 418.094
244.038 417.902
269.128 418.051
293.894 417.880
318.909 417.985
343.971 417.853
369.021 418.038
393.904 417.932
418.856 417.945
118.893 442.909
143.934 442.911
168.830 443.010
193.912 443.004
218.955 443.007
244.004 442.974
269.097 443.100
294.009 442.922
318.906 443.068
343.951 442.947
368.902 442.944
393.835 442.916
169.154 467.955
193.960 467.926
218.959 467.970
244.027 467.860
269.002 467.981
293.890 467.924
318.906 467.908
343.871 468.029
243.945 492.893
268.841 492.881
