243.134 18.089
268.089 18.074
168.008 43.057
193.083 43.012
218.025 43.055
242.882 43.039
267.864 43.059
292.946 43.011
318.015 43.181
343.046 42.994
117.952 68.171
142.998 68.024
167.958 68.078
192.905 68.028
217.844 67.919
242.822 67.929
267.966 67.980
292.930 67.964
317.937 67.895
343.062 67.964
367.938 68.030
392.896 67.956
93.038 93.157
118.073 93.041
142.898 92.826
167.836 92.909
193.045 93.064
217.974 92.964
242.976 93.005
267.932 93.011
292.960 92.912
317.953 92.873
343.024 92.955
367.851 92.923
392.843 92.959
417.869 93.121
68.471 117.936
93.077 117.984
117.915 118.075
142.948 117.974
167.977 117.959
192.938 118.029
218.019 118.008
242.840 117.847
267.925 117.944
292.881 118.012
318.104 117.918
342.998 117.977
367.830 118.007
392.930 118.013
417.955 118.085
442.828 118.005
68.010 143.067
93.024 142.970
117.924 142.874
142.857 142.980
168.111 142.874
193.006 142.933
217.888 142.999
242.994 143.092
267.867 142.901
292.887 142.970
318.060 143.050
342.985 142.930
368.091 143.092
392.973 143.006
417.818 143.099
442.761 143.164
43.012 168.110
68.047 168.084
92.973 168.012
118.086 167.933
143.026 168.056
168.059 168.054
193.022 168.174
217.901 168.101
242.904 168.057
267.930 167.782
293.066 167.964
318.083 168.039
342.890 168.040
367.921 168.021
393.007 167.813
418.097 167.920
442.963 167.999
467.785 168.040
43.121 193.180
68.027 193.024
92.812 193.026
117.887 193.028
143.156 193.009
168.065 193.104
192.977 192.868
217.982 192.949
242.933 192.855
267.838 193.038
293.068 193.024
317.979 192.991
343.083 192.875
367.851 192.932
392.893 192.824
417.845 192.930
442.967 192.958
467.844 193.093
42.876 217.961
68.092 218.028
92.888 218.073
118.057 217.949
143.456 217.918
167.995 217.961
192.984 218.055
218.078 217.856
242.990 217.776
268.064 218.022
292.993 217.992
317.848 217.799
342.933 217.961
367.890 217.878
393.004 218.118
417.865 217.889
443.038 217.940
467.837 217.905
18.020 242.878
43.054 243.004
68.139 242.913
93.015 243.045
118.011 242.979
142.970 243.063
167.998 242.938
192.933 243.008
217.768 243.080
243.053 242.945
268.013 242.956
292.839 242.867
317.960 242.906
342.899 242.843
368.090 242.971
392.857 242.983
417.891 242.945
443.071 242.888
467.836 242.838
492.967 243.102
18.035 268.012
42.976 267.849
67.990 268.091
92.844 268.016
117.970 267.915
143.124 267.933
168.011 267.995
192.921 268.057
217.888 267.938
242.909 268.053
267.972 268.015
293.035 267.900
317.947 268.152
343.011 267.850
367.943 267.926
393.022 267.955
417.860 267.972
443.004 268.021
467.832 267.880
492.777 267.878
43.020 293.108
67.944 293.128
92.952 292.967
118.000 293.089
142.910 292.971
167.864 292.973
192.969 292.771
217.971 292.952
242.960 292.916
267.905 292.844
292.986 292.970
317.794 293.140
342.933 292.935
367.933 292.996
392.834 292.916
417.946 293.034
442.838 292.880
467.749 292.841
43.112 317.925
68.145 317.946
92.974 317.898
117.974 317.981
143.022 318.033
168.067 317.883
192.947 317.915
217.949 318.028
242.979 317.844
268.050 317.912
292.802 318.090
317.861 317.881
342.832 317.857
368.023 317.906
392.883 317.898
418.102 317.838
442.969 317.830
467.827 317.923
43.181 342.977
67.890 343.004
93.048 343.083
117.834 342.931
142.962 342.967
167.825 342.903
192.874 342.898
217.841 342.980
242.877 342.934
267.795 342.975
292.929 342.994
318.025 342.833
343.050 343.033
367.822 342.882
392.977 342.955
417.985 342.892
442.764 342.879
467.808 342.836
68.011 367.944
92.951 368.032
118.080 368.101
142.979 368.098
167.922 367.775
192.948 367.937
217.828 368.007
243.048 367.918
267.885 367.834
292.890 367.940
317.861 368.021
342.993 367.817
367.955 368.005
392.841 367.815
418.056 367.816
442.684 367.950
67.951 392.843
93.085 392.811
117.855 393.017
142.873 392.964
167.950 393.024
192.994 393.003
217.917 393.017
242.945 392.840
267.896 392.884
293.085 392.971
317.864 393.062
342.991 392.859
367.747 392.972
392.999 392.886
417.855 392.916
442.924 392.902
93.046 417.968
118.048 417.903
142.921 417.945
167.780 418.040
192.886 418.000
217.956 417.982
242.985 417.936
267.788 417.902
292.985 418.061
318.023 417.913
342.858 417.971
367.859 418.006
392.868 418.032
417.736 417.926
117.910 442.923
142.945 442.922
167.906 442.907
193.094 442.935
217.789 442.870
242.918 442.821
267.946 442.930
292.942 442.983
317.931 442.808
342.937 442.925
367.874 442.872
392.932 442.878
168.065 467.717
193.008 467.774
217.937 467.878
242.988 467.870
267.859 467.943
292.895 467.829
317.820 467.831
342.904 467.777
242.974 492.789
267.777 492.858
