243.728 18.396
268.790 18.555
168.881 43.506
193.736 43.666
218.821 43.307
243.578 43.492
268.800 43.492
293.652 43.420
318.770 43.469
343.792 43.591
118.959 68.396
143.859 68.738
168.848 68.416
193.806 68.350
218.831 68.285
243.857 68.242
268.950 68.355
293.824 68.522
318.707 68.364
343.978 68.410
368.873 68.584
393.742 68.417
93.817 93.645
118.685 93.351
143.860 93.330
168.779 93.412
193.810 93.321
218.870 93.410
243.877 93.424
269.000 93.446
293.818 93.302
318.815 93.617
343.869 93.372
368.924 93.280
393.765 93.455
418.871 93.336
68.897 118.277
93.740 118.424
118.858 118.293
143.836 118.637
168.763 118.344
193.824 118.409
218.747 118.288
243.842 118.256
268.903 118.423
293.853 118.343
318.871 118.684
343.874 118.299
368.914 118.384
393.984 118.269
418.783 118.259
443.456 118.416
68.654 143.334
93.740 143.448
118.404 143.412
143.884 143.252
168.831 143.274
193.690 143.316
218.714 143.393
243.843 143.441
268.764 143.434
293.839 143.336
318.813 143.372
343.903 143.367
368.906 143.411
393.763 143.356
418.933 143.419
443.779 143.297
43.765 168.289
68.881 168.452
93.567 168.502
118.929 168.384
143.740 168.263
168.878 168.350
193.898 168.385
218.824 168.380
243.851 168.320
268.892 168.297
293.969 168.272
318.790 168.311
343.821 168.402
368.725 168.347
393.714 168.393
418.917 168.234
443.912 168.280
468.812 168.114
43.824 193.327
68.787 193.360
93.530 193.439
118.841 193.299
143.818 193.385
168.907 193.337
193.817 193.356
218.544 193.347
243.956 193.710
268.841 193.386
293.943 193.609
318.902 193.374
343.531 193.341
368.898 193.343
393.839 193.396
418.914 193.428
443.923 193.283
468.813 193.655
43.864 218.412
68.683 218.281
93.721 218.362
118.901 218.334
143.815 218.379
168.689 218.324
193.635 218.225
218.878 218.345
243.782 218.310
268.704 218.363
293.852 218.281
318.877 218.308
343.907 218.326
368.821 218.373
393.960 218.395
418.823 218.265
443.942 218.278
468.827 218.348
18.881 243.388
43.856 243.355
68.632 243.369
93.753 243.364
118.842 243.279
143.814 243.559
168.585 243.381
193.826 243.259
218.825 243.407
243.745 243.411
268.864 243.372
293.915 243.361
318.798 243.376
343.764 243.308
368.861 243.434
393.891 243.567
418.683 243.446
443.850 243.238
468.493 243.263
493.517 243.185
18.855 268.355
43.869 268.333
68.674 268.412
93.727 268.402
118.960 268.355
143.870 268.256
168.864 268.362
193.743 268.403
218.860 268.346
243.885 268.634
268.776 268.381
293.761 268.236
318.960 268.318
343.842 268.374
368.767 268.321
393.790 268.430
418.986 268.318
443.872 268.332
468.799 268.428
493.773 268.415
43.893 293.343
68.542 293.351
93.692 293.441
118.746 293.377
143.971 293.357
168.717 293.379
193.898 293.336
218.750 293.400
243.847 293.376
268.907 293.368
293.776 293.367
318.894 293.256
343.803 293.154
368.966 293.285
393.790 293.305
418.972 293.246
443.941 293.388
468.907 293.326
43.878 318.446
68.732 318.201
93.782 318.444
118.778 318.400
143.552 318.367
168.813 318.435
193.616 318.297
218.881 318.399
243.892 318.447
268.843 318.251
293.806 318.177
318.750 318.273
343.786 318.358
368.819 318.306
393.752 318.282
418.594 318.327
443.793 318.326
468.531 318.206
43.747 343.299
68.745 343.355
93.818 343.284
118.851 343.330
143.910 343.414
168.532 343.244
193.786 343.371
218.837 343.229
243.806 343.407
268.869 343.357
293.775 343.167
318.879 343.322
343.851 343.316
368.891 343.287
393.815 343.313
418.920 343.234
443.851 343.232
468.728 343.207
68.854 368.345
93.517 368.358
118.498 368.307
143.542 368.396
168.762 368.278
193.713 368.298
218.752 368.168
243.755 368.236
268.783 368.136
293.611 368.351
318.823 368.217
343.857 368.352
368.858 368.375
393.814 368.214
418.869 368.200
443.752 368.233
68.817 393.253
93.951 393.359
118.810 393.553
143.794 393.333
168.792 393.279
193.770 393.315
218.847 393.305
243.980 393.324
268.900 393.385
293.737 393.199
318.767 393.127
343.565 393.326
368.845 393.374
393.792 393.246
418.709 393.148
443.652 393.175
93.550 418.314
118.868 418.287
143.558 418.334
168.913 418.363
193.921 418.367
218.838 418.229
243.871 418.432
268.754 418.297
293.820 418.376
318.710 418.247
343.818 418.456
368.739 418.314
393.857 418.295
418.859 418.199
118.913 443.304
143.573 443.225
168.875 443.302
193.818 443.335
218.777 443.360
243.816 443.234
268.767 443.322
293.836 443.164
318.534 443.314
343.531 443.265
368.729 443.134
393.864 443.178
168.804 468.273
193.777 468.207
218.846 468.171
243.853 468.170
268.788 468.306
293.846 468.187
318.453 468.170
343.867 468.259
243.815 493.216
268.846 493.298
