243.440 18.080
268.466 18.181
168.765 43.174
193.690 43.084
218.622 43.212
243.712 43.085
268.603 43.073
293.702 43.182
318.464 43.156
343.666 43.036
118.594 68.072
143.712 68.081
168.568 68.002
193.351 68.042
218.446 68.024
243.476 68.093
268.496 67.998
293.785 67.941
318.656 68.218
343.388 68.086
368.600 68.195
393.484 68.077
93.787 93.057
118.823 93.184
143.929 92.884
168.522 92.903
193.732 93.081
218.532 92.834
243.683 93.114
268.375 92.990
293.358 92.900
318.444 92.803
343.389 92.965
368.549 93.013
393.591 92.966
418.381 93.163
68.760 118.173
93.744 118.102
118.522 118.012
143.896 118.093
168.793 117.923
193.762 118.074
218.549 118.044
243.705 118.017
268.683 118.059
293.606 118.024
318.543 117.945
343.466 118.035
368.432 117.975
393.675 117.996
418.487 118.098
443.389 117.893
68.846 142.942
93.736 143.223
118.515 142.925
143.711 142.979
168.741 143.143
193.519 142.968
218.524 143.106
243.644 142.816
268.751 142.958
293.689 143.081
318.421 143.076
343.503 143.044
368.495 142.975
393.696 143.064
418.752 143.053
443.385 143.167
43.868 168.154
68.796 168.134
93.739 167.891
118.726 167.925
143.759 167.980
168.712 168.092
193.621 167.918
218.640 168.094
243.598 168.076
268.660 167.936
293.480 168.195
318.638 167.864
343.539 168.021
368.369 168.138
393.678 168.046
418.676 168.021
443.320 168.179
468.348 168.184
43.941 193.141
68.777 193.049
93.935 192.922
118.791 193.080
143.440 193.053
168.550 193.000
193.542 193.121
218.648 193.236
243.737 192.998
268.489 192.926
293.518 192.967
318.500 192.898
343.671 193.153
368.414 193.194
393.382 193.025
418.605 193.081
443.499 192.957
468.235 192.977
43.525 218.018
68.718 218.109
93.679 218.039
118.674 217.964
143.678 218.156
168.515 217.983
193.675 217.996
218.784 218.053
243.759 217.894
268.660 217.998
293.722 217.939
318.537 218.094
343.664 217.868
368.363 218.083
393.563 217.953
418.660 218.144
443.672 218.081
468.538 218.010
18.842 243.062
43.927 242.999
68.840 243.036
93.688 242.992
118.707 243.013
143.733 243.065
168.761 243.065
193.754 243.005
218.517 243.016
243.493 243.131
268.590 243.060
293.434 243.004
318.280 243.053
343.569 243.006
368.543 242.964
393.517 243.066
418.383 243.097
443.685 243.135
468.374 242.977
493.222 243.055
18.930 267.998
43.793 268.112
68.777 268.084
93.767 267.954
118.702 268.025
143.848 268.083
168.754 268.166
193.780 268.106
218.614 268.050
243.747 268.041
268.460 267.994
293.512 268.068
318.725 268.035
343.678 268.124
368.412 268.061
393.498 267.924
418.482 268.025
443.473 268.066
468.485 268.037
493.291 268.012
43.905 292.936
68.565 293.135
93.728 292.984
118.703 293.013
143.731 293.076
168.563 293.036
193.748 293.006
218.787 293.059
243.665 292.927
268.660 293.063
293.795 293.010
318.695 293.085
343.443 293.017
368.540 292.811
393.773 293.043
418.340 293.004
443.432 293.009
468.327 293.061
43.874 318.003
68.610 318.051
93.627 317.840
118.738 318.081
143.852 318.027
168.634 318.051
193.552 318.089
218.728 317.959
243.657 318.075
268.591 318.130
293.684 318.039
318.405 318.087
343.703 318.075
368.404 318.116
393.466 317.909
418.701 318.010
443.355 317.990
468.190 317.997
43.897 342.856
68.717 343.053
93.474 343.020
118.620 343.026
143.681 342.751
168.590 342.847
193.448 342.994
218.766 342.995
243.768 343.092
268.702 343.027
293.387 343.068
318.704 343.075
343.502 343.032
368.441 342.864
393.656 343.056
418.712 343.073
443.588 343.158
468.280 343.024
68.878 368.126
93.663 368.037
118.696 368.042
143.671 367.937
168.809 368.176
193.686 367.961
218.665 368.037
243.489 368.143
268.677 367.926
293.615 367.992
318.718 367.987
343.587 367.934
368.654 368.012
393.515 368.114
418.570 367.909
443.341 368.104
68.823 392.879
93.676 393.087
118.697 393.046
143.485 393.167
168.772 392.991
193.669 393.050
218.784 393.034
243.794 393.023
268.714 392.927
293.572 393.022
318.511 392.925
343.630 393.046
368.629 392.932
393.622 393.169
418.664 392.962
443.424 392.937
93.888 417.820
118.756 417.889
143.605 417.896
168.470 418.062
193.762 418.146
218.420 418.039
243.491 418.012
268.580 417.928
293.566 418.078
318.215 418.039
343.661 417.917
368.402 418.029
393.433 417.976
418.282 418.026
118.835 442.962
143.811 442.918
168.854 443.012
193.665 443.101
218.734 442.965
243.411 442.963
268.654 443.122
293.596 443.021
318.676 443.130
343.321 443.008
368.604 442.848
393.555 442.739
168.678 467.937
193.677 467.991
218.453 467.810
243.725 467.864
268.684 467.887
293.470 467.901
318.543 467.919
343.256 467.961
243.682 492.942
268.534 492.923
