242.949 18.208
267.855 18.202
168.147 43.163
192.957 43.312
218.101 43.198
242.898 43.191
267.959 43.273
293.161 43.075
318.051 43.231
342.889 43.231
118.000 68.145
142.865 68.296
167.948 68.192
193.031 68.109
217.969 68.243
242.927 68.053
268.034 68.218
293.102 68.129
318.188 68.162
343.036 68.180
367.836 68.314
392.975 68.206
93.019 93.180
118.129 93.116
143.024 93.247
167.974 93.227
192.916 93.118
218.025 92.953
243.074 93.177
267.890 93.177
293.020 93.068
317.857 93.162
343.067 93.104
367.952 93.172
393.069 93.186
417.833 93.183
68.041 118.348
92.999 118.210
117.745 118.134
142.860 118.239
168.143 118.172
193.068 118.187
217.932 118.243
242.968 118.181
267.952 118.169
292.863 118.266
318.143 118.197
343.015 118.094
368.192 118.207
393.072 117.996
418.003 118.260
442.798 118.195
68.047 143.307
93.030 143.133
117.892 143.173
142.952 143.176
168.025 143.127
192.991 143.352
218.064 143.162
242.896 143.255
268.107 143.123
293.139 143.109
317.949 143.236
343.016 143.137
368.110 143.187
393.106 143.093
418.093 143.100
443.083 143.216
42.992 168.109
67.843 168.089
92.988 168.237
117.899 168.112
142.945 168.034
168.174 168.113
192.818 168.191
217.911 168.170
243.059 168.057
267.988 168.143
292.818 168.154
318.163 168.218
342.882 168.201
368.107 168.179
393.024 168.204
418.050 168.104
442.901 168.207
467.948 168.179
43.041 193.171
68.134 193.346
92.847 193.203
118.071 193.201
142.806 193.239
167.991 193.252
193.129 193.142
218.029 192.991
243.056 193.170
267.981 193.150
292.937 192.995
318.031 193.244
343.135 193.091
367.857 193.107
392.970 193.153
418.002 193.227
442.860 193.050
467.817 193.164
43.136 218.197
68.052 218.231
93.051 218.116
118.117 218.337
143.067 218.133
167.977 218.204
192.880 218.113
217.930 218.158
243.468 218.194
268.042 218.173
293.015 218.116
317.907 218.098
342.917 218.166
368.001 218.168
392.989 218.169
417.982 218.160
443.042 218.062
467.829 218.082
18.429 243.121
43.508 243.374
67.857 243.122
93.081 243.118
118.094 243.198
142.902 243.096
168.006 243.282
193.000 243.313
217.851 243.253
243.047 243.068
268.120 243.219
293.018 243.238
318.014 243.140
342.838 243.097
367.936 243.092
393.009 243.091
417.973 243.188
443.122 243.046
468.003 243.197
492.886 243.148
17.896 268.371
43.185 268.064
67.919 268.198
92.755 268.102
117.931 268.192
142.826 268.290
167.964 268.149
192.947 268.286
217.916 268.105
242.874 268.249
267.917 268.130
292.999 268.112
318.051 268.261
343.080 268.131
367.988 268.175
393.031 268.156
418.030 268.108
442.963 268.118
467.885 268.024
492.903 268.135
43.096 293.184
67.847 293.285
92.990 293.056
118.104 293.266
142.913 293.361
167.788 293.102
192.881 293.164
217.925 293.324
243.010 293.211
268.132 293.220
292.912 293.128
318.033 293.068
342.967 293.181
367.979 293.218
392.901 293.093
418.113 293.113
442.962 293.076
467.906 293.075
42.901 318.245
68.011 318.103
93.028 318.250
117.884 318.130
142.901 318.114
167.850 318.117
192.942 318.192
217.995 318.109
242.959 318.355
268.040 318.257
293.014 318.077
317.958 318.031
343.045 318.157
367.996 318.208
393.045 318.162
418.026 318.056
442.975 318.109
467.782 318.044
43.148 343.184
68.038 343.080
92.883 343.143
117.943 343.335
142.964 343.139
167.914 343.233
193.036 343.099
218.066 343.225
242.836 343.209
267.878 343.155
292.924 343.053
317.960 343.111
342.997 343.143
367.946 343.104
392.920 343.046
417.991 343.153
443.009 343.215
467.788 343.057
68.059 368.194
93.023 368.201
117.850 368.173
142.970 368.208
167.941 368.308
193.116 367.967
217.864 368.252
243.006 368.115
268.095 368.277
292.875 368.151
317.962 368.222
343.033 368.027
367.908 368.154
393.062 368.137
418.012 368.235
442.876 367.993
68.002 392.997
93.010 393.173
118.021 393.244
142.957 393.172
168.031 393.283
192.945 393.171
217.774 393.295
242.876 393.170
267.987 393.180
292.914 393.215
318.107 393.003
342.918 393.107
367.970 393.161
393.154 393.204
418.091 392.992
442.898 393.032
92.952 418.217
117.965 418.211
142.995 418.263
168.057 418.121
193.040 418.014
217.966 418.025
242.911 418.254
268.023 418.167
293.001 418.236
317.941 418.122
343.077 418.243
367.902 418.092
392.947 418.097
418.036 417.987
117.920 443.095
143.084 443.056
167.865 443.175
193.018 443.275
217.972 443.186
243.048 443.277
267.964 443.234
293.035 443.110
317.980 443.140
342.991 443.015
367.834 443.053
392.829 443.087
168.172 468.116
192.846 467.953
217.858 468.005
242.946 468.133
267.938 468.208
292.974 468.185
318.001 468.090
342.873 467.987
242.946 493.079
268.055 493.156
