243.183 18.492
268.037 18.763
168.111 43.702
193.172 43.607
218.099 43.431
243.184 43.459
268.196 43.331
293.091 43.578
318.163 43.455
343.041 43.694
118.224 68.384
143.119 68.420
168.161 68.342
193.422 68.396
218.109 68.314
243.163 68.341
268.023 68.163
293.183 68.414
318.104 68.429
343.111 68.269
368.099 68.575
393.176 68.386
93.512 93.513
118.085 93.211
143.156 93.282
168.088 93.283
193.081 93.357
218.026 93.449
243.022 93.445
268.125 93.295
293.463 93.297
318.184 93.242
342.954 93.196
368.095 93.339
393.060 93.332
418.058 93.460
68.501 118.349
93.125 118.261
118.082 118.233
143.092 118.273
168.192 118.299
193.079 118.358
218.064 118.341
243.050 118.357
268.114 118.298
293.109 118.419
318.073 118.219
343.139 118.284
368.101 118.265
393.159 118.249
417.900 118.301
443.023 118.452
68.170 143.300
93.015 143.308
118.074 143.147
143.150 143.321
168.160 143.302
193.031 143.264
218.174 143.304
243.145 143.298
268.141 143.213
293.231 143.249
317.992 143.198
343.132 143.240
368.150 143.354
393.069 143.275
418.157 143.419
442.933 143.370
43.415 168.236
68.213 168.256
93.025 168.257
118.107 168.292
143.073 168.315
168.123 168.559
193.378 168.195
218.205 168.259
243.221 168.250
268.088 168.615
293.131 168.253
318.056 168.249
343.110 168.295
368.138 168.250
393.156 168.320
418.486 168.317
443.252 168.377
468.040 168.306
43.227 193.230
68.145 193.254
93.074 193.299
117.972 193.112
143.287 193.277
168.089 193.153
193.105 193.297
218.197 193.262
243.205 193.203
268.135 193.366
293.433 193.352
318.175 193.348
343.111 193.307
368.201 193.357
393.157 193.226
418.166 193.092
443.139 193.293
468.088 193.338
43.179 218.220
68.086 218.197
93.047 218.180
118.120 218.161
143.157 218.293
168.143 218.300
193.177 218.138
218.122 218.215
243.056 218.185
268.175 218.053
293.138 218.142
318.306 218.174
343.084 218.255
368.074 218.224
392.992 218.193
418.056 218.283
443.073 218.275
467.947 218.339
18.609 243.114
43.437 243.185
68.135 243.121
93.155 243.081
118.138 243.204
143.098 243.192
168.141 243.138
192.989 243.047
218.199 243.245
243.104 243.169
268.355 243.263
293.019 243.105
318.088 243.312
343.045 243.241
368.438 243.176
393.049 243.247
418.054 243.161
443.210 243.238
467.985 243.207
493.039 243.260
18.338 267.986
43.186 268.101
68.098 268.211
93.179 268.075
118.598 268.233
143.152 268.148
168.133 268.349
193.078 268.130
218.243 268.175
243.208 268.131
268.121 268.208
293.082 268.213
318.141 268.301
343.124 268.233
368.058 268.187
393.236 268.321
418.010 268.230
443.136 268.234
468.008 268.273
492.971 268.249
43.281 293.023
68.165 293.105
93.138 293.016
118.269 293.075
143.221 293.153
168.184 293.288
193.108 293.179
218.174 293.167
243.333 293.220
268.080 293.285
293.124 293.318
318.150 293.132
343.125 293.259
368.100 293.222
393.136 293.025
418.052 293.113
443.168 293.144
468.072 293.210
43.109 318.084
68.175 318.188
93.118 317.961
118.344 318.235
143.105 318.196
168.126 318.087
193.184 318.055
218.229 318.223
243.043 318.089
268.347 318.243
292.920 318.230
318.160 318.131
343.098 317.964
368.140 318.168
393.094 318.227
418.174 318.102
443.006 318.100
468.019 318.058
43.416 343.067
68.523 343.068
93.223 343.029
118.205 343.022
143.022 343.065
168.088 343.018
193.115 343.013
218.070 343.030
243.012 343.076
268.285 343.113
292.974 343.099
318.197 343.077
343.261 343.157
368.204 343.026
393.122 343.231
418.024 343.133
443.177 343.223
467.934 343.107
68.293 368.124
93.154 368.095
118.241 368.081
143.174 368.102
168.412 368.016
193.182 368.149
218.093 368.044
243.192 368.185
268.073 368.106
293.061 368.116
318.185 368.153
343.058 368.079
368.123 368.108
392.973 368.123
418.033 368.106
442.948 368.111
68.115 393.125
93.367 393.049
118.150 393.064
143.149 392.985
168.042 393.179
192.998 393.134
218.032 393.049
243.162 393.057
268.137 393.154
293.109 392.981
318.132 393.106
343.055 393.088
368.159 393.168
393.134 393.152
418.156 393.132
443.033 392.987
93.221 418.118
118.211 417.913
143.139 418.223
168.184 418.046
193.042 418.039
217.979 418.151
243.099 418.155
268.217 417.932
293.124 418.094
318.113 418.100
343.415 418.079
368.257 418.124
393.127 418.108
417.990 418.063
118.391 443.036
143.217 442.987
168.094 443.085
193.214 443.114
218.099 443.162
243.164 443.124
268.137 443.054
293.150 443.132
318.046 443.021
343.435 442.999
368.401 443.024
393.018 443.003
168.219 468.056
193.233 468.104
217.966 467.963
243.457 468.092
268.146 467.961
293.217 468.081
318.034 468.030
343.262 467.973
243.094 492.827
268.098 492.916
