243.359 18.635
268.268 18.395
168.197 43.563
193.291 43.544
218.271 43.326
243.370 43.359
268.192 43.480
293.267 43.360
318.167 43.304
343.145 43.311
118.380 68.397
143.392 68.640
168.301 68.418
193.372 68.271
218.342 68.226
243.289 68.429
268.319 68.302
293.355 68.449
318.386 68.336
343.424 68.530
368.222 68.360
393.111 68.359
93.254 93.402
118.388 93.255
143.220 93.351
168.332 93.256
193.367 93.674
218.360 93.216
243.321 93.252
268.202 93.223
293.360 93.178
318.281 93.126
343.329 93.224
368.264 93.217
393.348 93.256
418.235 93.365
68.255 118.236
93.287 118.405
118.194 118.355
143.269 118.331
168.265 118.339
193.178 118.611
218.412 118.328
243.176 118.383
268.321 118.385
293.187 118.446
318.310 118.371
343.166 118.290
368.417 118.185
393.248 118.317
418.240 118.636
443.224 118.296
68.239 143.449
93.227 143.430
118.238 143.317
143.331 143.522
168.298 143.377
193.355 143.401
218.427 143.443
243.210 143.349
268.242 143.280
293.325 143.370
318.289 143.308
343.307 143.346
368.257 143.426
393.378 143.401
418.366 143.307
443.158 143.478
43.395 168.467
68.337 168.286
93.100 168.323
118.264 168.247
143.332 168.343
168.178 168.428
193.376 168.337
218.175 168.328
243.357 168.368
268.251 168.403
293.220 168.267
318.298 168.302
343.309 168.364
368.236 168.295
393.350 168.375
418.358 168.311
443.337 168.297
468.310 168.458
43.338 193.436
68.104 193.295
93.340 193.212
118.347 193.406
143.185 193.250
168.272 193.230
193.264 193.391
218.239 193.472
243.226 193.178
268.282 193.205
293.145 193.380
318.347 193.185
343.355 193.388
368.218 193.412
393.194 193.417
418.398 193.324
443.426 193.257
468.279 193.415
43.239 218.269
68.248 218.307
93.090 218.376
118.187 218.271
143.203 218.322
168.313 218.289
193.350 218.305
218.357 218.362
243.301 218.447
268.231 218.454
293.414 218.286
318.375 218.306
343.127 218.397
368.330 218.391
393.277 218.291
418.344 218.424
443.369 218.189
468.299 218.326
18.290 243.242
43.175 243.283
68.065 243.404
93.206 243.416
118.240 243.358
143.107 243.442
168.359 243.581
193.339 243.438
218.352 243.347
243.231 243.357
268.300 243.347
293.324 243.434
318.282 243.308
343.175 243.203
368.207 243.233
393.379 243.462
418.272 243.402
443.376 243.357
468.251 243.334
493.182 243.333
18.369 268.507
43.272 268.379
68.325 268.326
93.312 268.317
118.229 268.321
143.143 268.340
168.277 268.366
193.168 268.620
218.327 268.419
243.411 268.312
268.305 268.301
293.155 268.315
318.188 268.341
343.413 268.373
368.202 268.248
393.321 268.449
418.271 268.358
443.450 268.296
468.274 268.410
493.442 268.298
43.357 293.287
68.182 293.269
93.301 293.316
118.207 293.387
143.437 293.365
168.303 293.405
193.118 293.474
218.359 293.614
243.235 293.268
268.330 293.472
293.291 293.288
318.301 293.464
343.271 293.305
368.286 293.274
393.352 293.317
418.269 293.263
443.344 293.394
468.258 293.346
43.202 318.280
68.223 318.373
93.297 318.275
118.177 318.482
143.135 318.374
168.184 318.377
193.227 318.354
218.341 318.414
243.272 318.419
268.243 318.223
293.309 318.361
318.177 318.381
343.325 318.271
368.258 318.443
393.341 318.274
418.260 318.234
443.388 318.284
468.273 318.334
43.234 343.335
68.222 343.452
93.185 343.403
118.117 343.283
143.433 343.362
168.223 343.412
193.248 343.696
218.208 343.309
243.307 343.313
268.268 343.287
293.312 343.205
318.192 343.407
343.093 343.314
368.327 343.325
393.419 343.387
418.237 343.350
443.275 343.244
468.249 343.280
68.353 368.306
93.173 368.446
118.167 368.315
143.190 368.349
168.201 368.199
193.336 368.288
218.129 368.366
243.107 368.353
268.302 368.306
293.247 368.308
318.299 368.349
343.245 368.344
368.301 368.307
393.258 368.406
418.277 368.334
443.253 368.459
68.359 393.340
93.251 393.246
118.253 393.321
143.177 393.399
168.320 393.370
193.298 393.282
218.277 393.418
243.207 393.384
268.223 393.463
293.319 393.337
318.251 393.419
343.274 393.272
368.308 393.272
393.347 393.368
418.360 393.322
443.253 393.387
93.186 418.343
118.259 418.384
143.232 418.488
168.216 418.428
193.229 418.233
218.318 418.365
243.246 418.451
268.241 418.331
293.243 418.252
318.356 418.633
343.409 418.573
368.345 418.270
393.274 418.419
418.284 418.310
118.257 443.174
143.562 443.329
168.338 443.313
193.242 443.293
218.219 443.391
243.361 443.417
268.249 443.374
293.316 443.403
318.461 443.463
343.207 443.332
368.390 443.315
393.242 443.127
168.583 468.162
193.290 468.313
218.382 468.343
243.272 468.372
268.142 468.305
293.316 468.188
318.305 468.236
343.304 468.340
243.231 493.253
268.443 493.268
