121.759 9.241
134.219 9.234
84.242 21.771
96.788 21.765
109.232 21.759
121.770 21.770
134.211 21.751
146.768 21.752
159.233 21.789
171.763 21.759
59.222 34.225
71.758 34.225
84.237 34.207
96.769 34.212
109.209 34.219
121.774 34.261
134.231 34.252
146.763 34.235
159.262 34.221
171.780 34.227
184.246 34.222
196.759 34.241
46.736 46.748
59.238 46.772
71.768 46.787
84.210 46.769
96.770 46.770
109.235 46.746
121.756 46.776
134.241 46.773
146.793 46.778
159.229 46.784
171.773 46.777
184.234 46.757
196.761 46.766
209.232 46.762
34.235 59.240
46.751 59.222
59.235 59.252
71.783 59.229
84.221 59.247
96.754 59.223
109.217 59.223
121.759 59.242
134.212 59.239
146.763 59.233
159.229 59.244
171.766 59.228
184.249 59.222
196.751 59.203
209.217 59.244
221.791 59.214
34.232 71.766
46.749 71.761
59.234 71.751
71.767 71.756
84.242 71.757
96.761 71.755
109.226 71.754
121.787 71.787
134.242 71.768
146.749 71.778
159.250 71.789
171.771 71.760
184.235 71.759
196.759 71.763
209.245 71.739
221.766 71.772
21.766 84.241
34.247 84.234
46.788 84.236
59.243 84.205
71.761 84.224
84.187 84.190
96.782 84.192
109.258 84.217
121.743 84.221
134.229 84.227
146.756 84.249
159.246 84.236
171.771 84.218
184.240 84.230
196.772 84.240
209.237 84.262
221.755 84.232
234.227 84.228
21.761 96.749
34.249 96.785
46.769 96.771
59.237 96.762
71.747 96.752
84.239 96.779
96.789 96.792
109.246 96.744
121.756 96.770
134.265 96.760
146.731 96.776
159.229 96.762
171.760 96.767
184.214 96.778
196.733 96.736
209.242 96.792
221.777 96.767
234.238 96.770
21.776 109.230
34.197 109.242
46.777 109.242
59.231 109.232
71.780 109.214
84.245 109.241
96.761 109.220
109.240 109.244
121.771 109.248
134.245 109.220
146.742 109.242
159.218 109.230
171.768 109.229
184.223 109.225
196.761 109.224
209.234 109.245
221.773 109.237
234.233 109.216
9.249 121.759
21.769 121.753
34.244 121.754
46.785 121.771
59.244 121.754
71.756 121.767
84.234 121.791
96.791 121.793
109.220 121.742
121.757 121.773
134.254 121.732
146.807 121.761
159.259 121.765
171.775 121.792
184.241 121.784
196.786 121.773
209.237 121.750
221.756 121.749
234.242 121.754
246.814 121.762
9.251 134.256
21.772 134.249
34.225 134.241
46.777 134.229
59.206 134.255
71.777 134.241
84.260 134.253
96.780 134.234
109.238 134.248
121.787 134.215
134.227 134.215
146.754 134.222
159.224 134.241
171.768 134.223
184.230 134.237
196.767 134.230
209.232 134.231
221.786 134.210
234.223 134.237
246.744 134.219
21.763 146.773
34.215 146.774
46.766 146.789
59.201 146.821
71.780 146.790
84.243 146.763
96.767 146.760
109.249 146.768
121.756 146.742
134.227 146.771
146.733 146.766
159.228 146.766
171.790 146.761
184.236 146.768
196.791 146.780
209.246 146.743
221.794 146.747
234.249 146.760
21.752 159.225
34.212 159.203
46.779 159.222
59.222 159.225
71.760 159.224
84.218 159.215
96.773 159.238
109.242 159.233
121.774 159.217
134.251 159.239
146.758 159.214
159.236 159.231
171.799 159.236
184.247 159.237
196.736 159.229
209.269 159.226
221.793 159.233
234.250 159.233
21.774 171.754
34.218 171.776
46.749 171.772
59.243 171.737
71.761 171.770
84.224 171.756
96.779 171.787
109.226 171.745
121.763 171.763
134.230 171.816
146.757 171.751
159.235 171.768
171.768 171.763
184.234 171.758
196.786 171.794
209.234 171.778
221.775 171.792
234.249 171.766
34.241 184.229
46.767 184.233
59.228 184.223
71.758 184.233
84.247 184.207
96.760 184.224
109.210 184.212
121.778 184.233
134.253 184.245
146.761 184.254
159.237 184.228
171.817 184.234
184.235 184.222
196.749 184.224
209.200 184.211
221.734 184.227
34.242 196.762
46.753 196.764
59.252 196.780
71.777 196.770
84.224 196.773
96.784 196.765
109.228 196.779
121.739 196.780
134.252 196.766
146.767 196.778
159.235 196.772
171.786 196.781
184.244 196.781
196.781 196.746
209.247 196.764
221.744 196.779
46.796 209.228
59.243 209.245
71.766 209.250
84.225 209.218
96.778 209.240
109.253 209.247
121.746 209.234
134.226 209.220
146.790 209.242
159.230 209.224
171.787 209.218
184.277 209.230
196.763 209.244
209.219 209.224
59.237 221.784
71.776 221.776
84.226 221.754
96.752 221.763
109.233 221.750
121.761 221.758
134.234 221.756
146.761 221.771
159.253 221.784
171.767 221.759
184.214 221.749
196.757 221.761
84.225 234.238
96.773 234.216
109.211 234.217
121.752 234.206
134.246 234.225
146.780 234.211
159.229 234.194
171.756 234.191
121.744 246.776
134.218 246.761
