121.945 9.002
134.037 9.056
84.050 21.973
96.963 21.985
109.028 21.985
121.953 21.994
134.022 22.002
146.969 21.938
159.065 21.959
171.935 21.929
59.013 34.051
71.952 34.038
84.044 34.022
96.999 34.076
109.010 34.024
121.986 34.054
134.017 33.998
146.965 34.015
159.071 34.018
171.960 34.045
184.060 34.030
196.956 34.073
46.954 46.974
59.042 46.979
71.987 46.955
84.008 46.961
96.944 46.955
109.029 46.938
121.953 46.972
134.038 46.976
146.935 46.964
159.016 46.984
171.980 46.965
184.048 46.968
196.986 46.952
209.052 46.970
34.065 59.047
46.996 59.012
58.985 59.056
71.964 59.038
84.044 59.074
96.959 59.058
109.022 59.029
121.980 59.036
134.048 59.010
146.966 59.054
159.035 59.023
171.961 59.041
184.053 59.038
196.960 59.020
209.036 59.068
221.907 59.022
34.047 71.989
46.939 71.939
59.047 71.962
71.970 71.994
84.006 71.953
96.936 71.976
109.036 71.993
121.998 71.957
134.006 71.947
146.954 71.961
159.071 71.969
172.000 71.974
184.058 71.965
196.961 71.949
209.020 71.971
221.965 71.969
21.971 84.051
34.017 84.059
46.970 84.019
59.033 84.022
71.977 84.018
84.046 84.038
96.966 84.040
109.012 84.019
121.939 84.047
134.068 84.021
146.964 84.045
159.102 84.048
171.953 84.022
184.030 84.031
196.977 84.050
209.025 84.065
221.931 84.039
234.037 84.036
21.997 96.943
34.001 96.945
46.965 96.978
59.027 96.950
71.959 96.957
84.046 96.946
96.996 96.953
109.071 96.939
121.927 96.955
134.041 96.931
146.950 96.968
159.022 96.986
171.956 96.950
184.054 96.941
196.971 96.969
209.079 96.988
221.939 96.928
234.017 96.965
21.957 109.040
34.051 109.050
46.936 109.035
59.027 109.046
71.975 109.017
84.054 109.013
96.995 109.003
109.017 109.042
121.954 109.033
134.039 108.995
146.935 109.055
159.061 109.048
171.955 109.019
184.022 109.046
196.996 109.052
209.070 109.033
221.960 109.031
234.024 109.041
9.053 121.962
21.957 121.979
34.043 121.961
46.956 121.959
59.041 121.994
71.981 121.946
84.045 121.962
96.961 121.974
109.090 121.972
121.949 121.928
134.105 121.999
146.955 121.966
159.027 121.950
171.993 121.973
184.015 121.966
196.963 121.967
209.027 121.945
221.970 121.923
234.042 121.983
246.934 121.943
9.043 134.058
22.035 134.037
34.016 134.025
46.957 134.053
59.026 134.015
71.978 134.018
84.011 134.048
96.926 134.041
109.042 134.010
121.966 134.048
134.019 134.021
146.944 134.051
159.030 134.018
171.965 134.021
184.054 134.054
196.952 134.021
209.005 134.019
221.948 134.049
234.044 134.052
246.931 134.068
21.973 146.950
34.009 146.976
46.973 146.970
59.025 146.940
71.944 146.955
84.070 146.973
96.973 146.952
109.054 146.960
121.957 146.953
134.050 146.973
146.979 146.956
159.045 146.947
171.951 146.956
184.049 146.945
196.985 147.011
209.035 146.938
221.969 146.959
234.036 146.958
21.986 159.014
34.004 159.019
46.948 159.003
59.071 159.049
71.935 159.017
84.040 159.073
96.999 159.044
109.050 159.050
121.919 159.038
134.034 159.012
146.987 158.998
159.041 159.029
171.984 159.039
184.069 159.023
196.951 159.024
209.053 159.052
221.963 159.062
234.021 159.032
21.967 171.963
34.045 171.964
46.929 171.973
59.018 171.976
71.980 171.948
84.041 171.932
96.969 171.978
109.044 171.976
121.971 171.959
134.069 171.934
146.962 171.937
159.073 171.948
171.967 171.973
184.044 171.960
196.965 171.968
209.052 171.954
221.984 171.955
234.032 171.968
34.043 184.003
46.959 184.026
59.025 184.011
71.992 184.034
84.023 184.048
96.935 184.033
109.033 184.079
121.979 184.027
134.035 184.043
146.980 184.038
159.057 184.035
171.972 184.030
184.084 184.015
196.970 184.061
209.027 183.973
221.978 184.023
34.049 196.930
46.953 196.963
59.034 196.972
71.952 196.932
83.997 196.961
96.959 196.972
109.027 196.966
121.959 196.961
134.020 196.962
146.963 196.964
159.065 196.941
171.986 196.946
184.007 196.952
196.980 196.968
209.008 196.955
221.914 196.963
47.035 209.067
59.011 209.030
71.942 208.995
84.098 209.031
96.966 209.028
109.037 208.993
121.958 209.040
134.055 209.012
146.923 209.050
159.053 209.034
171.959 209.019
184.026 209.052
196.941 209.040
209.033 209.046
59.009 221.948
71.957 221.956
84.048 221.976
96.983 221.941
109.020 221.942
121.984 221.933
134.034 222.012
146.967 221.969
159.021 221.970
171.964 221.945
184.053 221.947
196.973 221.930
83.986 234.031
96.956 234.046
109.028 234.004
121.960 234.025
134.060 234.025
146.942 234.067
159.081 234.029
171.902 234.057
121.969 246.946
134.024 246.941
