121.987 9.061
134.033 9.031
84.058 22.017
96.948 21.964
109.077 21.983
121.982 21.990
134.033 22.001
146.927 21.942
159.061 21.968
171.936 21.957
59.074 34.028
71.949 34.032
84.035 34.053
96.952 34.044
109.026 34.012
121.950 34.038
134.035 34.029
146.991 34.047
159.055 34.023
171.961 34.028
184.038 34.045
196.947 34.045
46.956 46.952
59.057 46.961
72.009 46.973
84.025 46.961
96.969 46.932
109.042 46.954
121.987 46.932
134.027 46.953
146.976 46.969
159.037 46.995
171.955 46.947
184.042 47.004
196.951 46.947
209.029 46.968
34.062 59.074
46.982 59.011
59.052 59.056
71.994 59.027
84.044 59.048
96.982 59.024
109.034 59.030
121.975 59.070
134.040 59.018
146.965 59.007
159.031 59.052
171.934 59.022
183.998 59.086
196.930 59.036
209.056 59.017
221.927 58.992
34.027 71.986
46.951 71.970
59.019 71.962
72.002 71.976
84.059 71.958
96.982 71.995
109.031 72.002
121.956 71.968
134.041 71.966
146.943 71.963
159.053 71.966
171.951 71.974
184.020 71.973
196.949 71.974
209.028 71.972
221.942 71.942
21.965 84.060
34.035 84.027
46.985 84.025
59.025 84.016
71.975 84.003
84.012 84.065
96.944 84.048
109.050 84.012
121.906 84.044
134.026 84.015
146.933 84.045
159.055 84.015
171.926 84.045
184.015 84.040
196.981 83.992
209.027 84.066
221.994 84.006
234.059 84.028
21.988 96.961
34.016 96.951
46.982 96.941
59.018 96.964
71.995 96.967
84.079 96.956
96.998 96.990
109.002 96.949
121.955 96.960
134.080 96.945
146.973 96.957
159.032 96.978
171.991 96.967
184.022 96.962
196.956 96.956
209.017 96.936
221.972 96.999
234.061 96.976
21.989 109.055
34.034 109.004
46.901 109.007
59.035 109.031
71.932 109.025
84.046 109.061
96.953 109.019
109.091 109.041
121.948 109.030
134.004 109.036
146.957 109.064
159.083 109.038
171.954 109.034
184.037 109.048
196.900 109.046
209.054 109.038
221.944 109.007
234.048 109.045
9.049 121.967
21.969 121.959
34.006 121.942
46.941 121.969
59.014 121.951
71.963 121.914
84.065 122.007
96.968 121.933
109.030 121.952
121.953 121.957
134.019 121.953
146.977 121.942
159.061 121.978
171.946 121.959
184.055 122.012
196.975 121.963
209.018 121.972
221.951 121.923
233.974 121.950
246.933 121.960
9.073 134.018
21.988 134.092
34.033 134.023
46.960 133.983
59.063 134.006
71.950 134.022
84.067 134.057
96.960 134.061
109.013 134.073
121.955 134.025
134.046 134.036
146.968 134.063
159.017 134.021
171.948 134.060
184.037 134.023
196.922 134.040
209.046 134.050
221.992 134.025
234.024 134.051
246.940 134.065
21.959 147.027
34.026 146.988
46.975 146.941
59.048 146.988
71.914 146.932
84.075 146.988
96.938 146.962
109.059 146.939
121.989 146.947
134.027 146.919
146.978 146.953
159.059 146.943
171.955 146.962
184.023 146.956
196.938 146.966
209.003 146.961
221.977 146.959
234.067 146.959
21.956 159.057
34.052 159.063
46.969 159.027
59.023 159.043
71.979 159.045
84.073 159.032
96.956 159.050
109.031 159.017
121.978 159.041
134.055 159.033
146.979 159.059
159.035 159.061
171.983 159.072
184.057 159.084
196.958 159.050
209.023 159.031
221.978 159.085
234.003 159.059
21.974 171.962
34.022 171.977
46.956 171.927
59.023 171.956
71.923 171.940
84.031 172.005
96.957 171.971
109.013 172.010
121.947 171.985
134.037 171.988
146.970 171.952
159.061 171.947
171.953 172.009
184.041 171.966
196.966 171.983
209.035 171.963
221.952 171.961
234.032 171.968
34.052 184.025
46.963 184.019
59.001 184.029
71.950 184.060
84.039 184.044
96.970 184.048
109.046 184.079
121.962 184.052
134.029 184.059
146.941 184.044
159.055 184.048
172.001 184.024
184.047 183.996
196.935 184.038
209.044 184.027
221.973 184.033
34.055 196.977
46.945 196.979
59.038 196.972
71.963 196.969
84.020 196.945
96.942 196.960
109.043 196.985
121.957 196.951
134.035 196.956
147.006 196.961
159.052 196.963
171.948 196.947
184.049 196.946
196.967 196.968
209.027 196.963
221.955 196.966
46.934 209.035
59.014 209.051
71.924 208.991
84.059 209.033
97.016 209.051
109.046 209.085
121.983 209.059
134.047 209.079
146.955 209.045
159.013 209.047
171.969 209.014
184.033 209.016
196.944 209.024
209.040 209.044
59.048 221.951
71.959 221.939
84.061 221.942
96.962 221.976
109.031 221.964
121.929 221.925
134.026 221.966
146.977 221.954
159.079 221.977
171.943 221.952
184.036 221.945
196.950 221.935
84.044 234.045
96.948 234.050
108.996 234.061
121.986 233.975
134.031 234.033
146.970 234.017
159.010 234.027
171.994 234.026
121.932 246.905
134.070 246.940
