121.992 9.032
133.983 9.021
83.980 21.994
97.046 22.042
109.001 22.031
122.031 21.997
134.024 22.042
147.020 22.003
158.974 22.003
171.965 21.997
59.010 34.068
72.020 34.012
83.944 34.030
97.009 33.976
108.990 33.981
121.975 33.944
134.013 34.025
147.029 34.032
159.027 33.990
172.009 33.987
183.991 33.952
196.976 34.033
46.990 46.946
58.984 47.012
72.045 47.067
83.958 46.991
97.017 47.019
109.011 46.975
122.014 46.961
133.980 47.010
147.002 47.027
158.985 47.001
172.020 47.020
183.988 47.021
197.010 47.035
208.995 47.019
34.022 58.988
47.008 59.001
58.991 58.981
71.990 59.013
84.001 58.991
96.995 59.011
108.998 58.993
121.994 58.935
133.988 58.995
146.999 59.022
159.028 59.051
172.004 58.983
183.975 58.977
196.998 59.025
208.985 59.004
221.943 58.999
33.974 72.030
47.001 72.038
59.033 72.006
72.028 71.972
84.003 71.995
96.995 71.938
108.986 71.975
122.050 72.024
133.985 71.984
147.012 71.991
158.999 71.981
171.972 71.987
183.970 71.991
196.993 71.986
208.990 72.034
222.009 72.004
21.999 83.999
33.974 84.004
47.046 83.987
59.010 83.934
71.988 84.019
83.981 83.967
97.008 83.968
109.036 84.002
121.982 83.983
133.983 83.975
146.979 83.982
158.981 83.998
172.017 83.987
184.000 83.990
197.018 84.015
209.014 84.045
221.984 83.989
233.999 84.003
22.040 96.977
33.973 96.970
46.977 97.012
58.983 96.979
72.010 96.980
84.014 97.003
96.977 96.991
109.004 97.024
122.032 97.012
134.015 97.011
146.960 97.011
158.980 97.030
171.967 97.039
184.011 97.004
196.974 97.040
209.003 97.013
222.013 97.012
234.036 96.970
21.960 108.995
34.023 109.022
47.017 109.005
59.017 109.017
72.016 108.983
84.011 108.997
96.992 109.007
108.998 109.011
122.015 109.025
134.030 109.007
146.991 108.953
158.983 108.986
171.991 108.990
183.972 108.973
197.004 109.011
209.016 108.995
221.950 109.027
234.033 109.016
9.019 121.955
22.054 121.983
33.945 122.015
47.012 121.986
58.982 121.989
71.972 121.973
83.999 122.000
97.022 121.983
109.039 121.995
122.018 121.992
134.005 121.975
146.992 122.057
159.027 122.028
172.031 122.048
183.982 122.024
196.949 122.005
209.007 122.012
221.999 122.007
233.967 122.001
246.981 121.992
9.059 134.045
22.025 134.001
33.954 134.006
46.991 133.999
59.002 133.970
72.016 134.006
84.025 134.022
97.014 133.975
108.977 133.947
121.990 134.009
133.965 133.967
147.059 133.989
158.964 133.992
171.971 134.002
183.964 134.023
196.965 134.019
209.006 134.007
222.027 133.995
233.947 134.032
246.949 134.025
22.023 146.999
34.001 147.038
47.012 147.032
59.011 147.000
71.963 146.983
84.008 146.969
96.992 147.029
108.986 147.007
122.025 146.979
133.976 146.958
146.980 146.999
158.969 146.999
171.964 147.008
184.032 147.008
197.036 146.988
208.980 147.008
221.973 146.975
233.984 147.000
21.966 159.061
34.011 159.028
47.002 158.975
58.988 158.975
72.006 158.955
83.966 158.999
97.016 159.000
109.028 158.976
122.025 158.998
133.993 158.977
147.001 159.015
158.974 158.986
172.014 158.979
184.052 159.012
197.035 158.993
209.018 159.008
222.012 158.988
233.989 159.003
21.981 171.980
34.043 172.017
47.013 171.996
58.967 172.002
72.034 172.006
83.979 172.002
97.012 171.999
108.994 172.056
121.983 171.988
133.966 172.009
146.991 172.006
159.014 171.990
172.031 171.992
183.973 172.050
197.047 172.018
209.012 172.009
222.013 171.989
234.049 171.984
34.003 183.999
46.985 184.006
58.997 184.014
71.979 183.994
83.991 183.982
96.997 184.008
109.001 184.045
121.999 184.011
133.981 183.991
147.030 184.048
159.042 184.000
172.031 184.015
183.979 183.996
197.018 183.995
209.001 184.022
222.033 183.977
34.039 197.026
46.984 196.994
58.984 196.974
71.990 197.002
84.015 197.011
97.009 196.974
108.958 196.972
122.016 197.021
133.996 197.006
147.033 196.976
159.036 196.994
172.043 197.003
183.978 197.009
196.994 197.000
209.004 196.961
221.955 196.974
46.996 209.047
58.984 209.023
72.026 209.005
84.053 208.988
96.993 209.013
108.988 208.968
121.958 209.004
133.982 209.021
146.985 208.998
159.005 209.001
171.985 209.009
183.969 209.020
196.995 209.050
209.018 209.019
59.018 221.977
72.015 222.012
84.032 221.955
96.983 222.001
109.019 222.007
121.970 222.016
134.003 221.997
147.010 221.997
158.999 222.038
171.965 221.974
184.015 222.013
196.982 221.989
84.015 234.015
96.978 233.974
108.993 234.018
121.972 233.976
134.020 233.954
146.964 233.988
159.007 234.011
171.992 234.035
121.962 246.939
134.009 246.992
