121.805 9.236
134.215 9.253
84.182 21.817
96.834 21.794
109.226 21.752
121.782 21.817
134.188 21.830
146.855 21.837
159.204 21.815
171.723 21.767
59.239 34.184
71.807 34.185
84.196 34.184
96.795 34.168
109.204 34.233
121.786 34.239
134.213 34.184
146.783 34.143
159.191 34.231
171.790 34.196
184.206 34.184
196.791 34.202
46.797 46.793
59.234 46.763
71.822 46.771
84.230 46.735
96.794 46.779
109.215 46.767
121.834 46.832
134.160 46.793
146.788 46.813
159.176 46.783
171.772 46.785
184.234 46.784
196.828 46.789
209.191 46.748
34.181 59.211
46.809 59.237
59.259 59.176
71.801 59.260
84.225 59.221
96.779 59.206
109.200 59.200
121.808 59.231
134.177 59.217
146.809 59.189
159.206 59.228
171.783 59.222
184.195 59.217
196.805 59.217
209.208 59.219
221.780 59.186
34.196 71.762
46.799 71.774
59.193 71.801
71.815 71.789
84.259 71.820
96.809 71.726
109.266 71.763
121.799 71.796
134.211 71.768
146.776 71.774
159.222 71.810
171.741 71.764
184.217 71.770
196.768 71.772
209.197 71.803
221.787 71.787
21.790 84.207
34.230 84.199
46.802 84.204
59.196 84.244
71.808 84.239
84.211 84.140
96.765 84.242
109.202 84.185
121.760 84.194
134.245 84.185
146.817 84.214
159.238 84.233
171.820 84.262
184.163 84.231
196.804 84.170
209.167 84.166
221.754 84.206
234.219 84.193
21.772 96.800
34.197 96.782
46.833 96.797
59.201 96.776
71.795 96.803
84.191 96.805
96.821 96.766
109.186 96.828
121.857 96.810
134.196 96.802
146.813 96.786
159.186 96.796
171.768 96.822
184.154 96.759
196.850 96.795
209.226 96.826
221.832 96.847
234.261 96.810
21.785 109.180
34.166 109.174
46.774 109.230
59.194 109.275
71.817 109.163
84.193 109.250
96.833 109.210
109.184 109.204
121.817 109.188
134.231 109.204
146.788 109.230
159.198 109.197
171.765 109.230
184.190 109.158
196.801 109.181
209.218 109.214
221.808 109.205
234.177 109.202
9.241 121.770
21.807 121.790
34.189 121.786
46.790 121.794
59.169 121.809
71.797 121.784
84.232 121.765
96.801 121.763
109.206 121.785
121.801 121.814
134.259 121.802
146.804 121.807
159.172 121.826
171.802 121.801
184.218 121.777
196.792 121.817
209.153 121.803
221.796 121.793
234.172 121.738
246.794 121.789
9.227 134.223
21.773 134.252
34.211 134.213
46.793 134.197
59.205 134.230
71.772 134.205
84.161 134.206
96.827 134.165
109.202 134.211
121.762 134.228
134.181 134.215
146.783 134.226
159.152 134.195
171.768 134.203
184.244 134.181
196.780 134.199
209.178 134.194
221.790 134.167
234.208 134.222
246.769 134.260
21.827 146.802
34.192 146.801
46.803 146.869
59.223 146.781
71.828 146.819
84.163 146.788
96.786 146.765
109.233 146.803
121.809 146.767
134.186 146.811
146.770 146.823
159.174 146.790
171.798 146.833
184.215 146.812
196.811 146.793
209.211 146.770
221.855 146.797
234.125 146.777
21.794 159.189
34.231 159.206
46.791 159.144
59.170 159.200
71.807 159.204
84.197 159.216
96.751 159.218
109.192 159.217
121.770 159.223
134.209 159.193
146.815 159.181
159.244 159.209
171.788 159.193
184.231 159.181
196.762 159.228
209.260 159.161
221.799 159.159
234.209 159.266
21.799 171.780
34.177 171.794
46.766 171.828
59.244 171.782
71.811 171.763
84.223 171.750
96.753 171.847
109.227 171.837
121.813 171.760
134.191 171.806
146.819 171.760
159.226 171.781
171.847 171.822
184.253 171.827
196.805 171.791
209.224 171.773
221.766 171.822
234.192 171.809
34.243 184.222
46.773 184.193
59.234 184.202
71.786 184.214
84.242 184.237
96.761 184.172
109.223 184.189
121.820 184.168
134.198 184.208
146.800 184.219
159.230 184.262
171.774 184.224
184.167 184.202
196.755 184.211
209.214 184.222
221.764 184.188
34.254 196.803
46.821 196.791
59.204 196.750
71.793 196.780
84.202 196.817
96.804 196.788
109.220 196.748
121.742 196.766
134.257 196.821
146.776 196.780
159.207 196.774
171.796 196.842
184.203 196.776
196.782 196.755
209.211 196.876
221.808 196.786
46.768 209.226
59.202 209.223
71.727 209.198
84.183 209.175
96.797 209.227
109.255 209.192
121.777 209.228
134.200 209.213
146.803 209.194
159.236 209.198
171.808 209.179
184.184 209.224
196.784 209.212
209.232 209.167
59.184 221.798
71.815 221.813
84.211 221.773
96.818 221.769
109.248 221.806
121.826 221.761
134.184 221.769
146.797 221.798
159.206 221.804
171.830 221.820
184.215 221.806
196.810 221.807
84.190 234.200
96.774 234.179
109.206 234.201
121.790 234.199
134.235 234.195
146.777 234.234
159.218 234.206
171.760 234.137
121.780 246.796
134.227 246.782
