121.951 9.057
134.079 9.077
83.988 21.993
96.975 21.973
109.043 21.981
121.909 21.986
134.064 22.014
146.962 22.001
159.024 22.026
171.960 21.962
59.052 34.037
71.968 34.032
84.065 34.057
97.002 34.025
108.979 34.008
121.941 34.002
134.057 34.047
146.939 34.057
159.026 34.036
171.917 34.016
184.026 34.031
196.995 34.053
46.955 46.943
58.991 46.968
71.977 46.966
84.002 46.969
96.929 46.945
109.006 46.977
121.978 46.906
134.050 46.928
146.978 46.947
159.046 46.975
171.963 46.946
184.029 46.984
196.950 47.004
209.042 46.982
34.059 59.026
46.971 59.011
59.062 59.044
71.961 59.040
83.995 58.992
96.979 58.993
109.019 59.050
121.970 58.988
134.058 59.038
146.992 59.051
159.012 58.977
171.932 59.032
184.035 59.038
196.960 59.025
208.988 59.047
221.965 59.034
34.015 71.959
46.980 71.959
59.008 71.949
71.928 71.954
84.033 71.935
97.001 71.963
109.029 72.004
121.985 72.013
134.057 72.004
146.972 71.967
159.028 71.981
172.007 71.943
184.037 71.955
196.957 71.970
209.036 71.921
221.943 71.979
21.961 84.027
34.030 84.021
47.009 84.045
58.970 84.008
71.969 84.025
84.031 84.009
96.955 84.031
109.028 84.032
121.988 84.031
134.038 84.062
146.950 84.018
159.036 84.037
171.946 84.066
184.034 84.020
196.996 83.993
209.047 83.992
221.946 84.013
234.007 84.007
21.995 96.943
34.074 97.028
46.960 96.971
59.008 96.928
71.954 96.979
84.064 96.954
96.938 96.947
109.039 96.970
121.958 96.944
134.007 96.952
146.992 96.941
159.049 96.935
171.954 96.979
184.015 96.968
196.990 96.936
209.040 97.008
221.962 96.931
234.035 96.989
21.936 109.040
34.022 109.057
46.967 109.044
59.015 109.006
71.997 109.031
84.024 109.026
96.978 109.022
109.066 109.035
121.987 109.023
133.997 109.055
146.966 109.041
159.062 109.022
171.961 109.041
184.035 109.016
197.018 109.041
209.035 109.020
221.946 109.057
233.993 109.046
9.030 121.926
21.962 121.981
34.018 121.956
46.957 121.992
59.067 121.992
71.963 121.978
84.035 122.015
96.930 121.962
109.052 121.956
121.973 121.982
134.049 121.933
146.935 121.931
159.045 121.982
172.008 121.990
184.014 121.982
196.950 121.944
209.058 121.951
221.931 121.999
234.013 121.976
246.969 121.952
9.074 134.010
21.968 134.050
34.029 134.024
46.939 134.087
59.036 134.051
71.961 134.054
84.031 134.015
96.971 133.982
109.045 134.010
121.966 134.026
134.033 134.041
147.009 134.023
158.996 134.027
171.969 134.007
184.012 134.033
196.935 134.020
209.054 134.050
222.016 134.028
234.014 134.021
246.964 134.058
21.985 146.942
34.082 146.973
46.980 146.971
59.062 146.956
71.982 146.940
84.022 146.994
96.967 146.989
108.987 147.032
121.986 147.000
134.057 146.962
147.007 146.959
159.003 146.963
171.969 146.974
184.000 146.955
196.989 146.931
209.078 146.977
221.967 146.965
234.053 146.970
21.972 159.016
34.020 159.057
46.959 159.021
59.020 158.995
71.972 159.038
84.032 159.050
96.999 159.033
109.003 159.057
121.938 159.044
134.031 159.027
146.967 159.056
159.042 159.060
171.919 159.054
184.034 159.029
197.005 159.052
209.031 159.022
221.961 158.973
234.007 159.019
21.946 171.932
34.022 171.985
46.942 171.981
59.017 171.953
72.010 171.943
84.091 171.934
96.977 171.941
109.046 171.960
121.963 171.973
134.052 171.978
146.976 171.949
159.042 171.955
171.966 171.957
184.012 171.950
196.971 171.972
209.051 171.971
221.963 171.972
234.054 171.998
34.082 183.965
46.987 183.995
59.032 184.030
71.977 184.053
84.019 184.069
96.985 184.021
109.010 184.012
121.987 184.007
134.067 184.000
147.021 184.024
159.013 184.023
171.952 184.025
184.014 184.012
196.961 184.049
208.997 183.998
221.966 184.027
34.071 196.945
46.953 196.939
59.052 197.014
71.962 197.039
84.029 196.980
96.926 196.997
109.018 196.996
122.008 196.999
134.014 196.976
146.962 196.971
159.035 196.994
171.979 196.998
184.027 196.970
196.950 196.965
209.002 196.942
221.966 196.980
46.952 209.068
59.051 209.009
72.024 209.018
84.078 209.062
96.903 209.092
109.000 209.049
121.919 209.051
134.020 209.098
146.958 209.049
159.033 209.023
171.973 209.039
184.027 209.046
196.903 209.040
209.030 209.058
59.064 221.971
71.994 221.971
84.004 221.959
96.952 221.962
109.042 221.938
121.956 221.948
134.021 221.987
146.960 221.994
159.034 221.988
171.975 221.974
184.060 221.964
196.976 221.981
84.025 234.042
96.900 234.044
109.011 234.025
122.018 233.980
134.023 234.039
146.940 234.007
159.025 233.960
171.949 234.020
122.040 247.006
134.057 246.996
