121.946 9.092
134.040 9.017
84.051 21.982
96.945 21.986
109.030 21.986
121.934 21.999
134.020 21.950
146.959 21.987
158.993 21.934
171.957 21.993
59.051 34.044
71.998 34.076
84.006 34.007
96.972 34.032
109.021 34.000
121.990 34.011
134.017 34.046
146.949 34.043
159.022 34.020
171.991 34.049
184.022 34.053
196.986 34.050
46.961 46.981
59.017 46.963
72.013 46.972
84.027 46.933
96.965 46.941
109.032 46.985
121.948 46.995
134.054 46.958
146.935 46.962
159.007 46.998
171.989 46.968
184.000 46.932
196.976 46.929
209.047 46.937
34.067 59.037
46.926 59.057
59.007 59.005
71.971 59.004
84.049 59.021
96.943 59.012
109.047 59.015
121.975 59.070
134.024 59.024
146.980 59.009
159.036 59.030
171.945 59.049
184.008 58.984
196.983 59.011
209.034 59.025
221.978 59.058
34.062 71.943
47.010 72.016
59.039 72.005
71.960 71.980
83.972 71.943
96.974 71.933
109.073 72.010
121.947 71.919
134.036 71.969
146.970 71.989
159.080 71.950
172.004 71.982
183.986 71.996
196.964 71.984
209.056 71.964
221.949 71.937
21.939 84.036
34.033 84.085
46.978 84.033
59.064 84.003
71.968 84.037
84.017 84.032
96.975 84.027
109.032 84.033
121.908 84.034
134.040 84.014
146.971 84.033
159.067 84.002
171.978 84.033
184.008 84.064
196.975 84.046
209.008 84.004
221.946 84.030
234.017 84.007
21.995 97.006
34.037 96.987
46.914 96.939
59.018 96.965
71.967 96.987
84.025 96.938
96.944 96.939
108.992 96.993
122.007 96.941
134.057 96.952
146.969 96.990
159.033 96.990
171.971 97.023
184.032 96.951
196.954 96.978
209.011 96.972
221.969 96.965
234.010 96.954
21.972 109.045
34.000 109.047
46.928 109.057
59.039 109.045
71.975 109.044
84.011 109.024
96.929 109.035
109.061 109.037
121.966 109.035
134.088 109.061
146.987 109.031
159.043 109.087
171.988 109.009
184.044 109.051
196.994 109.032
209.081 108.998
221.982 109.008
234.055 109.042
9.070 121.966
22.004 121.939
34.012 121.969
46.965 121.976
59.028 121.978
71.939 122.002
84.037 121.959
96.954 121.974
109.018 121.957
121.961 121.965
134.068 121.965
146.984 121.998
159.027 121.951
171.928 121.973
184.023 121.970
196.959 121.984
209.048 121.900
222.020 121.972
233.985 121.965
246.926 121.951
9.079 134.054
22.004 134.071
34.013 134.039
46.932 134.039
59.015 134.032
71.984 134.023
84.050 134.033
96.966 134.004
109.019 134.065
121.980 134.058
134.074 134.068
147.008 134.032
159.026 134.027
171.963 134.051
184.048 134.051
197.007 134.046
209.058 134.038
222.026 134.028
234.054 134.066
246.919 134.061
21.966 146.939
34.056 146.966
46.930 146.946
58.966 146.968
71.944 146.975
84.042 146.944
96.937 146.975
109.060 146.957
121.998 146.977
134.035 146.957
146.964 146.987
159.047 146.964
171.971 146.933
184.047 146.994
196.990 146.994
209.032 146.973
221.996 146.948
234.028 146.971
21.975 159.016
34.026 158.986
46.975 159.003
59.016 159.047
71.950 159.022
84.056 159.022
96.967 159.021
109.088 159.033
121.939 159.014
134.062 159.043
146.979 159.058
159.031 159.051
171.961 159.065
184.042 159.039
196.976 159.039
209.000 159.022
221.988 159.031
234.072 159.015
21.960 171.954
34.077 171.947
46.999 171.993
59.028 171.912
71.975 171.969
84.056 171.962
96.965 171.976
109.054 171.971
122.010 171.967
134.031 171.951
146.999 172.009
159.049 171.935
171.957 172.008
184.042 171.949
196.972 171.984
209.014 171.962
221.944 171.963
234.046 171.956
34.112 184.066
46.969 184.056
59.087 184.040
72.003 184.044
84.015 184.041
96.941 184.038
109.035 184.037
121.975 184.024
134.077 184.028
146.948 183.992
159.042 184.021
172.002 184.044
184.019 184.004
196.970 184.047
209.008 183.992
221.946 184.006
33.999 196.949
46.941 196.947
58.999 196.961
72.007 196.996
84.024 196.985
96.995 196.892
109.026 196.973
121.993 196.963
134.039 196.954
146.962 196.951
159.052 196.919
171.956 196.964
184.043 196.984
196.992 196.999
209.027 196.940
221.974 196.975
46.963 209.016
59.046 209.094
71.954 209.016
84.029 209.046
96.925 209.050
109.046 209.060
121.998 209.048
134.026 209.008
146.950 209.034
159.060 209.044
171.980 209.037
184.008 208.994
196.974 209.036
209.021 209.013
59.042 221.910
71.986 221.985
84.056 221.968
96.978 221.996
108.981 221.986
122.002 221.993
134.039 221.948
146.986 221.976
159.036 221.973
171.985 221.995
183.988 221.943
196.922 221.928
84.017 234.025
96.972 234.073
109.034 234.023
121.978 233.972
134.027 234.006
147.005 234.079
159.032 234.053
171.956 234.045
121.955 246.937
134.063 246.925
