121.966 9.093
134.022 9.090
84.040 21.949
96.933 21.990
109.025 21.973
121.954 21.962
134.032 22.010
146.961 21.971
159.033 22.002
171.945 21.978
59.012 34.061
71.974 34.061
84.011 34.025
96.973 34.026
109.022 34.021
121.944 33.995
134.055 34.024
146.999 34.023
158.991 34.053
171.945 34.021
184.042 34.040
196.975 34.072
46.941 46.937
59.048 46.981
71.993 46.982
84.012 46.937
96.971 46.973
109.072 46.947
121.957 46.940
134.084 46.932
146.957 46.962
159.010 46.976
171.968 46.982
184.005 46.955
196.951 46.981
209.036 46.948
34.069 59.035
46.952 59.050
59.045 59.030
71.978 59.057
84.017 59.042
96.966 59.035
109.048 59.031
121.981 59.066
134.057 59.026
146.999 59.042
159.021 59.063
171.947 59.046
184.017 59.045
196.954 59.036
209.063 59.037
221.952 59.023
34.039 72.016
46.952 71.989
59.042 72.004
71.954 71.986
84.052 71.939
96.976 71.952
109.038 71.989
121.976 71.973
134.022 71.958
146.960 71.996
159.034 71.960
171.955 71.975
184.057 71.956
196.957 71.935
209.009 71.939
221.944 71.955
22.001 84.055
34.047 83.990
46.920 84.029
59.048 84.056
71.987 84.014
84.015 84.035
96.954 84.047
109.033 84.045
121.971 84.033
134.044 84.040
146.984 84.022
159.023 83.991
171.929 84.021
184.047 84.017
196.956 84.055
209.024 84.040
221.932 84.037
234.051 84.020
21.927 96.929
34.004 96.967
46.933 96.942
59.033 96.953
71.954 96.938
84.025 96.947
97.022 96.979
109.013 96.964
121.977 96.964
134.013 96.965
146.977 96.971
159.067 96.969
171.953 96.990
184.029 96.985
196.986 96.988
209.017 96.949
221.972 96.977
234.061 96.960
21.951 109.040
33.999 109.026
46.972 109.003
59.038 109.043
71.926 109.027
84.091 108.997
96.975 109.039
109.022 109.052
121.978 109.034
134.046 109.030
146.979 109.021
159.020 109.006
171.955 109.056
184.042 109.048
196.975 109.043
209.038 109.050
221.963 109.027
234.031 109.054
9.036 121.913
21.973 121.945
34.031 121.950
46.979 121.972
59.023 121.988
71.959 121.960
84.000 121.977
96.929 121.917
109.054 121.945
121.955 121.947
134.041 121.954
146.968 121.964
159.044 121.973
171.977 121.962
184.034 121.958
196.995 121.968
209.053 121.976
221.978 121.958
234.016 121.959
246.950 121.930
9.081 134.060
21.986 134.003
34.055 134.049
46.959 133.996
59.014 134.029
71.944 134.042
84.051 134.050
96.936 134.060
109.063 134.033
121.981 134.042
134.044 134.019
146.973 134.040
159.038 134.051
171.990 134.031
184.053 134.051
196.956 134.058
209.043 134.015
221.945 134.013
234.046 134.065
246.953 134.046
21.957 146.939
34.038 146.948
46.947 146.962
59.010 146.978
71.959 146.960
84.046 146.981
96.959 146.949
109.038 146.995
121.960 146.973
134.035 146.953
146.958 146.981
159.071 146.989
171.966 146.966
184.045 146.982
196.962 146.990
209.047 146.947
221.953 146.964
234.033 146.923
21.954 158.999
34.050 159.044
46.911 159.034
59.007 159.024
71.940 159.017
84.028 159.020
96.935 159.037
109.033 159.053
121.971 159.042
134.025 159.026
146.965 159.050
159.025 159.057
171.971 159.067
184.051 159.046
196.947 159.024
209.067 159.020
221.966 159.062
234.038 159.050
21.995 171.934
34.032 171.985
46.958 172.009
58.990 171.978
71.944 171.949
84.021 171.955
96.971 171.948
109.036 171.970
121.965 171.982
134.060 171.983
146.924 171.927
159.044 171.931
171.940 171.987
184.024 172.004
196.965 171.938
209.030 171.972
221.944 171.990
234.043 171.954
34.047 184.071
46.974 184.031
59.002 184.045
71.991 184.020
84.052 184.023
96.935 184.060
109.061 184.009
121.951 184.069
134.073 184.052
146.981 184.053
159.026 184.033
171.961 184.028
184.006 184.027
196.984 184.050
209.021 184.032
221.983 184.053
34.059 196.966
46.947 196.964
59.032 196.980
71.955 196.959
84.034 196.942
96.973 196.963
108.993 196.975
121.922 196.942
134.026 196.956
146.957 196.996
159.052 196.987
171.981 196.979
184.013 196.985
197.004 196.974
209.035 196.942
221.978 196.977
46.952 209.015
59.049 209.065
71.961 209.051
84.024 209.032
96.964 209.012
108.997 209.048
122.006 209.051
134.029 209.025
146.969 209.030
159.060 209.060
171.968 209.016
184.043 209.030
196.961 209.086
209.032 209.024
59.029 221.915
71.977 221.976
84.031 221.946
97.006 221.946
109.033 221.978
121.965 222.014
134.032 221.948
146.960 221.981
159.063 221.974
171.982 221.965
184.066 221.956
196.934 221.944
84.052 234.045
96.945 234.032
109.048 234.021
121.987 234.058
134.047 234.040
146.953 234.042
159.056 234.033
171.963 234.006
121.976 246.908
134.053 246.936
