121.744 9.218
134.220 9.280
84.231 21.753
96.785 21.751
109.196 21.779
121.763 21.752
134.228 21.789
146.783 21.808
159.227 21.772
171.745 21.786
59.236 34.261
71.759 34.266
84.222 34.227
96.755 34.233
109.229 34.219
121.764 34.235
134.223 34.209
146.793 34.204
159.260 34.238
171.775 34.245
184.243 34.238
196.787 34.233
46.767 46.769
59.238 46.807
71.765 46.774
84.256 46.766
96.778 46.784
109.274 46.747
121.791 46.786
134.229 46.738
146.735 46.773
159.249 46.760
171.748 46.790
184.199 46.802
196.765 46.764
209.226 46.783
34.246 59.235
46.745 59.237
59.241 59.253
71.782 59.240
84.236 59.233
96.754 59.255
109.245 59.241
121.773 59.197
134.257 59.221
146.766 59.235
159.239 59.227
171.769 59.227
184.228 59.230
196.780 59.233
209.249 59.251
221.781 59.214
34.224 71.781
46.767 71.755
59.224 71.732
71.764 71.765
84.238 71.776
96.784 71.769
109.218 71.770
121.751 71.770
134.259 71.794
146.766 71.777
159.206 71.793
171.764 71.782
184.229 71.789
196.777 71.781
209.226 71.770
221.799 71.764
21.778 84.243
34.232 84.227
46.773 84.244
59.241 84.225
71.783 84.221
84.235 84.245
96.751 84.229
109.235 84.239
121.780 84.223
134.244 84.225
146.751 84.243
159.216 84.218
171.768 84.233
184.250 84.239
196.764 84.204
209.227 84.229
221.757 84.240
234.238 84.220
21.771 96.763
34.229 96.762
46.740 96.759
59.254 96.754
71.780 96.769
84.241 96.754
96.776 96.781
109.209 96.752
121.756 96.776
134.221 96.737
146.762 96.777
159.237 96.769
171.780 96.736
184.242 96.754
196.766 96.765
209.236 96.776
221.795 96.778
234.220 96.744
21.773 109.225
34.245 109.236
46.777 109.209
59.209 109.259
71.765 109.227
84.228 109.264
96.748 109.249
109.221 109.236
121.754 109.244
134.239 109.247
146.753 109.242
159.214 109.249
171.768 109.227
184.220 109.237
196.739 109.238
209.245 109.230
221.765 109.223
234.233 109.234
9.252 121.774
21.765 121.754
34.221 121.740
46.771 121.743
59.226 121.760
71.776 121.788
84.231 121.762
96.783 121.760
109.214 121.797
121.766 121.759
134.214 121.796
146.758 121.763
159.259 121.797
171.775 121.765
184.224 121.764
196.760 121.772
209.257 121.778
221.754 121.767
234.225 121.750
246.749 121.763
9.220 134.257
21.773 134.227
34.225 134.209
46.763 134.229
59.230 134.205
71.773 134.225
84.234 134.248
96.767 134.226
109.228 134.221
121.742 134.236
134.260 134.225
146.774 134.221
159.225 134.233
171.802 134.216
184.249 134.248
196.777 134.215
209.220 134.219
221.778 134.218
234.238 134.213
246.746 134.247
21.766 146.771
34.223 146.767
46.743 146.776
59.212 146.774
71.731 146.780
84.223 146.767
96.769 146.764
109.226 146.764
121.773 146.789
134.245 146.774
146.743 146.772
159.238 146.779
171.746 146.764
184.249 146.771
196.772 146.799
209.222 146.778
221.755 146.764
234.232 146.779
21.756 159.215
34.223 159.236
46.757 159.234
59.242 159.245
71.778 159.223
84.254 159.262
96.757 159.230
109.245 159.261
121.787 159.234
134.230 159.234
146.760 159.232
159.241 159.233
171.765 159.248
184.252 159.236
196.767 159.210
209.248 159.227
221.808 159.215
234.246 159.232
21.763 171.778
34.246 171.758
46.783 171.783
59.234 171.777
71.762 171.751
84.214 171.775
96.763 171.791
109.240 171.768
121.745 171.757
134.228 171.766
146.768 171.746
159.229 171.760
171.768 171.746
184.227 171.768
196.759 171.774
209.222 171.774
221.795 171.794
234.239 171.782
34.238 184.241
46.793 184.227
59.205 184.252
71.797 184.240
84.225 184.189
96.763 184.241
109.241 184.211
121.743 184.221
134.238 184.230
146.772 184.222
159.231 184.227
171.765 184.218
184.260 184.213
196.770 184.214
209.215 184.260
221.771 184.246
34.252 196.784
46.780 196.782
59.248 196.763
71.763 196.744
84.219 196.795
96.785 196.768
109.228 196.774
121.761 196.778
134.201 196.777
146.761 196.759
159.234 196.743
171.776 196.770
184.220 196.767
196.746 196.773
209.260 196.765
221.779 196.752
46.765 209.241
59.251 209.229
71.760 209.229
84.242 209.261
96.790 209.214
109.238 209.230
121.755 209.252
134.253 209.214
146.772 209.227
159.233 209.244
171.786 209.231
184.239 209.232
196.772 209.239
209.224 209.239
59.232 221.754
71.750 221.766
84.242 221.770
96.763 221.744
109.246 221.759
121.799 221.790
134.233 221.759
146.748 221.760
159.249 221.775
171.770 221.762
184.253 221.784
196.804 221.766
84.236 234.229
96.770 234.232
109.207 234.220
121.762 234.225
134.234 234.227
146.779 234.227
159.246 234.251
171.786 234.261
121.752 246.770
134.206 246.738
