121.750 9.248
134.238 9.238
84.237 21.741
96.765 21.762
109.251 21.797
121.770 21.784
134.244 21.774
146.781 21.770
159.252 21.753
171.776 21.770
59.228 34.235
71.769 34.247
84.218 34.227
96.744 34.224
109.235 34.239
121.788 34.225
134.240 34.227
146.787 34.226
159.254 34.251
171.795 34.224
184.221 34.241
196.760 34.226
46.758 46.763
59.245 46.764
71.762 46.810
84.248 46.789
96.781 46.784
109.225 46.775
121.758 46.758
134.239 46.778
146.770 46.787
159.231 46.790
171.755 46.777
184.260 46.779
196.767 46.770
209.232 46.751
34.257 59.230
46.763 59.215
59.226 59.247
71.756 59.248
84.227 59.239
96.744 59.232
109.237 59.223
121.764 59.222
134.225 59.251
146.769 59.234
159.231 59.231
171.754 59.248
184.255 59.233
196.759 59.243
209.255 59.235
221.776 59.220
34.234 71.774
46.769 71.764
59.261 71.768
71.777 71.806
84.256 71.774
96.753 71.774
109.234 71.755
121.773 71.766
134.242 71.793
146.760 71.739
159.252 71.790
171.787 71.762
184.228 71.771
196.789 71.806
209.247 71.781
221.771 71.749
21.786 84.200
34.227 84.232
46.755 84.238
59.245 84.244
71.753 84.232
84.211 84.234
96.754 84.258
109.212 84.232
121.780 84.241
134.220 84.206
146.775 84.254
159.241 84.228
171.777 84.241
184.224 84.241
196.761 84.210
209.208 84.207
221.795 84.240
234.224 84.247
21.757 96.764
34.239 96.779
46.752 96.805
59.247 96.796
71.759 96.760
84.210 96.781
96.768 96.788
109.245 96.769
121.782 96.755
134.220 96.772
146.768 96.756
159.239 96.746
171.774 96.760
184.207 96.792
196.764 96.787
209.219 96.771
221.776 96.763
234.234 96.783
21.750 109.215
34.231 109.232
46.756 109.216
59.223 109.242
71.770 109.226
84.236 109.219
96.774 109.217
109.206 109.209
121.791 109.207
134.229 109.221
146.751 109.245
159.213 109.193
171.769 109.242
184.236 109.249
196.784 109.238
209.223 109.207
221.768 109.250
234.236 109.227
9.229 121.766
21.776 121.771
34.236 121.756
46.776 121.775
59.249 121.760
71.758 121.777
84.280 121.770
96.778 121.749
109.259 121.778
121.749 121.753
134.226 121.752
146.746 121.757
159.223 121.770
171.762 121.761
184.233 121.761
196.752 121.739
209.212 121.769
221.779 121.777
234.232 121.776
246.731 121.756
9.223 134.203
21.781 134.263
34.251 134.234
46.756 134.240
59.222 134.227
71.746 134.247
84.213 134.212
96.753 134.233
109.240 134.221
121.762 134.232
134.241 134.238
146.784 134.232
159.204 134.211
171.754 134.251
184.249 134.234
196.753 134.214
209.234 134.268
221.782 134.226
234.224 134.219
246.769 134.211
21.784 146.762
34.214 146.754
46.763 146.747
59.267 146.768
71.755 146.763
84.247 146.789
96.766 146.775
109.245 146.775
121.767 146.755
134.237 146.798
146.787 146.778
159.240 146.752
171.757 146.770
184.236 146.774
196.763 146.757
209.230 146.752
221.774 146.772
234.234 146.738
21.765 159.199
34.216 159.233
46.759 159.221
59.226 159.210
71.744 159.221
84.237 159.241
96.770 159.244
109.234 159.220
121.805 159.200
134.218 159.218
146.764 159.226
159.232 159.253
171.775 159.221
184.235 159.235
196.748 159.233
209.240 159.237
221.744 159.223
234.250 159.235
21.787 171.788
34.242 171.778
46.777 171.758
59.252 171.775
71.765 171.757
84.225 171.762
96.782 171.806
109.231 171.769
121.762 171.784
134.236 171.776
146.767 171.783
159.209 171.760
171.770 171.772
184.227 171.768
196.751 171.741
209.239 171.780
221.756 171.766
234.256 171.756
34.251 184.240
46.771 184.254
59.216 184.217
71.752 184.211
84.257 184.236
96.794 184.238
109.255 184.235
121.763 184.241
134.256 184.246
146.755 184.247
159.215 184.225
171.760 184.229
184.221 184.219
196.788 184.222
209.250 184.237
221.770 184.236
34.244 196.758
46.761 196.774
59.238 196.790
71.778 196.786
84.244 196.768
96.756 196.755
109.221 196.777
121.773 196.771
134.237 196.772
146.774 196.763
159.248 196.759
171.756 196.756
184.235 196.763
196.776 196.778
209.229 196.786
221.781 196.804
46.750 209.251
59.242 209.214
71.768 209.189
84.229 209.245
96.793 209.232
109.236 209.248
121.777 209.222
134.247 209.233
146.773 209.219
159.223 209.273
171.773 209.227
184.243 209.241
196.779 209.243
209.191 209.238
59.221 221.756
71.787 221.796
84.247 221.790
96.743 221.778
109.217 221.753
121.761 221.747
134.240 221.755
146.778 221.772
159.262 221.782
171.749 221.757
184.248 221.762
196.776 221.741
84.272 234.235
96.774 234.247
109.240 234.254
121.797 234.255
134.219 234.211
146.767 234.249
159.216 234.226
171.764 234.241
121.760 246.773
134.228 246.758
