121.931 9.076
134.021 9.087
84.031 21.954
96.965 21.976
109.044 21.916
121.958 21.975
134.034 21.987
146.967 21.948
159.032 21.944
171.950 21.980
59.050 34.085
71.926 34.030
84.044 34.026
96.964 34.033
109.068 34.033
121.940 34.038
134.039 34.004
146.957 34.047
159.011 34.055
171.969 34.044
184.028 34.079
196.940 34.034
46.988 46.922
59.007 46.974
71.966 46.985
84.021 46.929
96.977 46.964
109.031 46.972
121.985 46.989
134.019 46.943
146.980 46.983
159.015 46.966
171.944 46.941
184.046 46.976
196.946 46.938
209.065 46.967
34.061 59.018
46.971 59.055
59.038 59.055
71.985 59.090
84.058 59.018
96.977 59.035
109.012 59.012
121.964 59.046
134.060 59.054
146.943 59.026
159.036 59.054
171.959 59.042
184.031 59.032
196.974 59.054
209.041 59.050
221.937 59.045
34.044 71.961
46.995 71.937
58.996 71.942
71.962 72.012
84.053 71.985
96.958 71.930
109.043 71.973
121.956 71.953
134.027 71.980
146.945 71.998
159.070 71.982
171.942 71.949
184.080 71.939
196.973 71.946
209.051 71.982
221.972 71.947
21.989 84.051
34.052 84.047
46.962 84.047
59.072 84.027
71.965 84.027
84.067 84.065
96.909 84.094
109.019 84.052
121.969 84.032
134.060 84.075
146.974 84.002
159.035 84.074
171.975 84.039
184.034 84.024
196.975 84.030
209.031 84.023
221.985 84.029
234.065 84.031
21.979 96.949
34.015 96.968
46.972 96.943
59.022 96.979
71.926 96.962
84.006 96.948
96.958 96.965
109.038 96.948
121.973 96.972
134.016 96.983
146.960 96.943
159.035 96.939
171.964 96.922
184.033 96.989
196.950 96.982
209.008 96.954
221.978 97.003
234.034 97.003
21.948 109.020
34.019 109.068
46.972 109.061
59.040 109.024
71.968 109.016
84.056 109.046
96.972 109.019
109.056 109.057
121.927 109.044
134.030 109.048
146.971 109.079
159.053 109.038
171.990 109.030
184.031 109.010
196.928 109.031
209.075 109.006
221.990 109.046
234.044 109.043
9.071 121.925
21.998 121.975
34.036 121.976
46.922 121.968
59.012 122.006
71.967 121.963
84.030 121.940
96.948 121.959
109.010 121.967
121.948 121.945
134.077 121.979
146.968 121.933
159.029 121.953
171.979 121.958
184.034 121.955
196.991 121.939
209.052 121.952
221.978 121.981
234.038 121.945
246.925 121.970
9.047 134.033
21.983 134.066
33.995 134.036
46.919 134.051
59.017 134.048
71.959 134.022
84.036 134.036
96.956 134.026
109.030 134.032
121.953 134.039
134.034 134.038
147.003 134.002
159.027 134.035
171.926 134.021
184.022 134.009
196.958 134.056
209.082 134.067
222.000 134.056
234.003 134.018
246.939 134.054
21.969 146.972
34.039 146.959
46.990 146.931
59.040 146.944
71.955 146.938
84.041 146.966
96.962 146.962
109.036 146.950
121.957 146.981
134.039 146.974
146.957 146.960
159.080 146.950
172.003 146.940
184.067 146.962
196.970 146.968
209.041 146.976
221.962 146.946
234.062 146.976
21.964 159.051
34.043 159.025
46.959 159.002
59.022 159.053
71.958 159.054
84.054 159.024
96.952 159.046
109.023 159.057
121.947 159.029
134.032 159.029
146.960 159.055
159.056 159.050
171.928 159.070
184.026 159.008
196.978 159.019
209.024 159.018
221.966 159.064
234.046 159.020
21.977 171.934
34.045 171.934
46.942 171.963
59.026 171.951
71.940 171.991
84.032 171.942
96.976 171.970
109.047 171.954
121.978 171.941
134.000 171.944
146.966 171.957
159.034 171.944
171.955 171.998
184.009 171.972
196.933 171.995
209.018 171.982
221.966 171.973
234.025 171.955
34.058 184.035
47.001 184.069
59.042 184.070
71.967 183.999
84.048 184.037
96.965 184.059
109.042 184.025
121.954 184.049
134.042 184.050
146.982 184.043
159.020 184.071
171.944 184.030
184.056 184.029
196.953 184.025
209.068 184.049
221.946 184.073
34.047 196.916
46.948 196.951
59.044 196.977
71.976 196.945
84.036 196.948
96.960 196.951
109.005 196.952
121.956 196.917
134.014 196.963
146.997 196.952
159.028 196.940
171.970 196.975
184.031 196.952
196.977 196.963
209.003 196.947
221.951 196.943
46.942 209.017
59.033 209.050
71.982 209.081
84.083 209.018
96.979 209.016
109.040 209.012
121.964 209.050
134.065 209.004
146.972 209.058
159.060 209.063
171.973 209.020
184.039 209.023
196.961 209.027
209.025 209.016
59.075 221.946
71.979 221.950
83.997 221.943
96.921 221.952
109.015 221.983
121.974 221.962
134.024 221.965
146.955 221.931
159.054 221.943
171.938 221.992
184.049 221.923
196.985 221.936
84.062 234.057
96.963 234.038
108.997 234.050
121.959 233.996
134.060 233.991
146.937 234.036
159.055 234.046
171.938 234.035
121.974 246.936
134.040 246.923
