121.774 9.232
134.239 9.207
84.220 21.790
96.756 21.771
109.241 21.745
121.748 21.814
134.244 21.773
146.784 21.770
159.257 21.744
171.769 21.741
59.245 34.227
71.764 34.242
84.241 34.246
96.759 34.217
109.247 34.218
121.745 34.263
134.233 34.226
146.785 34.219
159.222 34.250
171.750 34.229
184.242 34.251
196.773 34.240
46.758 46.729
59.236 46.776
71.773 46.766
84.256 46.762
96.797 46.809
109.224 46.756
121.760 46.756
134.218 46.767
146.776 46.749
159.242 46.778
171.766 46.769
184.226 46.798
196.754 46.754
209.222 46.776
34.216 59.243
46.782 59.225
59.220 59.211
71.761 59.243
84.227 59.232
96.768 59.193
109.221 59.235
121.776 59.235
134.246 59.211
146.744 59.193
159.228 59.215
171.784 59.232
184.209 59.236
196.760 59.247
209.238 59.247
221.764 59.225
34.241 71.747
46.796 71.766
59.234 71.772
71.760 71.772
84.226 71.769
96.775 71.762
109.232 71.758
121.781 71.813
134.233 71.764
146.808 71.780
159.250 71.793
171.771 71.747
184.246 71.780
196.779 71.767
209.246 71.764
221.764 71.770
21.767 84.236
34.242 84.242
46.763 84.249
59.256 84.230
71.771 84.223
84.229 84.248
96.749 84.233
109.269 84.244
121.759 84.248
134.242 84.209
146.766 84.270
159.226 84.206
171.808 84.218
184.248 84.226
196.781 84.200
209.247 84.222
221.794 84.246
234.240 84.225
21.794 96.758
34.205 96.783
46.766 96.773
59.242 96.749
71.773 96.768
84.230 96.769
96.767 96.768
109.244 96.767
121.763 96.768
134.228 96.737
146.761 96.732
159.241 96.742
171.759 96.748
184.218 96.770
196.783 96.802
209.226 96.765
221.788 96.768
234.241 96.782
21.772 109.218
34.214 109.224
46.784 109.241
59.228 109.236
71.766 109.233
84.235 109.225
96.765 109.236
109.241 109.223
121.781 109.234
134.237 109.206
146.776 109.258
159.240 109.222
171.782 109.237
184.235 109.257
196.775 109.234
209.238 109.243
221.770 109.239
234.221 109.242
9.239 121.772
21.774 121.764
34.242 121.768
46.787 121.772
59.245 121.757
71.768 121.752
84.242 121.762
96.780 121.760
109.247 121.771
121.782 121.753
134.245 121.775
146.783 121.756
159.230 121.754
171.806 121.785
184.246 121.754
196.775 121.768
209.227 121.761
221.755 121.744
234.224 121.750
246.747 121.768
9.222 134.231
21.807 134.222
34.223 134.237
46.731 134.245
59.248 134.259
71.794 134.233
84.234 134.237
96.799 134.196
109.245 134.225
121.760 134.244
134.255 134.251
146.765 134.232
159.207 134.244
171.774 134.255
184.220 134.227
196.781 134.231
209.225 134.227
221.749 134.246
234.240 134.245
246.741 134.222
21.802 146.769
34.205 146.792
46.787 146.757
59.210 146.795
71.761 146.752
84.217 146.790
96.775 146.785
109.218 146.777
121.743 146.790
134.244 146.799
146.750 146.741
159.207 146.749
171.769 146.788
184.220 146.759
196.783 146.763
209.239 146.775
221.771 146.774
234.242 146.771
21.750 159.231
34.249 159.225
46.792 159.224
59.248 159.220
71.749 159.244
84.228 159.250
96.764 159.222
109.229 159.237
121.797 159.240
134.206 159.212
146.788 159.236
159.222 159.234
171.768 159.213
184.254 159.213
196.793 159.200
209.203 159.224
221.779 159.228
234.233 159.228
21.757 171.753
34.237 171.767
46.789 171.747
59.199 171.788
71.780 171.760
84.243 171.757
96.776 171.759
109.232 171.747
121.787 171.769
134.258 171.799
146.755 171.751
159.246 171.770
171.750 171.763
184.245 171.774
196.759 171.753
209.238 171.763
221.770 171.768
234.237 171.794
34.247 184.215
46.768 184.218
59.222 184.243
71.760 184.227
84.240 184.202
96.777 184.223
109.222 184.231
121.763 184.246
134.246 184.226
146.752 184.229
159.250 184.186
171.762 184.230
184.219 184.230
196.749 184.230
209.236 184.212
221.759 184.242
34.255 196.754
46.754 196.777
59.238 196.771
71.757 196.782
84.242 196.744
96.779 196.759
109.244 196.757
121.770 196.766
134.243 196.753
146.772 196.750
159.245 196.761
171.764 196.789
184.230 196.779
196.758 196.748
209.243 196.774
221.774 196.766
46.764 209.229
59.216 209.218
71.777 209.227
84.192 209.219
96.764 209.242
109.220 209.248
121.762 209.235
134.233 209.219
146.794 209.225
159.242 209.248
171.769 209.260
184.254 209.213
196.756 209.246
209.255 209.227
59.202 221.769
71.763 221.783
84.253 221.760
96.794 221.752
109.239 221.758
121.748 221.777
134.240 221.751
146.746 221.761
159.240 221.748
171.784 221.747
184.204 221.772
196.784 221.782
84.194 234.229
96.771 234.226
109.234 234.227
121.766 234.268
134.241 234.242
146.762 234.230
159.227 234.261
171.761 234.237
121.771 246.764
134.240 246.763
