121.989 9.070
134.020 9.047
84.033 22.000
96.947 21.958
109.041 21.947
121.941 21.949
134.043 21.963
146.966 21.930
159.007 21.945
171.964 21.986
59.055 34.069
71.962 34.073
84.074 34.035
97.000 33.992
109.060 34.015
121.949 34.025
134.037 34.018
146.940 34.050
159.035 34.046
171.988 34.040
184.048 34.055
196.958 34.073
46.942 46.929
59.044 46.982
71.945 46.966
84.029 46.975
96.973 46.939
109.036 46.957
121.961 46.944
134.033 46.967
146.998 46.957
159.019 46.955
171.952 46.951
184.049 46.963
196.980 46.958
209.036 46.964
34.054 59.019
46.970 59.018
59.056 59.042
71.937 59.053
84.068 59.010
96.976 59.039
109.031 59.052
121.973 59.065
134.039 59.056
146.991 59.012
159.046 59.040
171.971 59.034
184.036 59.038
196.941 59.048
209.079 59.062
221.982 59.014
34.037 71.959
47.002 72.001
59.043 71.982
71.945 72.009
84.045 71.938
96.945 71.931
109.041 71.955
121.956 71.974
134.035 71.939
146.946 71.986
159.009 71.967
171.945 72.004
184.062 71.958
196.956 71.987
209.029 71.955
221.958 71.919
21.959 84.038
34.056 84.062
46.967 84.046
59.018 84.047
71.945 84.065
84.032 84.019
96.950 84.059
109.065 84.060
121.950 84.062
134.050 84.077
146.960 84.062
159.053 84.038
171.912 84.031
184.048 84.014
196.969 84.078
209.048 84.035
221.982 84.024
234.048 84.051
21.987 96.943
34.042 96.974
46.948 96.943
59.015 96.952
71.967 96.948
84.048 96.953
96.955 96.946
109.042 96.973
121.974 96.979
134.030 96.972
146.944 96.978
159.038 96.967
171.987 96.975
184.017 96.974
197.016 96.962
209.059 96.963
221.974 96.990
234.032 96.986
21.945 109.052
34.031 109.076
46.943 109.042
59.044 109.020
71.977 109.017
84.079 109.040
96.980 109.028
109.042 109.023
121.998 109.081
134.076 109.048
146.974 109.032
159.046 109.038
171.959 109.053
184.043 109.024
196.980 109.046
208.994 109.028
221.981 109.011
234.079 109.031
9.109 121.951
21.969 121.975
34.043 121.943
47.014 121.965
59.026 122.007
71.903 121.964
84.050 121.964
96.976 121.996
109.054 121.984
121.957 121.960
134.048 121.987
146.981 121.978
159.000 121.979
171.920 121.971
184.066 121.979
196.920 121.937
209.031 121.966
221.952 121.989
234.032 121.972
246.980 121.950
9.056 134.037
22.004 134.029
34.036 134.037
46.958 134.012
59.057 134.034
71.970 134.050
84.034 134.046
96.977 134.054
108.995 134.016
121.951 134.045
134.042 134.035
147.001 133.994
159.015 134.063
171.962 134.042
184.053 134.081
196.990 134.028
209.021 134.031
221.963 134.041
234.011 134.063
246.952 134.036
22.004 146.946
34.005 146.957
46.928 146.947
59.011 147.022
71.967 146.948
84.034 146.979
96.970 146.957
109.021 146.987
121.938 146.974
134.064 146.964
146.941 146.964
159.051 146.956
171.985 146.955
184.052 147.003
196.981 146.966
209.058 146.998
221.957 146.966
234.066 146.926
21.972 159.062
34.072 159.070
46.956 159.050
59.046 159.039
71.988 159.035
84.055 159.013
96.966 159.033
109.047 159.043
121.951 159.053
134.038 159.026
146.970 159.003
159.078 159.044
171.985 159.033
184.032 159.062
196.970 159.064
209.034 159.012
221.959 159.016
234.018 159.020
21.974 171.961
34.036 171.956
46.941 171.929
59.018 171.980
71.967 171.948
84.053 171.951
96.993 171.944
109.028 171.967
121.981 171.950
134.012 171.925
146.952 171.935
159.030 171.950
171.968 171.975
184.026 171.977
196.960 171.979
209.021 171.986
222.007 171.958
234.024 171.984
34.066 184.030
46.955 184.068
59.020 184.035
71.961 184.010
84.036 184.062
96.964 184.071
109.056 184.034
122.004 184.031
134.027 184.024
146.962 184.060
159.048 184.059
171.969 184.039
184.034 184.017
196.981 184.013
209.047 184.047
221.954 184.016
34.054 196.971
46.981 196.951
59.043 196.969
71.973 196.923
83.997 196.970
96.977 196.983
109.050 197.015
121.928 197.005
134.030 196.982
146.937 196.970
159.059 196.949
171.969 196.977
184.051 196.929
196.991 196.947
209.028 196.931
221.953 196.943
46.947 209.055
59.040 209.033
71.982 209.026
84.014 209.094
96.941 209.039
109.007 209.041
121.957 209.039
134.016 209.052
146.928 209.062
158.992 209.034
171.980 209.013
184.006 209.029
196.932 209.015
209.012 209.058
59.054 221.957
71.929 221.994
84.048 221.903
96.967 221.977
109.050 221.966
121.965 221.975
134.041 221.988
146.988 221.966
159.033 221.947
171.962 221.980
184.068 221.980
196.960 221.898
84.088 234.053
96.975 234.075
109.009 234.062
121.960 234.031
134.043 234.009
146.945 234.023
159.039 234.023
171.940 234.046
121.933 246.941
134.031 246.918
