121.816 9.201
134.270 9.196
84.244 21.798
96.796 21.830
109.251 21.793
121.771 21.766
134.300 21.774
146.795 21.816
159.223 21.810
171.710 21.761
59.214 34.165
71.729 34.231
84.254 34.223
96.795 34.291
109.242 34.255
121.764 34.210
134.295 34.193
146.810 34.227
159.228 34.195
171.720 34.245
184.214 34.185
196.796 34.187
46.752 46.732
59.191 46.725
71.757 46.753
84.258 46.749
96.754 46.730
109.195 46.711
121.747 46.700
134.268 46.708
146.769 46.713
159.193 46.696
171.771 46.736
184.240 46.762
196.753 46.765
209.255 46.777
34.157 59.206
46.749 59.213
59.213 59.233
71.742 59.206
84.230 59.217
96.775 59.209
109.223 59.219
121.790 59.231
134.215 59.233
146.772 59.175
159.193 59.166
171.788 59.177
184.271 59.185
196.749 59.214
209.190 59.215
221.778 59.166
34.197 71.751
46.790 71.776
59.227 71.785
71.712 71.785
84.227 71.759
96.750 71.750
109.234 71.812
121.742 71.781
134.215 71.780
146.763 71.749
159.220 71.778
171.789 71.790
184.246 71.734
196.763 71.705
209.189 71.759
221.751 71.731
21.693 84.229
34.200 84.213
46.784 84.212
59.222 84.220
71.707 84.208
84.233 84.160
96.788 84.169
109.228 84.204
121.796 84.252
134.179 84.183
146.747 84.191
159.244 84.231
171.773 84.238
184.218 84.154
196.763 84.239
209.211 84.229
221.741 84.252
234.229 84.174
21.710 96.760
34.185 96.767
46.749 96.723
59.222 96.722
71.753 96.693
84.169 96.706
96.722 96.683
109.282 96.635
121.804 96.719
134.202 96.764
146.747 96.725
159.270 96.746
171.754 96.739
184.195 96.737
196.780 96.810
209.259 96.772
221.696 96.764
234.161 96.785
21.716 109.232
34.180 109.238
46.735 109.204
59.206 109.190
71.754 109.164
84.188 109.195
96.772 109.154
109.304 109.206
121.857 109.224
134.211 109.225
146.742 109.191
159.229 109.221
171.798 109.254
184.199 109.212
196.786 109.242
209.259 109.196
221.671 109.199
234.177 109.309
9.160 121.746
21.773 121.748
34.233 121.740
46.745 121.776
59.211 121.800
71.738 121.801
84.166 121.783
96.758 121.770
109.295 121.774
121.854 121.724
134.198 121.752
146.755 121.755
159.249 121.720
171.793 121.756
184.199 121.723
196.780 121.699
209.264 121.732
221.763 121.764
234.250 121.830
246.885 121.884
9.171 134.181
21.764 134.189
34.245 134.224
46.759 134.277
59.195 134.280
71.709 134.231
84.138 134.267
96.737 134.290
109.206 134.267
121.775 134.168
134.193 134.138
146.771 134.170
159.224 134.190
171.766 134.193
184.212 134.187
196.788 134.186
209.288 134.211
221.801 134.261
234.256 134.221
246.847 134.188
21.808 146.716
34.283 146.747
46.759 146.773
59.205 146.741
71.757 146.739
84.214 146.782
96.726 146.804
109.188 146.806
121.729 146.720
134.232 146.739
146.814 146.733
159.275 146.764
171.754 146.769
184.182 146.723
196.792 146.731
209.279 146.762
221.793 146.773
234.249 146.749
21.782 159.247
34.218 159.222
46.712 159.176
59.159 159.170
71.817 159.188
84.264 159.214
96.743 159.249
109.196 159.232
121.748 159.255
134.186 159.240
146.813 159.276
159.271 159.262
171.747 159.252
184.187 159.233
196.788 159.184
209.308 159.200
221.753 159.185
234.225 159.190
21.755 171.801
34.225 171.751
46.695 171.703
59.184 171.743
71.843 171.774
84.265 171.742
96.721 171.743
109.190 171.750
121.747 171.754
134.225 171.796
146.757 171.794
159.229 171.768
171.754 171.747
184.203 171.846
196.780 171.835
209.251 171.764
221.788 171.733
234.262 171.766
34.172 184.184
46.772 184.204
59.220 184.228
71.808 184.244
84.251 184.244
96.761 184.228
109.196 184.219
121.784 184.160
134.255 184.242
146.790 184.260
159.195 184.220
171.767 184.257
184.221 184.262
196.750 184.267
209.194 184.209
221.828 184.213
34.145 196.817
46.750 196.747
59.262 196.745
71.790 196.776
84.245 196.818
96.728 196.795
109.167 196.833
121.740 196.785
134.299 196.815
146.824 196.825
159.168 196.815
171.762 196.828
184.252 196.797
196.734 196.786
209.207 196.783
221.835 196.831
46.728 209.252
59.261 209.227
71.813 209.258
84.258 209.248
96.736 209.246
109.203 209.244
121.776 209.300
134.277 209.313
146.777 209.284
159.208 209.279
171.724 209.280
184.202 209.252
196.753 209.221
209.197 209.257
59.225 221.815
71.822 221.768
84.209 221.722
96.697 221.686
109.288 221.717
121.831 221.787
134.230 221.777
146.765 221.687
159.223 221.694
171.753 221.754
184.191 221.805
196.802 221.856
84.142 234.248
96.693 234.208
109.292 234.217
121.878 234.191
134.206 234.200
146.699 234.197
159.213 234.172
171.821 234.198
121.839 246.872
134.204 246.858
