121.945 9.068
134.074 9.087
84.049 21.965
96.919 22.014
109.022 21.957
121.978 21.977
134.036 21.986
146.989 21.979
159.044 21.918
171.994 21.924
59.036 34.064
71.977 34.013
84.036 33.987
96.991 34.083
109.006 34.067
121.962 34.023
134.036 34.012
146.937 34.057
159.053 34.072
171.946 34.025
184.024 34.034
196.946 34.045
46.958 46.941
59.042 46.964
71.969 46.938
84.032 46.954
96.978 46.941
109.026 46.942
121.936 46.967
134.016 46.984
146.943 46.934
159.028 46.941
171.948 46.969
184.040 46.922
196.958 46.920
209.021 46.945
34.045 59.038
46.934 59.066
59.041 59.034
71.985 59.009
84.034 59.015
96.941 59.055
109.057 59.058
121.965 59.066
134.069 59.006
146.946 59.031
159.016 59.026
171.959 59.006
184.079 59.030
196.946 59.017
209.033 59.036
221.962 59.038
34.015 71.947
46.944 71.951
59.078 71.980
71.974 71.973
84.031 71.977
97.002 71.936
109.057 71.959
121.945 71.978
134.041 71.992
146.948 71.980
159.044 71.945
171.929 72.001
184.041 71.978
196.971 71.964
209.021 71.927
221.990 71.943
21.954 84.036
34.020 84.026
46.968 84.033
59.022 84.038
71.987 84.052
84.017 84.040
96.917 84.044
109.028 84.064
121.977 84.051
134.043 84.043
146.992 84.060
159.037 84.053
171.956 84.000
184.002 84.022
196.961 84.038
209.042 84.036
221.956 84.012
234.058 84.049
21.967 96.920
34.048 96.948
46.953 96.968
59.082 96.992
71.978 96.955
84.054 96.984
96.938 96.959
109.038 96.970
121.966 96.961
134.056 96.995
146.950 96.968
159.094 96.964
171.968 96.976
184.030 96.950
196.946 96.932
209.027 96.974
221.978 96.997
234.042 96.966
21.985 109.055
34.001 109.023
46.969 109.052
59.022 109.031
71.938 109.022
84.038 109.025
96.989 109.018
109.028 109.042
121.953 109.052
134.055 109.042
146.923 109.056
159.039 109.044
171.956 109.052
184.052 109.044
196.970 109.048
209.036 109.003
221.945 109.036
234.003 109.031
9.046 121.931
21.938 121.931
34.073 121.960
46.969 121.954
59.025 121.950
71.977 121.936
84.023 121.981
96.980 121.965
109.058 121.954
121.947 121.976
134.038 121.962
146.981 121.988
159.026 121.956
171.984 121.958
184.009 121.966
196.945 121.973
209.033 121.955
221.954 121.951
233.993 121.999
246.898 121.960
9.085 134.033
21.964 134.010
34.018 134.012
46.982 134.003
59.041 134.053
71.954 134.033
84.058 134.040
96.957 134.025
109.043 134.069
121.959 134.042
134.056 134.043
146.971 134.055
159.040 134.015
171.975 134.014
184.045 134.071
196.962 134.036
209.039 134.023
221.970 134.047
234.015 134.035
246.921 134.021
21.944 146.954
34.041 146.957
46.958 146.966
59.061 146.952
71.916 146.969
84.044 146.962
96.949 146.969
109.031 146.959
121.956 146.958
134.074 146.936
146.978 146.960
159.070 146.968
171.942 146.993
184.033 146.970
196.967 146.968
209.028 146.958
222.006 146.977
234.052 146.934
21.978 159.005
34.049 159.006
46.962 159.037
59.035 159.033
71.968 159.054
84.033 159.005
96.942 159.035
109.046 159.034
121.972 159.032
134.022 159.060
146.948 159.038
159.003 159.062
171.954 159.023
184.036 159.075
196.959 159.051
209.053 159.046
221.985 159.017
234.004 159.060
21.962 171.966
34.028 171.946
46.951 171.976
59.039 171.979
71.948 171.947
84.022 172.010
96.969 171.952
109.055 171.924
121.944 171.941
134.060 171.933
146.953 171.970
159.022 171.988
171.982 171.971
184.074 171.959
196.946 171.966
209.020 171.976
221.957 171.980
234.045 171.922
34.057 184.033
46.979 184.011
59.007 184.063
71.951 184.021
84.046 184.064
96.965 184.061
109.068 184.034
121.970 184.019
134.059 184.078
146.925 184.041
159.013 184.010
171.969 184.017
184.063 184.037
196.976 184.056
209.070 184.017
221.959 184.024
34.048 196.944
46.957 196.911
59.038 196.962
71.938 196.995
84.023 196.950
96.943 196.995
109.031 196.952
121.958 196.976
134.041 196.953
146.959 196.934
159.040 196.952
171.980 196.941
184.026 196.950
196.959 196.953
209.029 196.982
221.902 196.968
46.971 209.020
59.044 209.068
71.922 209.035
84.004 209.068
96.965 209.038
109.029 209.053
121.952 209.020
134.017 209.040
146.994 209.057
159.046 209.048
171.973 209.020
184.014 209.032
196.936 209.024
209.044 209.031
59.022 221.931
71.974 221.967
84.050 221.945
96.976 221.973
109.052 221.969
121.970 221.990
134.074 221.957
146.947 221.947
159.084 221.966
171.965 221.975
184.039 221.968
196.964 221.937
84.046 234.014
96.981 233.997
109.068 234.036
121.984 234.019
134.017 233.993
146.970 234.008
159.029 234.007
171.961 234.009
121.950 246.931
134.032 246.959
