121.867 9.004
134.137 8.951
84.135 21.534
96.734 21.661
109.183 21.481
121.804 21.578
134.180 21.578
146.805 21.629
159.281 21.666
171.904 21.447
58.962 34.059
71.719 34.069
84.156 34.062
96.896 34.031
109.204 34.027
121.811 34.000
134.074 34.072
146.755 34.103
159.192 34.014
172.033 34.040
184.198 34.034
196.927 34.005
46.508 46.613
59.040 46.604
71.617 46.661
84.111 46.644
96.788 46.415
109.201 46.526
121.799 46.516
134.123 46.640
146.821 46.651
159.294 46.647
171.866 46.431
184.343 46.515
196.965 46.579
209.508 46.658
33.959 59.061
46.619 59.088
59.072 59.097
71.711 59.105
84.077 59.019
96.770 59.048
109.214 59.017
121.847 59.037
134.212 58.986
146.803 59.064
159.198 59.075
171.861 59.066
184.355 59.105
196.980 59.068
209.408 59.098
222.004 59.039
34.003 71.719
46.604 71.686
59.039 71.794
71.561 71.657
84.070 71.669
96.710 71.741
109.230 71.701
121.871 71.733
134.267 71.693
146.753 71.685
159.225 71.710
171.905 71.769
184.367 71.735
196.999 71.693
209.326 71.660
221.843 71.646
21.465 84.076
34.049 84.060
46.578 84.150
58.982 83.995
71.541 84.158
84.127 84.064
96.793 84.115
109.171 84.170
121.867 84.180
134.281 84.122
146.882 84.178
159.309 84.065
172.014 84.074
184.305 84.127
196.916 84.089
209.354 84.115
221.957 84.088
234.574 84.140
21.533 96.651
34.090 96.679
46.666 96.737
59.027 96.735
71.644 96.704
84.105 96.807
96.685 96.746
109.191 96.626
121.780 96.743
134.254 96.696
146.850 96.684
159.283 96.741
171.891 96.743
184.358 96.665
196.862 96.665
209.379 96.674
221.990 96.886
234.524 96.780
21.585 109.194
34.150 109.163
46.560 109.245
59.097 109.117
71.639 109.093
84.112 109.153
96.700 109.236
109.189 109.172
121.796 109.116
134.201 109.175
146.890 109.161
159.228 109.179
171.851 109.207
184.325 109.190
196.903 109.171
209.364 109.183
222.029 109.162
234.596 109.185
8.964 121.896
21.566 121.792
34.076 121.831
46.593 121.739
59.022 121.814
71.673 121.793
84.084 121.772
96.725 121.807
109.083 121.830
121.775 121.739
134.245 121.778
146.946 121.809
159.246 121.783
171.879 121.820
184.341 121.751
197.007 121.841
209.341 121.817
221.974 121.767
234.503 121.711
247.039 121.725
8.985 134.142
21.575 134.218
34.036 134.246
46.501 134.237
58.993 134.185
71.660 134.250
84.240 134.161
96.742 134.264
109.150 134.220
121.711 134.208
134.385 134.214
146.909 134.275
159.280 134.204
171.850 134.186
184.400 134.228
196.881 134.210
209.381 134.245
221.921 134.233
234.463 134.189
247.022 134.218
21.550 146.784
34.013 146.954
46.599 146.853
59.024 146.893
71.594 146.869
84.178 146.775
96.796 146.857
109.169 146.831
121.772 146.894
134.282 146.917
146.872 146.800
159.241 146.841
171.904 146.870
184.351 146.799
196.974 146.846
209.343 146.856
221.869 146.869
234.574 146.846
21.586 159.378
34.067 159.228
46.611 159.321
59.074 159.239
71.586 159.304
84.147 159.244
96.766 159.296
109.161 159.292
121.727 159.331
134.197 159.314
146.829 159.288
159.271 159.290
171.837 159.277
184.345 159.317
196.994 159.283
209.371 159.237
221.996 159.284
234.424 159.453
21.534 171.849
34.136 171.897
46.696 171.915
59.038 171.944
71.585 171.886
84.098 171.964
96.859 171.953
109.154 171.959
121.844 171.857
134.129 171.811
146.914 171.949
159.273 171.920
171.911 171.932
184.270 171.917
196.928 171.943
209.416 171.918
221.917 171.876
234.548 171.916
33.978 184.329
46.612 184.369
59.076 184.172
71.609 184.392
84.115 184.366
96.763 184.295
109.170 184.270
121.727 184.328
134.288 184.409
146.852 184.371
159.316 184.431
171.942 184.560
184.358 184.458
196.892 184.416
209.420 184.374
222.024 184.410
33.986 196.979
46.636 196.994
59.019 196.940
71.709 196.958
84.083 196.912
96.819 196.968
109.166 196.992
121.790 197.022
134.230 197.009
146.872 196.961
159.254 197.019
171.939 196.928
184.295 196.979
196.899 197.003
209.363 196.958
221.947 196.985
46.609 209.444
59.047 209.525
71.672 209.546
84.111 209.418
96.706 209.388
109.183 209.307
121.717 209.405
134.233 209.567
146.860 209.416
159.302 209.412
171.941 209.347
184.328 209.457
196.907 209.415
209.470 209.389
59.029 222.029
71.646 221.974
84.164 221.950
96.800 221.964
109.184 221.953
121.843 222.015
134.253 222.001
146.811 222.031
159.221 221.958
171.861 221.929
184.271 221.880
196.885 221.889
84.120 234.463
96.711 234.396
109.221 234.462
121.805 234.431
134.250 234.391
146.826 234.511
159.317 234.564
171.955 234.392
121.906 246.925
134.231 246.968
