121.793 9.232
134.262 9.312
84.262 21.827
96.841 21.825
109.182 21.838
121.835 21.800
134.245 21.842
146.792 21.770
159.163 21.827
171.839 21.792
59.219 34.208
71.849 34.238
84.279 34.225
96.777 34.179
109.239 34.219
121.780 34.214
134.227 34.174
146.708 34.177
159.209 34.166
171.827 34.204
184.263 34.210
196.786 34.218
46.764 46.868
59.201 46.864
71.910 46.837
84.164 46.783
96.710 46.746
109.180 46.796
121.816 46.783
134.240 46.795
146.796 46.736
159.225 46.788
171.795 46.735
184.207 46.701
196.809 46.705
209.201 46.689
34.303 59.212
46.771 59.229
59.195 59.212
71.757 59.166
84.170 59.131
96.846 59.140
109.244 59.200
121.769 59.163
134.179 59.154
146.744 59.177
159.231 59.187
171.747 59.199
184.185 59.166
196.841 59.097
209.228 59.137
221.781 59.133
34.291 71.719
46.832 71.837
59.152 71.844
71.755 71.760
84.235 71.789
96.841 71.705
109.219 71.830
121.742 71.734
134.177 71.761
146.818 71.768
159.238 71.837
171.821 71.811
184.192 71.788
196.762 71.812
209.240 71.795
221.847 71.766
21.763 84.254
34.254 84.130
46.794 84.122
59.167 84.109
71.739 84.160
84.223 84.184
96.831 84.188
109.195 84.166
121.708 84.137
134.207 84.189
146.858 84.194
159.294 84.218
171.847 84.216
184.156 84.208
196.790 84.187
209.164 84.285
221.767 84.208
234.247 84.151
21.790 96.889
34.219 96.831
46.736 96.765
59.230 96.694
71.775 96.808
84.224 96.734
96.787 96.818
109.147 96.751
121.735 96.748
134.218 96.810
146.844 96.860
159.252 96.878
171.804 96.853
184.282 96.762
196.726 96.789
209.191 96.846
221.785 96.876
234.206 96.802
21.797 109.175
34.146 109.146
46.747 109.209
59.166 109.186
71.853 109.229
84.196 109.173
96.758 109.204
109.159 109.219
121.789 109.290
134.284 109.256
146.906 109.191
159.210 109.235
171.726 109.229
184.131 109.266
196.787 109.189
209.223 109.193
221.781 109.205
234.211 109.258
9.271 121.722
21.800 121.646
34.208 121.751
46.727 121.784
59.215 121.817
71.781 121.795
84.291 121.784
96.812 121.777
109.219 121.862
121.825 121.835
134.258 121.814
146.887 121.794
159.216 121.727
171.749 121.789
184.156 121.754
196.785 121.840
209.268 121.789
221.821 121.823
234.204 121.814
246.761 121.823
9.242 134.244
21.824 134.278
34.172 134.265
46.772 134.192
59.182 134.225
71.913 134.145
84.286 134.187
96.799 134.182
109.180 134.184
121.804 134.230
134.244 134.217
146.723 134.190
159.228 134.147
171.810 134.124
184.194 134.213
196.805 134.274
209.268 134.218
221.850 134.175
234.228 134.233
246.787 134.215
21.784 146.803
34.183 146.784
46.761 146.790
59.253 146.768
71.771 146.824
84.180 146.767
96.757 146.753
109.309 146.760
121.859 146.787
134.256 146.807
146.747 146.848
159.197 146.790
171.771 146.773
184.246 146.798
196.806 146.824
209.193 146.857
221.830 146.760
234.282 146.743
21.869 159.079
34.182 159.188
46.788 159.217
59.179 159.228
71.814 159.218
84.169 159.159
96.783 159.215
109.203 159.219
121.875 159.171
134.305 159.131
146.782 159.236
159.155 159.238
171.776 159.277
184.221 159.189
196.801 159.137
209.186 159.167
221.845 159.154
234.222 159.109
21.852 171.722
34.288 171.767
46.815 171.777
59.196 171.891
71.814 171.800
84.195 171.807
96.720 171.808
109.176 171.835
121.814 171.740
134.327 171.746
146.819 171.750
159.160 171.802
171.750 171.809
184.180 171.797
196.770 171.761
209.134 171.848
221.783 171.753
234.230 171.777
34.270 184.292
46.763 184.162
59.201 184.169
71.812 184.212
84.231 184.190
96.754 184.225
109.193 184.188
121.777 184.200
134.250 184.129
146.812 184.130
159.236 184.131
171.773 184.112
184.108 184.162
196.709 184.233
209.139 184.233
221.780 184.194
34.234 196.789
46.783 196.798
59.226 196.839
71.839 196.831
84.142 196.882
96.739 196.843
109.132 196.839
121.847 196.881
134.255 196.815
146.793 196.747
159.217 196.739
171.825 196.834
184.194 196.854
196.737 196.784
209.151 196.790
221.784 196.825
46.724 209.211
59.269 209.264
71.872 209.220
84.141 209.242
96.671 209.222
109.112 209.215
121.757 209.234
134.167 209.239
146.734 209.199
159.256 209.221
171.823 209.187
184.175 209.193
196.746 209.138
209.246 209.249
59.246 221.779
71.877 221.796
84.237 221.819
96.787 221.844
109.212 221.855
121.792 221.785
134.137 221.799
146.826 221.787
159.304 221.726
171.777 221.784
184.138 221.748
196.700 221.730
84.248 234.220
96.799 234.258
109.163 234.220
121.707 234.200
134.165 234.173
146.740 234.150
159.256 234.203
171.788 234.198
121.714 246.750
134.198 246.795
