121.753 9.243
134.239 9.236
84.218 21.775
96.768 21.795
109.248 21.755
121.760 21.777
134.232 21.740
146.764 21.757
159.256 21.776
171.769 21.764
59.241 34.218
71.754 34.218
84.225 34.240
96.781 34.208
109.235 34.229
121.755 34.245
134.223 34.242
146.776 34.227
159.232 34.234
171.761 34.220
184.203 34.231
196.764 34.253
46.777 46.764
59.236 46.748
71.740 46.770
84.241 46.753
96.779 46.769
109.244 46.759
121.745 46.760
134.248 46.734
146.789 46.765
159.244 46.758
171.788 46.769
184.229 46.777
196.764 46.762
209.227 46.784
34.228 59.228
46.766 59.242
59.228 59.213
71.773 59.253
84.258 59.265
96.765 59.229
109.234 59.238
121.774 59.221
134.222 59.230
146.744 59.241
159.220 59.195
171.778 59.245
184.244 59.266
196.766 59.246
209.244 59.252
221.764 59.242
34.244 71.752
46.754 71.779
59.224 71.736
71.730 71.741
84.225 71.757
96.760 71.767
109.237 71.755
121.773 71.766
134.263 71.771
146.785 71.779
159.205 71.769
171.779 71.762
184.242 71.774
196.790 71.774
209.249 71.751
221.779 71.750
21.768 84.222
34.205 84.235
46.766 84.226
59.237 84.235
71.748 84.224
84.233 84.216
96.755 84.237
109.239 84.234
121.766 84.237
134.230 84.224
146.752 84.246
159.215 84.187
171.771 84.226
184.231 84.226
196.758 84.220
209.218 84.238
221.803 84.223
234.235 84.244
21.772 96.796
34.235 96.802
46.758 96.776
59.215 96.803
71.764 96.765
84.244 96.764
96.781 96.752
109.233 96.774
121.779 96.750
134.243 96.766
146.733 96.761
159.229 96.766
171.785 96.781
184.244 96.748
196.760 96.778
209.246 96.743
221.768 96.770
234.209 96.775
21.782 109.253
34.230 109.259
46.735 109.227
59.241 109.245
71.807 109.221
84.229 109.242
96.758 109.250
109.233 109.208
121.773 109.230
134.234 109.236
146.767 109.238
159.245 109.228
171.750 109.202
184.258 109.234
196.750 109.234
209.217 109.218
221.768 109.226
234.228 109.234
9.258 121.743
21.804 121.766
34.238 121.775
46.752 121.731
59.220 121.770
71.759 121.765
84.184 121.771
96.755 121.749
109.259 121.774
121.769 121.772
134.247 121.776
146.768 121.768
159.241 121.772
171.774 121.771
184.246 121.738
196.778 121.761
209.238 121.758
221.733 121.776
234.217 121.773
246.767 121.776
9.239 134.227
21.783 134.228
34.239 134.218
46.782 134.215
59.240 134.232
71.778 134.239
84.236 134.239
96.770 134.243
109.238 134.225
121.787 134.236
134.252 134.247
146.769 134.224
159.233 134.216
171.756 134.248
184.266 134.244
196.756 134.238
209.256 134.223
221.776 134.186
234.212 134.227
246.763 134.259
21.758 146.725
34.253 146.735
46.748 146.781
59.232 146.776
71.767 146.767
84.231 146.769
96.763 146.751
109.221 146.785
121.754 146.789
134.223 146.761
146.767 146.771
159.238 146.787
171.776 146.780
184.233 146.775
196.764 146.728
209.238 146.774
221.792 146.766
234.228 146.745
21.749 159.243
34.240 159.244
46.778 159.236
59.232 159.217
71.761 159.233
84.236 159.190
96.761 159.238
109.221 159.251
121.775 159.224
134.245 159.206
146.769 159.232
159.230 159.238
171.762 159.227
184.228 159.217
196.758 159.224
209.248 159.235
221.805 159.254
234.255 159.232
21.799 171.767
34.235 171.781
46.769 171.787
59.243 171.748
71.758 171.765
84.226 171.788
96.778 171.752
109.210 171.784
121.776 171.790
134.246 171.776
146.763 171.764
159.257 171.771
171.779 171.789
184.238 171.758
196.760 171.743
209.227 171.785
221.774 171.766
234.240 171.769
34.207 184.247
46.778 184.255
59.237 184.217
71.782 184.236
84.230 184.209
96.779 184.249
109.260 184.213
121.759 184.259
134.238 184.256
146.760 184.242
159.230 184.248
171.772 184.234
184.220 184.222
196.770 184.233
209.265 184.206
221.774 184.239
34.248 196.740
46.757 196.774
59.238 196.742
71.762 196.752
84.233 196.770
96.784 196.733
109.240 196.784
121.761 196.771
134.253 196.772
146.774 196.752
159.249 196.764
171.742 196.760
184.233 196.772
196.781 196.788
209.253 196.771
221.756 196.775
46.751 209.240
59.216 209.234
71.778 209.205
84.239 209.214
96.768 209.231
109.227 209.239
121.764 209.215
134.237 209.232
146.781 209.220
159.220 209.251
171.760 209.241
184.205 209.247
196.746 209.225
209.222 209.217
59.236 221.765
71.781 221.746
84.248 221.741
96.777 221.768
109.226 221.788
121.775 221.776
134.217 221.754
146.753 221.764
159.241 221.773
171.766 221.779
184.243 221.754
196.751 221.773
84.224 234.240
96.755 234.247
109.209 234.247
121.740 234.210
134.220 234.223
146.778 234.220
159.235 234.231
171.782 234.224
121.798 246.763
134.231 246.760
