121.979 9.074
134.080 9.053
84.063 21.994
96.935 21.975
109.032 21.971
121.967 21.991
134.012 21.989
146.954 21.973
159.017 21.964
171.946 21.947
59.048 34.076
71.982 34.048
84.076 34.033
96.967 34.020
109.008 34.027
121.977 34.021
134.023 34.010
146.958 34.036
159.030 34.034
171.948 34.049
184.049 34.007
196.960 34.060
46.936 47.004
59.070 46.974
71.977 46.963
84.050 46.959
96.959 46.999
109.034 46.975
121.928 46.963
134.042 46.963
146.954 46.933
159.007 46.977
171.963 46.974
184.049 46.960
196.932 46.914
209.062 46.914
34.042 59.059
46.947 59.039
59.011 59.070
71.966 59.004
84.000 59.030
96.945 59.051
109.064 59.018
121.933 59.028
134.057 59.015
146.943 59.020
159.054 59.031
171.945 59.012
184.040 59.004
196.960 59.062
209.046 59.018
221.904 59.020
34.081 71.964
46.968 71.982
59.050 71.975
71.950 71.969
84.002 71.952
96.940 71.932
109.070 71.956
121.934 71.957
134.046 71.942
146.987 71.955
159.066 71.994
171.974 71.964
184.038 71.992
196.984 71.967
209.020 71.954
221.964 71.941
21.960 84.054
34.048 84.055
46.947 84.005
59.043 84.003
71.997 84.018
84.035 84.058
96.992 84.056
109.055 84.056
121.974 84.040
134.032 84.016
146.981 84.066
159.066 84.036
171.958 84.041
184.007 84.048
196.952 84.054
209.006 84.052
221.981 84.056
234.056 84.017
21.959 96.967
34.016 96.981
46.961 96.979
59.003 96.921
71.920 96.952
84.054 97.003
96.981 96.913
108.996 96.939
121.984 96.945
134.047 96.954
146.987 97.004
159.026 96.996
171.937 96.996
184.048 96.959
196.954 96.983
209.025 96.963
221.968 96.975
234.028 96.943
21.977 109.064
34.035 109.028
46.947 109.058
59.039 109.053
71.992 109.051
84.036 109.024
96.924 109.035
109.047 109.005
121.932 109.069
134.048 109.059
146.964 109.061
159.078 109.017
171.947 109.030
184.044 109.020
196.996 109.021
209.063 109.028
221.980 109.021
234.055 109.028
9.054 121.946
21.964 121.919
34.024 121.964
46.981 121.961
59.052 121.995
71.970 121.966
84.048 121.947
96.997 121.954
109.027 121.948
121.976 121.992
134.008 121.980
146.982 121.940
159.097 121.952
171.957 121.966
184.018 121.986
196.948 121.944
209.056 121.971
221.984 121.965
234.046 121.978
246.919 121.958
9.058 134.073
21.986 134.085
33.995 134.028
46.968 134.044
59.026 134.032
71.991 134.073
84.046 134.033
96.984 134.040
109.009 134.011
122.005 134.083
134.037 134.044
146.961 134.004
159.013 134.016
171.943 134.022
184.028 134.059
196.978 134.013
209.059 134.057
221.958 134.063
233.987 134.048
246.931 134.056
21.966 146.944
34.077 146.936
46.962 146.994
59.005 147.012
72.001 146.945
84.009 146.967
96.978 146.938
109.040 146.949
121.965 146.969
134.054 146.971
146.978 146.968
159.035 146.974
171.967 146.962
184.025 146.997
196.959 146.965
209.048 146.934
221.971 146.944
234.083 146.928
21.965 159.028
34.034 159.025
46.936 159.028
59.009 159.059
71.960 159.069
84.017 159.018
96.941 159.043
109.072 159.019
121.960 159.009
134.015 159.011
146.966 159.096
159.018 159.040
171.970 159.038
184.045 159.046
196.969 159.010
209.044 159.040
221.963 159.035
234.032 159.051
21.983 171.952
34.049 171.941
46.949 171.975
59.059 171.972
71.966 171.984
84.016 171.969
96.989 171.948
109.013 171.982
121.966 171.984
134.030 171.970
146.975 171.954
159.033 171.940
171.949 171.996
184.013 171.956
196.948 171.947
209.039 171.951
221.946 171.961
234.050 171.932
34.045 184.064
46.981 184.047
59.040 184.015
71.981 184.037
84.065 184.028
96.954 184.042
109.056 184.015
121.974 184.015
134.077 184.034
146.974 184.000
158.996 184.033
171.972 184.032
184.021 184.026
196.925 184.016
209.043 184.028
221.958 184.019
34.045 196.980
46.945 196.966
59.034 196.994
71.990 196.949
84.048 196.979
96.946 197.002
108.987 196.986
121.987 196.954
134.041 196.974
146.958 196.952
159.052 196.975
172.026 196.985
184.029 196.945
196.949 196.945
209.051 196.979
221.934 196.941
46.971 209.047
59.062 209.062
71.966 209.043
84.050 209.030
96.960 209.051
109.054 209.013
121.950 209.092
134.042 209.034
146.973 209.026
159.069 209.043
171.951 209.072
183.997 209.016
196.960 209.028
209.025 209.040
59.052 221.948
71.961 221.932
84.017 222.009
96.959 221.949
109.015 221.975
121.967 221.980
134.025 221.980
146.953 221.931
159.049 221.967
171.978 221.966
184.032 221.998
196.979 221.945
84.073 234.014
96.959 234.043
109.019 234.061
121.945 234.050
134.052 234.007
146.991 234.065
159.035 234.014
171.952 234.037
121.941 246.922
134.007 246.923
