121.758 9.225
134.166 9.229
84.217 21.853
96.777 21.760
109.200 21.804
121.760 21.774
134.196 21.818
146.805 21.793
159.218 21.813
171.825 21.804
59.233 34.215
71.759 34.252
84.161 34.217
96.804 34.216
109.206 34.164
121.784 34.193
134.222 34.239
146.773 34.207
159.172 34.197
171.746 34.201
184.214 34.183
196.785 34.207
46.838 46.836
59.213 46.817
71.804 46.835
84.190 46.797
96.832 46.832
109.243 46.737
121.789 46.732
134.197 46.801
146.792 46.785
159.196 46.833
171.751 46.759
184.218 46.759
196.787 46.780
209.209 46.849
34.233 59.180
46.793 59.227
59.210 59.225
71.817 59.215
84.191 59.145
96.820 59.250
109.176 59.218
121.833 59.188
134.232 59.203
146.763 59.210
159.183 59.228
171.785 59.221
184.259 59.170
196.758 59.222
209.217 59.222
221.797 59.197
34.205 71.832
46.734 71.793
59.184 71.798
71.818 71.767
84.188 71.761
96.806 71.748
109.218 71.774
121.809 71.774
134.217 71.773
146.778 71.769
159.195 71.800
171.745 71.823
184.223 71.810
196.783 71.820
209.211 71.772
221.783 71.800
21.868 84.187
34.254 84.202
46.748 84.189
59.252 84.220
71.836 84.240
84.201 84.249
96.812 84.267
109.221 84.201
121.820 84.203
134.214 84.207
146.814 84.195
159.180 84.233
171.837 84.234
184.213 84.219
196.826 84.202
209.166 84.133
221.798 84.189
234.191 84.204
21.808 96.766
34.165 96.820
46.750 96.781
59.190 96.763
71.808 96.783
84.201 96.803
96.785 96.836
109.194 96.787
121.806 96.804
134.181 96.792
146.762 96.782
159.223 96.808
171.783 96.760
184.203 96.837
196.769 96.780
209.258 96.784
221.753 96.780
234.231 96.772
21.824 109.168
34.206 109.212
46.819 109.179
59.214 109.162
71.760 109.231
84.206 109.163
96.785 109.200
109.220 109.208
121.827 109.236
134.145 109.204
146.788 109.177
159.227 109.274
171.805 109.156
184.255 109.230
196.801 109.179
209.214 109.218
221.810 109.206
234.205 109.162
9.220 121.831
21.751 121.781
34.250 121.763
46.756 121.787
59.219 121.816
71.786 121.811
84.198 121.812
96.777 121.807
109.203 121.772
121.814 121.819
134.224 121.823
146.766 121.813
159.190 121.816
171.786 121.803
184.217 121.797
196.789 121.791
209.259 121.754
221.816 121.771
234.186 121.815
246.779 121.779
9.240 134.224
21.772 134.214
34.180 134.220
46.792 134.245
59.218 134.190
71.827 134.183
84.215 134.182
96.816 134.160
109.248 134.221
121.764 134.193
134.208 134.227
146.790 134.204
159.233 134.227
171.807 134.228
184.219 134.212
196.795 134.230
209.207 134.215
221.813 134.226
234.174 134.206
246.776 134.226
21.753 146.784
34.203 146.753
46.770 146.783
59.193 146.785
71.788 146.819
84.217 146.804
96.777 146.814
109.200 146.775
121.788 146.786
134.207 146.762
146.775 146.805
159.201 146.784
171.815 146.750
184.189 146.842
196.772 146.782
209.206 146.822
221.765 146.759
234.214 146.836
21.797 159.199
34.198 159.214
46.786 159.219
59.179 159.238
71.795 159.230
84.224 159.165
96.795 159.206
109.226 159.218
121.758 159.211
134.231 159.193
146.782 159.221
159.241 159.200
171.773 159.225
184.240 159.199
196.803 159.170
209.194 159.201
221.829 159.179
234.209 159.226
21.790 171.810
34.199 171.792
46.768 171.786
59.207 171.833
71.787 171.782
84.165 171.821
96.816 171.820
109.234 171.743
121.779 171.779
134.221 171.846
146.771 171.788
159.198 171.766
171.794 171.786
184.226 171.795
196.805 171.812
209.170 171.849
221.754 171.826
234.206 171.747
34.176 184.222
46.802 184.247
59.217 184.169
71.733 184.240
84.215 184.216
96.757 184.254
109.209 184.226
121.756 184.244
134.219 184.200
146.823 184.238
159.211 184.207
171.793 184.198
184.230 184.183
196.786 184.239
209.203 184.226
221.802 184.144
34.185 196.780
46.809 196.766
59.187 196.767
71.772 196.792
84.220 196.752
96.779 196.811
109.161 196.816
121.780 196.802
134.205 196.794
146.773 196.811
159.209 196.769
171.746 196.770
184.216 196.802
196.792 196.788
209.217 196.819
221.787 196.808
46.780 209.242
59.232 209.246
71.808 209.198
84.248 209.188
96.818 209.229
109.204 209.185
121.792 209.230
134.200 209.218
146.765 209.237
159.222 209.181
171.841 209.217
184.220 209.216
196.759 209.232
209.191 209.162
59.175 221.805
71.741 221.810
84.183 221.810
96.799 221.833
109.221 221.829
121.747 221.768
134.244 221.791
146.789 221.800
159.182 221.733
171.842 221.808
184.234 221.763
196.790 221.780
84.226 234.225
96.779 234.203
109.211 234.185
121.831 234.186
134.231 234.214
146.793 234.205
159.220 234.152
171.835 234.157
121.808 246.753
134.192 246.767
