121.821 9.034
134.163 9.003
84.124 21.504
96.757 21.608
109.212 21.591
121.821 21.505
134.230 21.540
146.797 21.502
159.347 21.581
171.916 21.436
59.064 34.089
71.736 34.033
84.104 34.113
96.806 33.899
109.159 33.961
121.821 34.045
134.152 33.996
146.844 34.015
159.312 34.015
171.861 34.017
184.386 33.975
196.935 33.990
46.597 46.583
59.075 46.606
71.629 46.614
84.149 46.622
96.781 46.430
109.179 46.593
121.787 46.571
134.211 46.580
146.735 46.668
159.291 46.564
171.905 46.567
184.351 46.557
196.926 46.614
209.398 46.553
34.002 59.019
46.571 59.131
59.056 59.135
71.606 59.009
84.136 59.065
96.708 58.991
109.204 59.057
121.960 59.038
134.203 59.119
146.788 58.975
159.201 58.986
171.851 59.045
184.298 59.106
196.949 59.087
209.420 59.084
221.990 59.020
33.993 71.743
46.645 71.713
59.077 71.672
71.630 71.687
84.086 71.640
96.692 71.686
109.179 71.728
121.882 71.658
134.254 71.681
146.827 71.691
159.222 71.660
171.863 71.747
184.387 71.739
196.911 71.661
209.463 71.677
222.032 71.734
21.479 84.074
34.052 84.106
46.631 84.083
59.012 84.044
71.588 84.232
84.087 84.083
96.680 84.164
109.141 84.086
121.826 84.117
134.188 84.039
146.793 84.014
159.267 84.084
171.922 84.105
184.362 84.176
196.883 84.057
209.338 84.131
221.915 84.164
234.580 84.088
21.574 96.655
34.040 96.690
46.674 96.756
59.027 96.864
71.656 96.709
84.105 96.787
96.729 96.757
109.153 96.670
121.809 96.735
134.169 96.699
146.761 96.661
159.351 96.577
171.959 96.682
184.270 96.747
196.904 96.661
209.422 96.675
222.001 96.773
234.490 96.713
21.460 109.131
34.018 109.171
46.642 109.113
59.120 109.100
71.641 109.125
84.127 109.131
96.757 109.195
109.143 109.138
121.903 109.087
134.151 109.213
146.879 109.186
159.252 109.190
171.907 109.140
184.346 109.111
196.977 109.120
209.447 109.174
221.994 109.131
234.522 109.200
8.954 121.781
21.535 121.783
34.009 121.872
46.665 121.794
59.006 121.746
71.731 121.729
84.084 121.798
96.708 121.821
109.116 121.867
121.742 121.806
134.221 121.907
146.892 121.804
159.292 121.803
171.853 121.766
184.375 121.806
196.934 121.860
209.347 121.782
221.965 121.803
234.397 121.715
247.011 121.759
8.960 134.190
21.460 134.246
33.995 134.174
46.474 134.268
59.038 134.185
71.631 134.236
84.170 134.233
96.745 134.218
109.161 134.263
121.753 134.241
134.244 134.220
146.926 134.146
159.245 134.283
171.882 134.187
184.348 134.240
196.937 134.222
209.351 134.239
221.919 134.217
234.545 134.227
247.034 134.234
21.561 146.818
34.075 146.811
46.579 146.848
58.944 146.868
71.755 146.750
84.095 146.803
96.806 146.854
109.114 146.825
121.715 146.834
134.182 146.817
146.873 146.834
159.249 146.850
171.804 146.822
184.333 146.862
196.945 146.816
209.368 146.864
222.006 146.851
234.396 146.815
21.504 159.328
34.048 159.329
46.624 159.330
59.018 159.269
71.652 159.260
84.133 159.197
96.728 159.278
109.194 159.293
121.783 159.311
134.237 159.303
146.788 159.251
159.331 159.339
171.877 159.233
184.358 159.251
196.924 159.246
209.506 159.268
221.984 159.239
234.427 159.426
21.457 171.871
34.066 171.946
46.565 171.878
59.011 171.910
71.661 171.841
84.067 171.903
96.813 171.932
109.147 171.933
121.733 171.882
134.189 171.953
146.884 171.922
159.347 171.888
171.916 171.966
184.390 171.892
196.954 171.887
209.331 171.874
221.942 171.949
234.533 171.954
33.985 184.314
46.601 184.411
59.033 184.333
71.574 184.379
84.103 184.370
96.772 184.360
109.170 184.396
121.739 184.321
134.213 184.271
146.902 184.293
159.342 184.386
171.879 184.437
184.386 184.421
196.951 184.437
209.389 184.467
221.965 184.427
34.056 197.030
46.670 196.996
59.059 196.977
71.651 196.963
84.081 197.021
96.806 196.954
109.110 196.938
121.727 196.988
134.216 197.002
146.863 197.008
159.243 196.925
171.992 197.039
184.320 197.014
196.907 197.041
209.416 196.985
221.991 197.004
46.604 209.476
59.086 209.478
71.659 209.471
84.079 209.336
96.666 209.343
109.193 209.326
121.758 209.476
134.246 209.462
146.833 209.425
159.337 209.504
171.909 209.266
184.367 209.385
196.954 209.442
209.414 209.418
59.026 221.951
71.643 221.998
84.037 221.986
96.676 221.949
109.168 221.954
121.904 221.940
134.182 222.029
146.850 222.013
159.299 222.009
171.941 221.973
184.322 221.982
196.920 221.918
84.048 234.595
96.697 234.356
109.190 234.447
121.837 234.408
134.321 234.494
146.868 234.556
159.382 234.388
171.921 234.442
121.834 246.970
134.234 247.034
