121.745 9.252
134.234 9.231
84.232 21.755
96.755 21.749
109.213 21.747
121.771 21.767
134.240 21.784
146.763 21.750
159.218 21.790
171.761 21.758
59.218 34.195
71.770 34.244
84.234 34.249
96.785 34.219
109.236 34.227
121.750 34.235
134.241 34.226
146.748 34.241
159.228 34.208
171.763 34.220
184.241 34.225
196.787 34.228
46.751 46.735
59.240 46.783
71.776 46.762
84.240 46.795
96.756 46.750
109.225 46.767
121.766 46.764
134.237 46.786
146.766 46.762
159.220 46.762
171.755 46.774
184.260 46.768
196.781 46.765
209.256 46.762
34.215 59.252
46.776 59.212
59.269 59.238
71.789 59.222
84.228 59.244
96.747 59.234
109.247 59.241
121.754 59.219
134.218 59.249
146.775 59.238
159.236 59.237
171.801 59.221
184.237 59.200
196.775 59.218
209.213 59.217
221.787 59.226
34.226 71.773
46.771 71.750
59.258 71.757
71.784 71.780
84.256 71.763
96.771 71.748
109.238 71.740
121.751 71.773
134.204 71.806
146.748 71.755
159.232 71.807
171.759 71.761
184.214 71.773
196.766 71.760
209.227 71.785
221.762 71.794
21.775 84.218
34.227 84.233
46.778 84.245
59.213 84.252
71.799 84.251
84.245 84.195
96.787 84.208
109.223 84.242
121.766 84.234
134.227 84.228
146.780 84.237
159.225 84.222
171.776 84.229
184.246 84.242
196.781 84.253
209.232 84.236
221.757 84.249
234.252 84.238
21.780 96.749
34.224 96.772
46.773 96.789
59.223 96.765
71.773 96.770
84.229 96.745
96.741 96.761
109.245 96.762
121.771 96.756
134.222 96.770
146.784 96.760
159.248 96.760
171.745 96.782
184.205 96.753
196.778 96.790
209.252 96.767
221.757 96.755
234.227 96.776
21.782 109.242
34.224 109.268
46.757 109.226
59.230 109.246
71.754 109.234
84.231 109.211
96.779 109.244
109.219 109.229
121.801 109.201
134.236 109.235
146.775 109.224
159.225 109.263
171.769 109.216
184.237 109.225
196.769 109.218
209.253 109.225
221.763 109.222
234.248 109.238
9.223 121.744
21.771 121.781
34.248 121.774
46.764 121.777
59.230 121.754
71.768 121.776
84.227 121.760
96.797 121.790
109.241 121.757
121.780 121.748
134.244 121.786
146.772 121.802
159.238 121.784
171.762 121.761
184.235 121.784
196.760 121.765
209.225 121.738
221.771 121.772
234.228 121.762
246.742 121.754
9.237 134.232
21.775 134.227
34.219 134.204
46.783 134.245
59.234 134.229
71.742 134.226
84.248 134.228
96.760 134.235
109.232 134.224
121.753 134.259
134.228 134.257
146.762 134.230
159.264 134.241
171.779 134.223
184.238 134.236
196.769 134.231
209.249 134.263
221.762 134.221
234.190 134.224
246.768 134.246
21.764 146.802
34.207 146.759
46.763 146.755
59.231 146.764
71.745 146.758
84.219 146.777
96.773 146.757
109.209 146.737
121.758 146.792
134.257 146.804
146.781 146.748
159.262 146.782
171.762 146.742
184.227 146.776
196.776 146.781
209.212 146.800
221.745 146.756
234.220 146.761
21.765 159.245
34.226 159.252
46.782 159.251
59.239 159.247
71.772 159.228
84.208 159.240
96.772 159.254
109.214 159.235
121.809 159.250
134.260 159.219
146.787 159.216
159.242 159.226
171.766 159.235
184.228 159.251
196.765 159.235
209.247 159.242
221.772 159.232
234.243 159.210
21.760 171.776
34.222 171.797
46.766 171.750
59.203 171.784
71.779 171.764
84.221 171.755
96.759 171.777
109.211 171.778
121.794 171.778
134.220 171.738
146.790 171.792
159.250 171.771
171.780 171.796
184.237 171.790
196.779 171.745
209.219 171.768
221.737 171.775
234.233 171.758
34.242 184.224
46.769 184.242
59.250 184.250
71.750 184.206
84.253 184.216
96.770 184.254
109.244 184.257
121.754 184.222
134.248 184.236
146.741 184.236
159.253 184.211
171.762 184.233
184.241 184.226
196.772 184.226
209.226 184.205
221.757 184.227
34.247 196.768
46.769 196.767
59.223 196.779
71.776 196.764
84.210 196.768
96.793 196.782
109.233 196.757
121.781 196.765
134.230 196.767
146.730 196.761
159.260 196.750
171.782 196.766
184.223 196.770
196.747 196.796
209.239 196.767
221.782 196.735
46.758 209.214
59.205 209.242
71.778 209.203
84.232 209.237
96.762 209.218
109.228 209.210
121.769 209.240
134.244 209.245
146.755 209.223
159.215 209.244
171.765 209.199
184.241 209.233
196.774 209.230
209.227 209.231
59.246 221.760
71.757 221.784
84.252 221.757
96.745 221.789
109.244 221.752
121.768 221.782
134.251 221.776
146.753 221.763
159.260 221.765
171.754 221.775
184.233 221.756
196.803 221.778
84.244 234.219
96.763 234.216
109.232 234.226
121.770 234.226
134.237 234.238
146.759 234.235
159.242 234.258
171.777 234.237
121.741 246.756
134.205 246.758
