121.831 8.948
134.212 8.985
84.181 21.588
96.712 21.588
109.243 21.446
121.712 21.553
134.130 21.572
146.857 21.578
159.311 21.607
171.958 21.452
58.970 34.009
71.715 34.021
84.158 34.019
96.794 34.045
109.257 34.086
121.750 34.035
134.118 34.084
146.793 33.980
159.316 34.025
171.868 34.009
184.288 33.945
196.885 33.995
46.628 46.618
59.057 46.662
71.648 46.596
84.157 46.641
96.672 46.465
109.274 46.461
121.769 46.514
134.249 46.489
146.786 46.623
159.303 46.594
171.851 46.569
184.363 46.509
196.965 46.592
209.425 46.498
34.050 58.974
46.582 59.110
59.111 59.090
71.651 59.066
84.033 59.037
96.792 59.114
109.253 59.012
121.906 59.072
134.223 59.049
146.796 59.127
159.200 59.065
171.903 59.072
184.372 59.145
196.996 59.122
209.440 59.032
221.922 58.982
33.961 71.699
46.587 71.668
59.041 71.755
71.582 71.676
84.046 71.754
96.756 71.721
109.223 71.695
121.932 71.715
134.254 71.684
146.790 71.715
159.245 71.670
171.896 71.796
184.393 71.656
196.963 71.780
209.341 71.708
222.002 71.630
21.476 84.074
33.960 84.053
46.608 84.169
59.007 84.045
71.592 84.137
84.005 84.153
96.724 84.128
109.228 84.120
121.851 84.087
134.223 84.147
146.857 84.015
159.284 84.129
171.929 84.169
184.279 84.201
196.953 84.029
209.343 84.193
221.955 84.133
234.565 84.105
21.604 96.687
34.081 96.643
46.627 96.657
59.044 96.721
71.564 96.758
84.036 96.754
96.705 96.654
109.191 96.713
121.775 96.766
134.207 96.689
146.884 96.683
159.329 96.668
172.016 96.760
184.333 96.702
196.880 96.746
209.464 96.687
221.979 96.749
234.559 96.809
21.618 109.217
34.025 109.165
46.610 109.160
59.001 109.141
71.650 109.244
84.061 109.149
96.729 109.205
109.110 109.170
121.860 109.107
134.179 109.139
146.821 109.191
159.235 109.208
171.861 109.186
184.287 109.159
196.871 109.197
209.408 109.181
221.965 109.141
234.605 109.188
8.951 121.833
21.597 121.818
34.041 121.816
46.604 121.752
59.063 121.767
71.628 121.674
84.150 121.810
96.714 121.794
109.169 121.823
121.730 121.799
134.308 121.738
146.858 121.883
159.260 121.796
171.851 121.814
184.354 121.792
196.953 121.867
209.406 121.820
221.903 121.779
234.418 121.721
247.052 121.749
8.970 134.178
21.463 134.232
33.980 134.188
46.510 134.276
59.021 134.206
71.680 134.213
84.120 134.221
96.749 134.251
109.119 134.244
121.758 134.235
134.254 134.181
146.837 134.149
159.219 134.268
171.891 134.189
184.447 134.283
196.962 134.252
209.326 134.241
221.975 134.263
234.495 134.309
247.056 134.206
21.570 146.869
34.039 146.874
46.691 146.870
58.948 146.918
71.621 146.845
84.131 146.853
96.753 146.753
109.113 146.933
121.794 146.896
134.246 146.822
146.905 146.852
159.279 146.799
171.919 146.887
184.215 146.848
197.018 146.851
209.394 146.795
221.901 146.856
234.461 146.865
21.618 159.333
34.019 159.257
46.564 159.237
59.015 159.377
71.625 159.293
84.269 159.224
96.738 159.297
109.210 159.237
121.732 159.337
134.249 159.279
146.828 159.273
159.326 159.294
171.870 159.242
184.424 159.325
196.944 159.222
209.394 159.294
221.955 159.275
234.342 159.351
21.598 171.876
34.032 171.870
46.594 171.871
59.009 171.897
71.656 171.939
84.170 171.889
96.810 171.891
109.131 171.989
121.792 171.893
134.188 171.891
146.856 171.905
159.273 171.947
171.856 171.963
184.289 171.938
196.899 171.904
209.396 171.939
222.011 171.976
234.575 172.025
33.988 184.283
46.631 184.305
59.035 184.352
71.628 184.400
84.166 184.447
96.750 184.372
109.179 184.334
121.742 184.361
134.184 184.306
146.856 184.343
159.343 184.439
171.894 184.427
184.320 184.368
196.960 184.493
209.418 184.487
221.948 184.409
34.016 196.945
46.621 196.905
59.085 196.965
71.629 196.943
84.130 197.010
96.833 196.990
109.106 196.859
121.824 196.944
134.196 197.009
146.904 196.978
159.324 196.954
171.920 197.025
184.278 196.963
196.969 196.968
209.372 196.886
221.933 196.934
46.661 209.427
59.085 209.467
71.593 209.510
84.108 209.351
96.756 209.393
109.199 209.392
121.766 209.412
134.283 209.449
146.837 209.393
159.361 209.402
171.917 209.443
184.341 209.331
196.933 209.425
209.379 209.415
59.039 221.954
71.660 222.018
84.046 222.015
96.715 221.932
109.216 221.989
121.828 222.027
134.110 221.875
146.885 221.968
159.277 222.010
171.978 222.035
184.350 221.897
196.927 221.897
84.097 234.398
96.704 234.444
109.147 234.451
121.846 234.436
134.280 234.427
146.823 234.507
159.292 234.428
171.901 234.426
121.830 247.029
134.247 247.059
