121.802 8.975
134.144 8.998
84.098 21.529
96.746 21.589
109.255 21.490
121.755 21.548
134.249 21.687
146.842 21.582
159.285 21.665
171.890 21.384
58.997 33.988
71.717 34.087
83.991 34.050
96.861 34.008
109.131 33.978
121.839 34.059
134.161 33.937
146.833 34.063
159.302 34.007
171.862 33.998
184.296 33.991
197.006 33.953
46.533 46.619
59.041 46.566
71.701 46.644
84.113 46.607
96.736 46.433
109.243 46.486
121.829 46.534
134.263 46.443
146.775 46.578
159.227 46.632
171.880 46.557
184.350 46.572
196.937 46.532
209.430 46.582
33.999 59.167
46.599 59.063
59.015 59.034
71.680 59.111
84.133 59.045
96.682 59.108
109.200 59.102
121.936 59.014
134.183 59.096
146.898 59.163
159.198 59.075
171.867 59.077
184.356 59.157
196.974 59.115
209.429 59.063
221.976 59.030
34.047 71.729
46.607 71.678
59.092 71.747
71.589 71.636
84.090 71.677
96.643 71.681
109.236 71.678
121.839 71.693
134.313 71.715
146.798 71.727
159.294 71.707
171.901 71.726
184.389 71.706
196.905 71.697
209.392 71.682
222.038 71.681
21.371 84.038
34.053 84.087
46.582 84.122
59.059 84.081
71.587 84.134
84.057 84.132
96.730 84.115
109.146 84.129
121.805 84.123
134.166 84.051
146.753 84.047
159.208 84.062
172.035 84.037
184.298 84.122
196.909 84.096
209.342 84.161
221.968 84.060
234.566 84.116
21.675 96.717
34.037 96.720
46.641 96.740
59.012 96.762
71.670 96.710
84.046 96.767
96.657 96.704
109.251 96.668
121.853 96.744
134.203 96.664
146.850 96.683
159.332 96.689
171.889 96.712
184.334 96.685
196.945 96.823
209.440 96.681
221.942 96.718
234.530 96.651
21.521 109.241
34.046 109.183
46.612 109.151
59.023 109.132
71.679 109.114
84.072 109.181
96.725 109.265
109.139 109.130
121.776 109.157
134.191 109.129
146.877 109.184
159.286 109.191
171.920 109.099
184.305 109.169
196.947 109.138
209.383 109.213
221.951 109.133
234.533 109.134
8.985 121.839
21.584 121.789
33.997 121.892
46.576 121.777
59.114 121.820
71.687 121.796
84.181 121.803
96.749 121.777
109.107 121.804
121.832 121.801
134.245 121.825
146.905 121.856
159.278 121.835
171.821 121.790
184.353 121.837
197.009 121.878
209.345 121.820
221.966 121.756
234.598 121.737
247.021 121.671
9.023 134.234
21.438 134.226
34.033 134.130
46.586 134.290
59.081 134.208
71.656 134.296
84.110 134.250
96.754 134.207
109.160 134.225
121.742 134.285
134.197 134.270
146.908 134.195
159.309 134.228
171.831 134.188
184.336 134.329
197.006 134.200
209.365 134.249
221.964 134.197
234.515 134.202
247.052 134.194
21.627 146.808
34.104 146.943
46.608 146.791
58.988 146.860
71.671 146.788
84.093 146.869
96.780 146.835
109.218 146.938
121.711 146.829
134.215 146.853
146.915 146.824
159.240 146.822
171.833 146.799
184.261 146.797
197.000 146.898
209.368 146.746
221.944 146.946
234.473 146.838
21.565 159.303
34.037 159.289
46.589 159.281
59.027 159.285
71.693 159.256
84.146 159.220
96.693 159.269
109.178 159.257
121.704 159.333
134.173 159.306
146.865 159.212
159.335 159.329
171.913 159.236
184.340 159.295
196.976 159.253
209.418 159.273
221.969 159.185
234.377 159.339
21.485 171.920
33.978 171.917
46.596 171.880
58.984 171.891
71.580 171.896
84.111 171.840
96.770 171.905
109.142 171.970
121.765 171.961
134.198 171.940
146.892 171.863
159.283 171.994
171.866 171.888
184.278 171.917
196.944 171.943
209.411 171.921
222.002 171.963
234.528 171.944
33.968 184.323
46.638 184.318
59.083 184.316
71.660 184.459
84.093 184.376
96.766 184.344
109.202 184.376
121.776 184.380
134.258 184.369
146.916 184.328
159.352 184.379
171.892 184.436
184.329 184.477
196.917 184.432
209.448 184.444
222.008 184.426
34.024 196.969
46.590 196.985
59.065 196.946
71.683 196.988
84.092 197.021
96.756 196.937
109.161 196.859
121.780 196.964
134.169 196.994
146.928 197.008
159.333 196.912
171.972 196.979
184.249 196.943
196.986 197.012
209.331 196.978
221.966 196.940
46.709 209.429
59.041 209.474
71.692 209.391
84.124 209.386
96.699 209.381
109.175 209.255
121.712 209.472
134.271 209.470
146.869 209.430
159.392 209.500
171.968 209.406
184.337 209.378
196.942 209.398
209.421 209.377
59.004 221.965
71.625 222.007
84.037 221.904
96.714 221.980
109.221 221.890
121.869 221.916
134.198 221.946
146.758 221.964
159.318 222.010
171.948 221.905
184.344 221.963
196.905 221.907
84.088 234.431
96.649 234.429
109.240 234.467
121.784 234.435
134.268 234.424
146.859 234.482
159.327 234.392
171.859 234.383
121.803 247.012
134.263 247.038
