122.250 9.750
134.750 9.750
84.750 22.250
97.250 22.250
109.750 22.250
122.250 22.250
134.750 22.250
147.250 22.250
159.750 22.250
172.250 22.250
59.750 34.750
72.250 34.750
84.750 34.750
97.250 34.750
109.750 34.750
122.250 34.750
134.750 34.750
147.250 34.750
159.750 34.750
172.250 34.750
184.750 34.750
197.250 34.750
47.250 47.250
59.750 47.250
72.250 47.250
84.750 47.250
97.250 47.250
109.750 47.250
122.250 47.250
134.750 47.250
147.250 47.250
159.750 47.250
172.250 47.250
184.750 47.250
197.250 47.250
209.750 47.250
34.750 59.750
47.250 59.750
59.750 59.750
72.250 59.750
84.750 59.750
97.250 59.750
109.750 59.750
122.250 59.750
134.750 59.750
147.250 59.750
159.750 59.750
172.250 59.750
184.750 59.750
197.250 59.750
209.750 59.750
222.250 59.750
34.750 72.250
47.250 72.250
59.750 72.250
72.250 72.250
84.750 72.250
97.250 72.250
109.750 72.250
122.250 72.250
134.750 72.250
147.250 72.250
159.750 72.250
172.250 72.250
184.750 72.250
197.250 72.250
209.750 72.250
222.250 72.250
22.250 84.750
34.750 84.750
47.250 84.750
59.750 84.750
72.250 84.750
84.750 84.750
97.250 84.750
109.750 84.750
122.250 84.750
134.750 84.750
147.250 84.750
159.750 84.750
172.250 84.750
184.750 84.750
197.250 84.750
209.750 84.750
222.250 84.750
234.750 84.750
22.250 97.250
34.750 97.250
47.250 97.250
59.750 97.250
72.250 97.250
84.750 97.250
97.250 97.250
109.750 97.250
122.250 97.250
134.750 97.250
147.250 97.250
159.750 97.250
172.250 97.250
184.750 97.250
197.250 97.250
209.750 97.250
222.250 97.250
234.750 97.250
22.250 109.750
34.750 109.750
47.250 109.750
59.750 109.750
72.250 109.750
84.750 109.750
97.250 109.750
109.750 109.750
122.250 109.750
134.750 109.750
147.250 109.750
159.750 109.750
172.250 109.750
184.750 109.750
197.250 109.750
209.750 109.750
222.250 109.750
234.750 109.750
9.750 122.250
22.250 122.250
34.750 122.250
47.250 122.250
59.750 122.250
72.250 122.250
84.750 122.250
97.250 122.250
109.750 122.250
122.250 122.250
134.750 122.250
147.250 122.250
159.750 122.250
172.250 122.250
184.750 122.250
197.250 122.250
209.750 122.250
222.250 122.250
234.750 122.250
247.250 122.250
9.750 134.750
22.250 134.750
34.750 134.750
47.250 134.750
59.750 134.750
72.250 134.750
84.750 134.750
97.250 134.750
109.750 134.750
122.250 134.750
134.750 134.750
147.250 134.750
159.750 134.750
172.250 134.750
184.750 134.750
197.250 134.750
209.750 134.750
222.250 134.750
234.750 134.750
247.250 134.750
22.250 147.250
34.750 147.250
47.250 147.250
59.750 147.250
72.250 147.250
84.750 147.250
97.250 147.250
109.750 147.250
122.250 147.250
134.750 147.250
147.250 147.250
159.750 147.250
172.250 147.250
184.750 147.250
197.250 147.250
209.750 147.250
222.250 147.250
234.750 147.250
22.250 159.750
34.750 159.750
47.250 159.750
59.750 159.750
72.250 159.750
84.750 159.750
97.250 159.750
109.750 159.750
122.250 159.750
134.750 159.750
147.250 159.750
159.750 159.750
172.250 159.750
184.750 159.750
197.250 159.750
209.750 159.750
222.250 159.750
234.750 159.750
22.250 172.250
34.750 172.250
47.250 172.250
59.750 172.250
72.250 172.250
84.750 172.250
97.250 172.250
109.750 172.250
122.250 172.250
134.750 172.250
147.250 172.250
159.750 172.250
172.250 172.250
184.750 172.250
197.250 172.250
209.750 172.250
222.250 172.250
234.750 172.250
34.750 184.750
47.250 184.750
59.750 184.750
72.250 184.750
84.750 184.750
97.250 184.750
109.750 184.750
122.250 184.750
134.750 184.750
147.250 184.750
159.750 184.750
172.250 184.750
184.750 184.750
197.250 184.750
209.750 184.750
222.250 184.750
34.750 197.250
47.250 197.250
59.750 197.250
72.250 197.250
84.750 197.250
97.250 197.250
109.750 197.250
122.250 197.250
134.750 197.250
147.250 197.250
159.750 197.250
172.250 197.250
184.750 197.250
197.250 197.250
209.750 197.250
222.250 197.250
47.250 209.750
59.750 209.750
72.250 209.750
84.750 209.750
97.250 209.750
109.750 209.750
122.250 209.750
134.750 209.750
147.250 209.750
159.750 209.750
172.250 209.750
184.750 209.750
197.250 209.750
209.750 209.750
59.750 222.250
72.250 222.250
84.750 222.250
97.250 222.250
109.750 222.250
122.250 222.250
134.750 222.250
147.250 222.250
159.750 222.250
172.250 222.250
184.750 222.250
197.250 222.250
84.750 234.750
97.250 234.750
109.750 234.750
122.250 234.750
134.750 234.750
147.250 234.750
159.750 234.750
172.250 234.750
122.250 247.250
134.750 247.250
