100.728 18.930
109.835 18.913
118.911 18.850
128.033 18.948
137.094 18.985
146.141 18.921
155.285 18.906
82.578 28.040
91.681 28.019
100.783 28.027
109.885 27.970
118.971 28.071
127.978 28.033
137.066 28.009
146.223 28.009
155.262 27.967
164.257 27.969
173.436 27.967
64.302 37.104
73.428 37.093
82.566 37.099
91.661 37.114
100.715 37.066
109.836 37.041
118.895 37.093
128.046 37.065
137.094 37.134
146.164 37.067
155.261 37.045
164.295 37.082
173.349 37.047
182.540 37.101
191.673 37.119
55.315 46.169
64.362 46.158
73.436 46.129
82.537 46.187
91.621 46.151
100.728 46.189
109.916 46.109
118.932 46.179
127.989 46.155
137.084 46.128
146.168 46.173
155.260 46.138
164.251 46.176
173.400 46.106
182.580 46.217
191.661 46.223
200.792 46.103
46.213 55.234
55.270 55.258
64.283 55.271
73.469 55.254
82.580 55.230
91.720 55.142
100.751 55.213
109.887 55.266
118.953 55.184
127.995 55.240
137.035 55.270
146.232 55.248
155.222 55.301
164.300 55.174
173.323 55.276
182.556 55.278
191.656 55.250
200.715 55.209
209.860 55.264
37.037 64.276
46.108 64.291
55.231 64.364
64.351 64.335
73.398 64.288
82.624 64.323
91.670 64.292
100.800 64.314
109.821 64.267
118.965 64.235
127.954 64.364
137.059 64.356
146.166 64.352
155.253 64.372
164.336 64.357
173.461 64.338
182.619 64.317
191.660 64.305
200.749 64.368
209.819 64.388
218.864 64.341
37.076 73.480
46.197 73.432
55.274 73.397
64.332 73.448
73.419 73.445
82.583 73.431
91.686 73.435
100.797 73.365
109.888 73.429
118.850 73.391
127.987 73.390
137.071 73.412
146.131 73.377
155.266 73.386
164.380 73.442
173.430 73.466
182.561 73.464
191.652 73.420
200.829 73.430
209.808 73.359
218.934 73.390
27.950 82.610
37.036 82.607
46.186 82.590
55.275 82.625
64.290 82.606
73.457 82.595
82.635 82.526
91.654 82.581
100.766 82.639
109.767 82.647
118.875 82.597
128.008 82.553
137.095 82.571
146.216 82.637
155.225 82.620
164.388 82.586
173.496 82.446
182.634 82.555
191.644 82.617
200.762 82.637
209.844 82.664
218.954 82.604
228.025 82.644
28.041 91.713
37.100 91.685
46.218 91.759
55.238 91.702
64.366 91.718
73.490 91.679
82.617 91.623
91.730 91.687
100.723 91.657
109.880 91.699
118.961 91.622
128.047 91.638
137.019 91.682
146.141 91.653
155.263 91.643
164.336 91.623
173.390 91.688
182.478 91.647
191.629 91.632
200.669 91.613
209.839 91.723
218.922 91.607
228.022 91.773
18.893 100.694
28.004 100.746
37.036 100.717
46.162 100.781
55.267 100.756
64.346 100.720
73.359 100.790
82.590 100.742
91.630 100.745
100.780 100.785
109.803 100.728
118.908 100.733
128.021 100.734
137.041 100.769
146.228 100.717
155.275 100.784
164.357 100.749
173.406 100.673
182.621 100.726
191.694 100.751
200.847 100.779
209.802 100.776
218.944 100.742
227.960 100.745
237.062 100.735
18.954 109.882
27.986 109.804
37.083 109.845
46.194 109.832
55.195 109.827
64.324 109.781
73.371 109.878
82.548 109.887
91.659 109.836
100.739 109.793
109.804 109.844
118.881 109.851
127.940 109.811
137.100 109.804
146.149 109.833
155.247 109.834
164.305 109.858
173.414 109.882
182.610 109.829
191.689 109.820
200.789 109.812
209.815 109.910
218.925 109.908
228.064 109.785
237.042 109.815
18.892 118.953
28.013 118.920
37.017 118.943
46.104 118.977
55.243 118.902
64.319 118.886
73.462 118.886
82.470 118.903
91.705 118.937
100.675 118.933
109.887 118.850
118.939 118.949
127.988 118.933
137.080 118.942
146.231 118.944
155.283 118.956
164.310 118.881
173.438 118.891
182.632 118.951
191.641 118.981
200.769 118.957
209.817 118.914
218.948 118.883
228.009 118.950
237.072 118.885
18.856 127.980
28.001 127.931
37.131 128.007
46.213 127.989
55.298 128.005
64.311 128.013
73.382 127.967
82.602 128.000
91.662 128.033
100.767 127.999
109.880 128.032
118.851 128.042
127.988 128.025
137.099 127.997
146.123 127.979
155.242 128.026
164.330 127.970
173.460 128.035
182.658 128.001
191.628 128.023
200.709 128.104
209.867 127.958
218.917 127.928
228.004 127.997
237.089 128.013
19.012 137.058
28.016 137.068
37.047 137.048
46.144 137.052
55.221 137.107
64.367 137.091
73.417 137.155
82.587 137.089
91.609 137.067
100.793 137.134
109.847 137.118
118.939 137.065
127.951 137.140
137.124 137.094
146.134 137.043
155.246 137.096
164.362 137.119
173.423 137.066
182.641 137.049
191.663 137.037
200.785 137.123
209.879 137.055
218.866 137.100
227.999 137.057
237.105 137.022
19.049 146.216
27.944 146.212
37.065 146.092
46.134 146.123
55.268 146.172
64.306 146.179
73.435 146.101
82.566 146.146
91.651 146.065
100.810 146.114
109.897 146.138
118.874 146.159
127.985 146.191
137.165 146.143
146.188 146.168
155.247 146.126
164.326 146.189
173.609 146.150
182.555 146.200
191.698 146.179
200.791 146.143
209.842 146.213
218.904 146.184
228.012 146.199
237.093 146.217
18.987 155.303
27.967 155.353
37.131 155.287
46.101 155.251
55.175 155.310
64.285 155.290
73.364 155.241
82.548 155.263
91.649 155.168
100.744 155.236
109.809 155.202
118.967 155.207
127.990 155.309
137.100 155.261
146.141 155.215
155.271 155.247
164.328 155.216
173.409 155.219
182.544 155.245
191.603 155.172
200.804 155.290
209.782 155.267
218.865 155.266
228.029 155.182
237.093 155.301
27.960 164.339
37.036 164.388
46.162 164.313
55.257 164.349
64.340 164.344
73.405 164.363
82.506 164.365
91.728 164.350
100.762 164.359
109.813 164.349
118.962 164.370
127.961 164.348
136.978 164.285
146.164 164.353
155.299 164.365
164.390 164.325
173.395 164.331
182.699 164.274
191.694 164.413
200.712 164.326
209.782 164.312
218.909 164.294
228.060 164.332
28.047 173.448
37.141 173.447
46.162 173.409
55.231 173.369
64.264 173.381
73.445 173.405
82.468 173.432
91.605 173.408
100.728 173.430
109.802 173.402
118.887 173.440
128.015 173.446
137.101 173.426
146.157 173.359
155.193 173.344
164.330 173.518
173.396 173.471
182.582 173.383
191.656 173.544
200.689 173.373
209.872 173.441
218.943 173.513
227.996 173.395
37.108 182.447
46.116 182.632
55.221 182.563
64.339 182.574
73.374 182.643
82.494 182.584
91.651 182.475
100.764 182.514
109.813 182.577
118.962 182.570
127.973 182.559
137.018 182.641
146.175 182.600
155.177 182.627
164.315 182.480
173.413 182.588
182.549 182.601
191.615 182.540
200.809 182.562
209.807 182.561
218.967 182.613
37.155 191.648
46.123 191.616
55.280 191.664
64.372 191.639
73.443 191.709
82.553 191.642
91.669 191.706
100.768 191.748
109.883 191.657
118.945 191.629
127.974 191.748
137.093 191.631
146.138 191.693
155.230 191.636
164.293 191.676
173.496 191.664
182.556 191.651
191.729 191.682
200.740 191.628
209.833 191.729
218.913 191.696
46.153 200.742
55.243 200.743
64.372 200.775
73.432 200.735
82.616 200.717
91.701 200.783
100.771 200.724
109.848 200.779
118.919 200.790
128.015 200.706
137.128 200.788
146.047 200.786
155.244 200.715
164.336 200.755
173.392 200.751
182.591 200.781
191.639 200.761
200.831 200.862
209.863 200.817
55.192 209.808
64.284 209.826
73.438 209.885
82.631 209.890
91.687 209.769
100.796 209.865
109.810 209.855
118.907 209.828
128.009 209.824
137.097 209.806
146.119 209.967
155.244 209.841
164.400 209.863
173.420 209.866
182.648 209.809
191.715 209.882
200.740 209.941
64.317 218.923
73.408 218.892
82.570 218.907
91.650 218.957
100.736 218.906
109.799 218.898
118.917 218.871
128.022 218.957
137.123 218.975
146.177 218.921
155.278 218.894
164.329 218.946
173.456 218.881
182.691 218.845
191.672 218.946
82.599 228.026
91.700 228.009
100.698 228.032
109.758 228.029
118.882 227.980
128.009 227.949
137.046 228.040
146.180 228.031
155.273 227.990
164.228 227.970
173.485 228.041
100.715 237.097
109.869 237.097
118.939 237.061
127.954 237.063
137.112 237.083
146.194 237.087
155.243 237.049
