100.786 18.910
109.809 18.880
118.916 18.899
127.995 18.938
137.037 18.947
146.074 18.944
155.251 18.897
82.660 28.026
91.689 27.966
100.749 28.032
109.805 27.997
118.913 28.018
128.060 28.025
137.046 28.045
146.147 28.002
155.255 27.995
164.282 28.003
173.362 27.995
64.299 37.108
73.394 37.128
82.458 37.141
91.711 36.975
100.700 37.088
109.820 37.057
118.888 37.092
127.988 37.062
137.040 37.136
146.156 37.093
155.185 37.090
164.374 37.017
173.511 37.097
182.505 37.119
191.702 37.078
55.261 46.233
64.342 46.119
73.406 46.145
82.532 46.110
91.725 46.203
100.770 46.199
109.917 46.134
118.929 46.184
127.995 46.150
137.023 46.151
146.137 46.189
155.239 46.129
164.309 46.167
173.380 46.165
182.621 46.179
191.643 46.185
200.808 46.044
46.148 55.274
55.271 55.210
64.368 55.326
73.410 55.311
82.541 55.160
91.623 55.212
100.726 55.227
109.806 55.256
118.895 55.229
128.013 55.254
137.093 55.177
146.101 55.252
155.282 55.309
164.343 55.247
173.429 55.208
182.610 55.228
191.608 55.206
200.799 55.184
209.851 55.241
37.054 64.317
46.123 64.384
55.186 64.338
64.313 64.332
73.454 64.401
82.587 64.345
91.685 64.417
100.754 64.377
109.877 64.292
118.924 64.314
128.070 64.319
137.099 64.335
146.106 64.350
155.274 64.273
164.324 64.353
173.354 64.350
182.526 64.287
191.615 64.345
200.740 64.320
209.829 64.300
218.878 64.287
37.080 73.391
46.128 73.386
55.191 73.385
64.369 73.344
73.472 73.427
82.565 73.387
91.624 73.491
100.741 73.453
109.780 73.415
118.866 73.522
128.027 73.486
137.012 73.392
146.172 73.414
155.168 73.393
164.309 73.409
173.392 73.599
182.557 73.535
191.748 73.412
200.787 73.436
209.844 73.399
218.935 73.397
28.029 82.644
37.080 82.627
46.177 82.549
55.141 82.626
64.345 82.562
73.406 82.587
82.566 82.470
91.705 82.600
100.713 82.597
109.854 82.600
118.897 82.583
128.040 82.599
137.085 82.620
146.116 82.597
155.227 82.646
164.359 82.578
173.329 82.585
182.580 82.569
191.623 82.568
200.710 82.580
209.811 82.613
218.893 82.574
228.055 82.593
27.925 91.658
37.129 91.653
46.148 91.726
55.236 91.662
64.369 91.660
73.402 91.753
82.567 91.679
91.679 91.693
100.793 91.678
109.866 91.630
118.900 91.655
127.917 91.645
137.063 91.628
146.185 91.634
155.229 91.705
164.345 91.670
173.393 91.676
182.576 91.675
191.655 91.608
200.700 91.637
209.816 91.672
218.902 91.716
227.991 91.706
18.896 100.760
28.032 100.726
37.094 100.709
46.195 100.729
55.299 100.637
64.487 100.803
73.426 100.739
82.471 100.746
91.724 100.738
100.795 100.784
109.789 100.706
118.908 100.757
128.036 100.747
137.121 100.738
146.135 100.803
155.287 100.756
164.353 100.732
173.429 100.831
182.561 100.765
191.678 100.727
200.750 100.777
209.753 100.716
218.931 100.765
228.028 100.680
237.099 100.689
18.958 109.794
28.030 109.849
37.044 109.795
46.145 109.783
55.239 109.790
64.357 109.873
73.404 109.767
82.570 109.785
91.646 109.847
100.808 109.812
109.822 109.810
118.926 109.828
127.995 109.838
137.072 109.774
146.161 109.917
155.214 109.838
164.373 109.882
173.474 109.782
182.579 109.731
191.699 109.790
200.708 109.872
209.853 109.807
218.907 109.865
227.939 109.876
237.136 109.817
18.969 118.845
28.057 118.933
37.024 118.992
46.228 118.989
55.219 118.898
64.354 118.894
73.428 118.878
82.477 118.978
91.686 118.935
100.738 118.982
109.855 118.916
118.914 118.854
128.014 118.901
137.078 118.860
146.216 118.904
155.224 118.933
164.333 118.869
173.410 118.914
182.651 118.972
191.642 118.935
200.743 118.924
209.807 118.931
218.900 118.947
228.020 118.924
237.067 118.941
18.993 127.970
28.007 127.988
37.071 127.940
46.116 128.018
55.245 128.043
64.329 128.017
73.413 128.029
82.580 128.085
91.652 127.984
100.746 127.925
109.792 127.982
119.045 127.980
128.027 127.993
137.040 128.020
146.166 127.999
155.255 127.902
164.360 128.019
173.524 128.062
182.598 128.068
191.642 127.985
200.724 127.999
209.829 128.022
218.911 128.017
228.024 127.977
237.110 128.027
18.911 137.095
27.954 137.110
37.069 137.067
46.201 137.042
55.212 137.093
64.322 136.981
73.405 137.068
82.556 137.031
91.717 137.095
100.798 137.154
109.825 136.966
118.874 137.126
127.983 137.050
137.077 137.095
146.135 137.091
155.247 137.098
164.319 137.123
173.418 137.041
182.574 137.153
191.708 137.132
200.771 137.087
209.804 137.064
218.937 137.051
227.987 137.049
237.089 137.124
18.910 146.221
28.075 146.168
37.131 146.201
46.150 146.149
55.277 146.140
64.294 146.171
73.437 146.208
82.480 146.207
91.654 146.147
100.715 146.191
109.822 146.121
118.972 146.198
127.969 146.116
137.013 146.215
146.180 146.164
155.162 146.202
164.427 146.123
173.349 146.191
182.576 146.175
191.708 146.165
200.702 146.179
209.902 146.143
218.894 146.242
227.988 146.186
237.019 146.151
18.921 155.278
28.036 155.209
37.069 155.244
46.234 155.312
55.322 155.282
64.320 155.272
73.418 155.305
82.616 155.201
91.815 155.281
100.686 155.245
109.863 155.257
118.922 155.237
128.015 155.284
137.087 155.243
146.149 155.230
155.320 155.232
164.301 155.241
173.424 155.204
182.557 155.230
191.724 155.247
200.816 155.198
209.819 155.214
218.934 155.274
227.972 155.332
237.072 155.263
28.040 164.302
37.093 164.323
46.153 164.397
55.268 164.347
64.352 164.358
73.474 164.329
82.570 164.315
91.602 164.354
100.756 164.366
109.815 164.354
118.927 164.247
127.981 164.319
137.082 164.299
146.188 164.350
155.312 164.316
164.286 164.354
173.416 164.318
182.586 164.208
191.693 164.315
200.770 164.342
209.835 164.319
218.907 164.314
227.971 164.343
27.991 173.482
37.010 173.426
46.187 173.449
55.208 173.398
64.280 173.485
73.432 173.445
82.559 173.362
91.706 173.466
100.750 173.350
109.854 173.468
118.862 173.398
127.962 173.481
137.148 173.346
146.182 173.446
155.306 173.478
164.320 173.532
173.420 173.461
182.560 173.383
191.638 173.548
200.741 173.437
209.800 173.459
218.977 173.328
228.005 173.426
37.086 182.595
46.225 182.599
55.251 182.683
64.342 182.565
73.450 182.615
82.504 182.562
91.752 182.572
100.735 182.572
109.778 182.641
118.888 182.519
128.027 182.509
137.121 182.561
146.097 182.552
155.330 182.550
164.330 182.605
173.406 182.587
182.634 182.558
191.726 182.479
200.829 182.619
209.825 182.598
218.890 182.519
37.154 191.702
46.138 191.676
55.283 191.583
64.322 191.750
73.510 191.731
82.635 191.801
91.665 191.627
100.766 191.696
109.846 191.788
118.908 191.650
128.021 191.659
137.094 191.692
146.160 191.699
155.287 191.685
164.272 191.661
173.420 191.661
182.554 191.690
191.683 191.667
200.787 191.672
209.892 191.703
218.962 191.649
46.188 200.717
55.251 200.744
64.363 200.706
73.406 200.790
82.598 200.839
91.714 200.739
100.772 200.741
109.899 200.719
118.899 200.720
128.046 200.775
137.106 200.741
146.162 200.730
155.234 200.724
164.293 200.739
173.477 200.715
182.446 200.745
191.632 200.758
200.799 200.698
209.891 200.773
55.206 209.844
64.310 209.874
73.412 209.889
82.519 209.806
91.706 209.755
100.743 209.857
109.830 209.800
118.900 209.840
127.959 209.810
137.185 209.795
146.137 209.811
155.344 209.776
164.328 209.896
173.424 209.839
182.572 209.837
191.749 209.877
200.787 209.815
64.286 218.914
73.414 218.876
82.637 219.015
91.713 218.965
100.703 218.934
109.821 218.913
118.885 218.903
128.049 218.958
137.138 218.968
146.145 218.947
155.274 218.934
164.385 218.879
173.298 218.941
182.605 218.917
191.697 218.809
82.584 228.008
91.639 227.924
100.820 228.047
109.815 227.992
119.025 228.034
127.956 228.004
137.069 227.943
146.187 228.040
155.252 228.036
164.336 228.074
173.538 227.955
100.784 237.002
109.824 237.091
118.873 237.063
127.999 237.074
137.100 237.131
146.201 237.088
155.199 237.060
