122.073 9.777
134.568 9.679
84.574 22.100
97.167 22.114
109.810 22.110
122.209 22.123
134.720 22.107
147.208 22.157
159.716 22.113
172.029 22.106
59.780 34.702
72.141 34.669
84.714 34.751
97.171 34.704
109.857 34.616
122.072 34.753
134.774 34.786
147.217 34.724
159.629 34.541
172.187 34.741
184.739 34.712
197.091 34.734
47.247 47.090
59.766 47.128
72.147 47.130
84.749 47.223
97.166 47.199
109.596 47.122
122.182 47.153
134.672 47.040
147.092 47.069
159.855 47.157
172.083 47.150
184.626 47.049
197.131 47.115
209.704 47.195
34.769 59.642
47.161 59.702
59.790 59.756
72.148 59.700
84.865 59.778
97.070 59.720
109.515 59.716
122.166 59.724
134.707 59.619
147.026 59.955
159.548 59.814
172.114 59.805
184.734 59.755
197.086 59.777
209.780 59.716
222.111 59.754
34.838 72.049
47.132 72.165
59.773 72.121
72.076 71.936
84.659 72.137
97.184 72.123
109.829 72.122
122.097 72.171
134.755 72.079
147.180 72.146
159.754 72.077
172.164 72.175
184.737 72.231
197.066 72.092
209.759 72.129
222.157 72.138
22.135 84.647
34.753 84.642
47.157 84.797
59.553 84.706
72.147 84.731
84.529 84.624
97.163 84.589
109.801 84.676
122.096 84.758
134.736 84.505
147.128 84.806
159.715 84.802
172.175 84.843
184.762 84.774
197.161 84.792
209.578 84.755
222.181 84.784
234.515 84.820
22.137 97.097
34.662 97.162
47.165 97.167
59.810 97.013
72.117 97.132
84.726 97.216
97.147 97.119
109.783 97.214
122.116 97.215
134.786 97.222
147.163 97.110
159.792 97.132
172.084 97.166
184.744 97.141
197.206 97.122
209.724 97.089
222.112 97.157
234.823 97.154
22.119 109.785
34.705 109.787
47.203 109.768
59.747 109.696
72.252 109.712
84.717 109.801
97.179 109.756
109.711 109.758
122.138 109.712
134.621 109.762
147.119 109.902
159.723 109.810
172.110 109.836
184.753 109.835
197.278 109.813
209.711 109.817
222.248 109.779
234.808 109.796
9.617 122.106
22.036 122.178
34.712 122.168
47.132 122.091
59.825 122.063
72.028 122.090
84.754 122.127
97.194 122.203
109.664 122.224
122.109 122.129
134.735 122.259
147.120 122.069
159.752 122.255
172.234 122.187
184.717 122.120
197.169 122.123
209.564 122.091
222.182 122.130
234.687 122.195
247.169 122.147
9.790 134.758
22.101 134.756
34.614 134.694
47.157 134.783
59.719 134.669
72.115 134.697
84.682 134.785
97.246 134.641
109.712 134.814
122.127 134.799
134.741 134.759
147.176 134.585
159.694 134.806
172.206 134.788
184.723 134.828
197.164 134.792
209.792 134.815
222.230 134.757
234.712 134.906
247.037 134.791
22.152 147.187
34.746 147.220
47.194 147.093
59.891 147.179
72.153 147.123
84.714 147.167
97.203 147.133
109.721 147.233
122.116 147.210
134.794 147.238
147.099 147.088
159.696 147.162
172.124 147.157
184.546 147.155
197.232 147.103
209.871 147.188
222.088 147.159
234.707 147.247
22.145 159.798
34.787 159.705
47.065 159.760
59.759 159.748
72.150 159.785
84.790 159.735
97.230 159.731
109.786 159.608
122.211 159.765
134.711 159.761
147.144 159.661
159.718 159.852
172.145 159.745
184.831 159.800
197.097 159.733
209.734 159.735
222.077 159.793
234.868 159.719
22.217 172.258
34.820 172.022
47.065 172.180
59.825 172.119
72.272 172.158
84.786 172.233
97.080 172.125
109.858 172.161
122.149 172.179
134.777 172.175
147.136 172.107
159.664 172.109
172.134 172.137
184.796 172.152
197.251 172.253
209.842 172.178
222.127 172.148
234.793 172.243
34.840 184.845
47.179 184.786
59.811 184.811
72.182 184.834
84.787 184.828
97.170 184.854
109.741 184.841
122.088 184.783
134.864 184.824
147.166 184.869
159.951 184.537
172.193 184.777
184.799 184.816
197.183 184.821
209.724 184.644
222.155 184.800
34.809 197.200
47.195 197.126
59.734 197.112
72.188 197.246
84.753 197.288
97.209 197.236
109.744 197.242
122.177 197.165
134.827 197.186
147.201 197.030
159.833 197.215
172.238 197.201
184.757 197.202
197.159 197.165
209.702 197.235
222.219 197.188
47.167 209.672
59.709 209.871
72.176 209.834
84.773 209.781
97.135 209.805
109.752 209.813
122.177 209.624
134.738 209.763
147.127 209.859
159.585 209.727
172.171 209.642
184.866 209.733
197.151 209.814
209.862 209.774
59.742 222.200
72.139 222.193
84.762 222.172
97.155 222.200
109.783 222.202
122.147 222.261
134.799 222.309
147.187 222.235
159.795 222.281
172.181 222.279
184.599 222.253
197.121 222.265
84.728 234.650
97.191 234.909
109.742 234.736
122.111 234.889
134.744 234.780
147.174 234.832
159.736 234.588
172.184 234.832
122.060 247.129
134.801 247.164
